 
su_cost	sd_cost	prod_cost	cr⁺	cr⁻	𝜟pd	𝜟pw
11700.0	0.0	543054.2430476889	498.1423734742956	4.461139101827931	0.0	45.682455556668785
 
δf
0.2863524187225288	0.5
0.2863524187225288	0.5
0.2863524187225288	0.5
0.2863524187225288	0.5
0.2863524187225288	0.5
0.2863524187225288	0.5
0.2863524187225288	0.5
0.2863524187225288	0.5
0.2863524187225288	0.5
0.2863524187225288	0.5
0.2863524187225288	0.5
0.2863524187225288	0.5
0.2863524187225288	0.5
0.2863524187225288	0.5
0.2863524187225288	0.5
0.2863524187225288	0.5
0.2863524187225288	0.5
0.2863524187225288	0.5
0.2863524187225288	0.5
0.2863524187225288	0.5
0.2863524187225288	0.5
0.2863524187225288	0.5
0.2863524187225288	0.5
0.2863524187225288	0.5
 
rhs_fcr
 
0.1875	0.1875	0.1875	0.1875	0.1875	0.1875	0.1875	0.1875	0.1875	0.1875	0.1875	0.1875	0.1875	0.1875	0.1875	0.1875	0.1875	0.1875	0.1875	0.1875	0.1875	0.1875	0.1875	0.1875
0.19792	0.19792	0.19792	0.19792	0.19792	0.19792	0.19792	0.19792	0.19792	0.19792	0.19792	0.19792	0.19792	0.19792	0.19792	0.19792	0.19792	0.19792	0.19792	0.19792	0.19792	0.19792	0.19792	0.19792
0.20417	0.20417	0.20417	0.20417	0.20417	0.20417	0.20417	0.20417	0.20417	0.20417	0.20417	0.20417	0.20417	0.20417	0.20417	0.20417	0.20417	0.20417	0.20417	0.20417	0.20417	0.20417	0.20417	0.20417
list 1: units stutup/down states
1.0	1.0	1.0	1.0	1.0	1.0	1.0	1.0	1.0	1.0	1.0	1.0	1.0	1.0	1.0	1.0	1.0	1.0	1.0	1.0	1.0	1.0	1.0	1.0
1.0	1.0	1.0	1.0	1.0	1.0	1.0	1.0	1.0	1.0	1.0	1.0	1.0	1.0	1.0	1.0	1.0	1.0	1.0	1.0	1.0	1.0	1.0	1.0
1.0	1.0	1.0	1.0	1.0	1.0	1.0	1.0	1.0	1.0	1.0	1.0	1.0	1.0	1.0	1.0	1.0	1.0	1.0	1.0	1.0	1.0	1.0	1.0
 
list 2: units dispatching power in scenario NO.1
0.9113922584871711	0.9	0.9	0.9	0.9	0.9	0.9	0.9949464351408115	0.9146336706036001	0.9144649450010004	1.1996375883908976	1.242935145446836	1.0336148583014388	1.2673010558713893	1.1265185370332327	0.914827817697665	0.9	0.9	0.9	0.9123467742380597	0.9126925816291214	0.9146233538212173	0.9146533751459708	0.9128822091350834
0.1	0.1	0.1	0.1	0.1	0.1	0.1	0.1	0.1	0.1	0.1	0.1	0.1	0.1	0.1	0.1	0.1	0.1	0.1	0.1	0.1	0.1	0.1	0.1
0.1	0.1	0.1	0.1	0.1	0.1	0.1	0.1	0.1	0.1	0.1	0.1	0.1	0.1	0.1	0.1	0.1	0.1	0.1	0.1	0.1	0.1	0.1	0.1
 
list 3: spolied wind power
0.7505262071709786	0.0	0.0	0.0	0.1514247019775426	0.01569685358053211	0.020715565219590865	0.0	0.0	0.0	0.0	0.0	0.0	0.0	0.0	0.09019860835867549	0.0	0.0	0.012555957625561831	0.0	0.0	0.0	0.0	0.5042187494696083
0.0	0.003981744556603717	0.24432932144538017	0.289858835432946	0.0	0.0	0.0	0.0	0.2017160850051918	0.02224494900501442	0.0	0.0	0.0	0.0	0.0	0.0	0.2196631781687034	0.0	0.0	0.7559437264749347	0.8879190981147831	0.24863863869035546	0.3876539590271555	0.0
 
list 4: forced load curtailments
0.0	0.0	0.0	0.0	0.0	0.0	0.0	0.0	0.0	0.0	0.0	0.0	0.0	0.0	0.0	0.0	0.0	0.0	0.0	0.0	0.0	0.0	0.0	0.0
0.0	0.0	0.0	0.0	0.0	0.0	0.0	0.0	0.0	0.0	0.0	0.0	0.0	0.0	0.0	0.0	0.0	0.0	0.0	0.0	0.0	0.0	0.0	0.0
0.0	0.0	0.0	0.0	0.0	0.0	0.0	0.0	0.0	0.0	0.0	0.0	0.0	0.0	0.0	0.0	0.0	0.0	0.0	0.0	0.0	0.0	0.0	0.0
 
list 5: pss charge state
-0.0	1.0	1.0	1.0	1.0	1.0	1.0	-0.0	-0.0	-0.0	-0.0	-0.0	-0.0	-0.0	-0.0	-0.0	1.0	1.0	1.0	-0.0	-0.0	-0.0	-0.0	-0.0
 
list 6: pss discharge state
1.0	0.0	0.0	0.0	0.0	0.0	0.0	1.0	1.0	1.0	1.0	1.0	1.0	1.0	1.0	1.0	0.0	0.0	0.0	1.0	1.0	1.0	1.0	1.0
 
list 7: pss charge power
0.0	0.5503031250732597	0.12003297102752847	0.2232417774732048	0.1141131508016044	0.02311961160143036	0.02801289343473687	0.0	0.0	0.0	0.0	0.0	0.0	0.0	0.0	0.0	0.04580660607508648	0.3551211940095489	0.32848396462124696	0.0	0.0	0.0	0.0	0.0
 
list 8: pss discharge power
0.1	0.0	0.0	0.0	0.0	0.0	0.0	0.1	0.1	0.1	0.1	0.1	0.1	0.1	0.1	0.1	0.0	0.0	0.0	0.1	0.1	0.1	0.1	0.1
 
list 9: pss strored energy
0.1	0.5677576563122708	0.66978568168567	0.8595411925378941	0.9565373707192578	0.9761890405804736	1.0	0.9	0.8	0.7	0.6	0.5	0.4	0.3	0.2	0.1	0.13893561516382352	0.4407886300719401	0.72	0.62	0.52	0.42000000000000004	0.32000000000000006	0.22000000000000003
 
list 10: sr⁺
0.071745	0.1	0.1	0.1	0.1	0.1	0.95844	0.039375	0.039375	0.039375	0.039375	0.039375	0.039375	0.039375	0.039375	0.039375	0.1	0.1	0.1	0.91556	0.91556	0.039375	0.91556	0.91556
0.86763	0.9	0.9	0.9	0.9	0.9	0.041563	0.86062	0.86063	0.86063	0.86062	0.86062	0.86062	0.86063	0.86063	0.86062	0.9	0.9	0.9	0.041563	0.041563	0.86063	0.041563	0.041563
0.060625	0.1	0.1	0.1	0.1	0.1	0.1	0.1	0.1	0.1	0.1	0.1	0.1	0.1	0.1	0.1	0.1	0.1	0.1	0.042875	0.042875	0.1	0.042875	0.042875
 
list 11: sr⁻
0.011392258487170952	0.0	0.0	0.0	0.0	0.0	0.0	0.014922263391214798	0.014633670603600395	0.014464945001001005	0.01687711560290228	0.016839516213638293	0.01679104628542464	0.016597174736032155	0.016803520365741693	0.014827817697665256	0.0	0.0	0.0	0.01234677423805922	0.012692581629121418	0.014623353821217287	0.014653375145970298	0.01288220913508363
0.0	0.0	0.0	0.0	0.0	0.0	0.0	0.0	0.0	0.0	0.0	0.0	0.0	0.0	0.0	0.0	0.0	0.0	0.0	0.0	0.0	0.0	0.0	0.0
0.0	0.0	0.0	0.0	0.0	0.0	0.0	0.0	0.0	0.0	0.0	0.0	0.0	0.0	0.0	0.0	0.0	0.0	0.0	0.0	0.0	0.0	0.0	0.0
 
list 12: α
0.0	1.0	0.0	-0.0	-0.0	-0.0	-0.0	-0.0	0.0	-0.0	-0.0	-0.0	-0.0	-0.0	-0.0	-0.0	1.0	-0.0	-0.0	-0.0	-0.0	-0.0	-0.0	-0.0
 
list 13: β
0.0	-0.0	-0.0	-0.0	-0.0	-0.0	-0.0	1.0	-0.0	-0.0	-0.0	-0.0	-0.0	-0.0	-0.0	-0.0	-0.0	-0.0	-0.0	1.0	-0.0	-0.0	-0.0	-0.0
