 
su_cost	sd_cost	prod_cost	cr⁺	cr⁻	𝜟pd	𝜟pw
9100.0	0.0	477280.4168395004	499.77150586892037	4.615384400731509	0.0	28.396211202992546
 
δf
0.4021394863200084	0.5
0.4021394863200084	0.5
0.4021394863200084	0.5
0.4021394863200084	0.5
0.4021394863200084	0.5
0.4021394863200084	0.5
0.4021394863200084	0.5
0.4021394863200084	0.5
0.4021394863200084	0.5
0.4021394863200084	0.5
0.4021394863200084	0.5
0.4021394863200084	0.5
0.4021394863200084	0.5
0.4021394863200084	0.5
0.4021394863200084	0.5
0.4021394863200084	0.5
0.4021394863200084	0.5
0.4021394863200084	0.5
0.4021394863200084	0.5
0.4021394863200084	0.5
0.4021394863200084	0.5
0.4021394863200084	0.5
0.4021394863200084	0.5
0.4021394863200084	0.5
 
list 1: units stutup/down states
1.0	1.0	1.0	1.0	1.0	1.0	1.0	1.0	1.0	1.0	1.0	1.0	1.0	1.0	1.0	1.0	1.0	1.0	1.0	1.0	1.0	1.0	1.0	1.0
1.0	1.0	1.0	1.0	1.0	1.0	1.0	1.0	1.0	1.0	1.0	1.0	1.0	1.0	1.0	1.0	1.0	1.0	1.0	1.0	1.0	1.0	1.0	1.0
0.0	0.0	0.0	0.0	0.0	0.0	0.0	0.0	0.0	0.0	0.0	0.0	0.0	0.0	0.0	0.0	0.0	0.0	0.0	0.0	0.0	0.0	0.0	0.0
 
list 2: units dispatching power in scenario NO.1
0.911392258487171	0.9	0.9	0.9	0.9	0.9125699041162958	0.9140901571146638	1.0949464351408098	0.9146336706036003	0.9922199959959858	1.2996375883908982	1.3429351454468366	1.1336148583014394	1.3673010558713898	1.2265185370332332	0.9246292093389893	0.9	0.9	0.9	0.9	0.912692581629121	0.914623353821217	0.9146533751459698	0.9128822091350833
0.1	0.1	0.1	0.1	0.1	0.1	0.1	0.1	0.1	0.1	0.1	0.1	0.1	0.1	0.1	0.1	0.1	0.1	0.1	0.1	0.1	0.1	0.1	0.1
0.0	0.0	0.0	0.0	0.0	0.0	0.0	0.0	0.0	0.0	0.0	0.0	0.0	0.0	0.0	0.0	0.0	0.0	0.0	0.0	0.0	0.0	0.0	0.0
 
list 3: spolied wind power
0.0	0.23846209837630733	0.0	0.0	0.0	0.0	0.0	0.0	0.0017160850051922971	0.0	0.0	0.0	0.0	0.0	0.0	0.0	0.0	0.0622129688558552	0.0	0.5312501779988159	0.0	0.0	0.28765395902715457	0.0
0.6505262071709785	0.0	0.0	0.0	0.0	0.0	0.014204985067251014	0.0	0.0	0.0	0.0	0.0	0.0	0.0	0.0	0.0	0.0	0.0	0.0	0.0	0.7879190981147827	0.14863863869035537	0.0	0.40421874946960823
 
list 4: forced load curtailments
0.0	0.0	0.0	0.0	0.0	0.0	0.0	0.0	0.0	0.0	0.0	0.0	0.0	0.0	0.0	0.0	0.0	0.0	0.0	0.0	0.0	0.0	0.0	0.0
0.0	0.0	0.0	0.0	0.0	0.0	0.0	0.0	0.0	0.0	0.0	0.0	0.0	0.0	0.0	0.0	0.0	0.0	0.0	0.0	0.0	0.0	0.0	0.0
0.0	0.0	0.0	0.0	0.0	0.0	0.0	0.0	0.0	0.0	0.0	0.0	0.0	0.0	0.0	0.0	0.0	0.0	0.0	0.0	0.0	0.0	0.0	0.0
 
list 5: pss charge state
0.0	1.0	1.0	1.0	1.0	0.0	-0.0	-0.0	0.0	0.0	-0.0	0.0	0.0	-0.0	-0.0	-0.0	1.0	1.0	1.0	1.0	-0.0	0.0	-0.0	0.0
 
list 6: pss discharge state
1.0	0.0	0.0	0.0	0.0	1.0	1.0	1.0	1.0	1.0	1.0	1.0	1.0	1.0	1.0	1.0	0.0	0.0	0.0	0.0	1.0	1.0	1.0	1.0
 
list 7: pss charge power
0.0	0.2158227712535567	0.264362292472909	0.4131006129061514	0.16553785277914757	0.0	0.0	0.0	0.0	0.0	0.0	0.0	0.0	0.0	0.0	0.0	0.16546978424379044	0.19290822515369427	0.24103992224680904	0.01234677423805922	0.0	0.0	0.0	0.0
 
list 8: pss discharge power
0.1	0.0	0.0	0.0	0.0	0.048613630701741156	0.051386369298258905	0.1	0.0	0.1	0.1	0.1	0.1	0.1	0.1	0.1	0.0	0.0	0.0	0.0	0.1	0.1	0.1	0.1
 
list 9: pss strored energy
0.1	0.2834493555655232	0.5081573041674958	0.8592928251377245	1.0	0.9513863692982588	0.9	0.8	0.8	0.7	0.6	0.5	0.4	0.3	0.2	0.1	0.24064931660722189	0.404621307987862	0.6095052418976497	0.62	0.52	0.42000000000000004	0.32000000000000006	0.22000000000000003
 
list 10: sr⁺
0.09999999999999998	0.2	0.2	0.2	0.9096738279636897	0.1513863692982589	0.9528534403482101	0.09999999999999998	1.0154286416611167	0.09999999999999998	0.09999999999999998	0.09999999999999998	0.09999999999999998	0.09999999999999998	0.09999999999999998	0.09999999999999998	0.9579072790904454	0.9167569242711225	0.9172379789531818	0.9163360682106799	0.8100243751296166	0.8156538665495261	0.8185584723447077	0.8102139909228117
0.9	0.9	0.9	0.9	0.19032617203631041	0.9	0.09576019035353112	0.9	0.08457135833888352	0.9	0.9	0.9	0.9	0.9	0.9	0.9	0.14209272090955472	0.18324307572887755	0.18276202104681827	0.18366393178932017	0.18997562487038355	0.18434613345047401	0.18144152765529242	0.18978600907718846
0.0	0.0	0.0	0.0	0.0	0.0	0.0	0.0	0.0	0.0	0.0	0.0	0.0	0.0	0.0	0.0	0.0	0.0	0.0	0.0	0.0	0.0	0.0	0.0
 
list 11: sr⁻
0.011392258487170952	0.0	0.0	0.0	0.0	0.01256990411629549	0.014090157114663578	0.014922263391214798	0.014633670603600392	0.014464945001001005	0.01687711560290228	0.016839516213638293	0.01679104628542464	0.016597174736032155	0.016803520365741693	0.014827817697665256	0.0	0.0	0.0	0.0	0.012692581629121418	0.014623353821217287	0.014653375145970298	0.01288220913508363
0.0	0.0	0.0	0.0	0.0	0.0	0.0	0.0	0.0	0.0	0.0	0.0	0.0	0.0	0.0	0.0	0.0	0.0	0.0	0.0	0.0	0.0	0.0	0.0
0.0	0.0	0.0	0.0	0.0	0.0	0.0	0.0	0.0	0.0	0.0	0.0	0.0	0.0	0.0	0.0	0.0	0.0	0.0	0.0	0.0	0.0	0.0	0.0
 
list 12: α
0.0	1.0	-0.0	0.0	-0.0	-0.0	-0.0	-0.0	-0.0	-0.0	0.0	-0.0	0.0	0.0	-0.0	0.0	1.0	-0.0	-0.0	0.0	-0.0	-0.0	0.0	-0.0
 
list 13: β
0.0	-0.0	-0.0	-0.0	0.0	1.0	-0.0	0.0	-0.0	0.0	-0.0	-0.0	-0.0	-0.0	0.0	-0.0	-0.0	0.0	-0.0	-0.0	1.0	-0.0	-0.0	-0.0
