 
su_cost	sd_cost	prod_cost	cr⁺	cr⁻	𝜟pd	𝜟pw
11700.0	0.0	543093.6260837707	498.1423734743307	4.461591582847486	0.0	45.68268180090739
 
δf
0.2863524187225288	0.5
0.2863524187225288	0.5
0.2863524187225288	0.5
0.2863524187225288	0.5
0.2863524187225288	0.5
0.2863524187225288	0.5
0.2863524187225288	0.5
0.2863524187225288	0.5
0.2863524187225288	0.5
0.2863524187225288	0.5
0.2863524187225288	0.5
0.2863524187225288	0.5
0.2863524187225288	0.5
0.2863524187225288	0.5
0.2863524187225288	0.5
0.2863524187225288	0.5
0.2863524187225288	0.5
0.2863524187225288	0.5
0.2863524187225288	0.5
0.2863524187225288	0.5
0.2863524187225288	0.5
0.2863524187225288	0.5
0.2863524187225288	0.5
0.2863524187225288	0.5
 
rhs_fcr
 
0.1875	0.1875	0.1875	0.1875	0.1875	0.1875	0.1875	0.1875	0.1875	0.1875	0.1875	0.1875	0.1875	0.1875	0.1875	0.1875	0.1875	0.1875	0.1875	0.1875	0.1875	0.1875	0.1875	0.1875
0.19792	0.19792	0.19792	0.19792	0.19792	0.19792	0.19792	0.19792	0.19792	0.19792	0.19792	0.19792	0.19792	0.19792	0.19792	0.19792	0.19792	0.19792	0.19792	0.19792	0.19792	0.19792	0.19792	0.19792
0.20417	0.20417	0.20417	0.20417	0.20417	0.20417	0.20417	0.20417	0.20417	0.20417	0.20417	0.20417	0.20417	0.20417	0.20417	0.20417	0.20417	0.20417	0.20417	0.20417	0.20417	0.20417	0.20417	0.20417
list 1: units stutup/down states
1.0	1.0	1.0	1.0	1.0	1.0	1.0	1.0	1.0	1.0	1.0	1.0	1.0	1.0	1.0	1.0	1.0	1.0	1.0	1.0	1.0	1.0	1.0	1.0
1.0	1.0	1.0	1.0	1.0	1.0	1.0	1.0	1.0	1.0	1.0	1.0	1.0	1.0	1.0	1.0	1.0	1.0	1.0	1.0	1.0	1.0	1.0	1.0
1.0	1.0	1.0	1.0	1.0	1.0	1.0	1.0	1.0	1.0	1.0	1.0	1.0	1.0	1.0	1.0	1.0	1.0	1.0	1.0	1.0	1.0	1.0	1.0
 
list 2: units dispatching power in scenario NO.1
0.911392258487171	0.9	0.9	0.9	0.9	0.9	0.9	0.9949464351408098	0.9146336706036001	0.9144649450010011	1.199637588390898	1.2429351454468365	1.0336148583014393	1.2673010558713897	1.1265185370332331	0.9148278176976653	0.9	0.9	0.9	0.9123467742380592	0.9126925816291208	0.9146233538212165	0.9146533751459696	0.9128822091350828
0.1	0.1	0.1	0.1	0.1	0.1	0.1	0.1	0.1	0.1	0.1	0.1	0.1	0.1	0.1	0.1	0.1	0.1	0.1	0.1	0.1	0.1	0.1	0.1
0.1	0.1	0.1	0.1	0.1	0.1	0.1	0.1	0.1	0.1	0.1	0.1	0.1	0.1	0.1	0.1	0.1	0.1	0.1	0.1	0.1	0.1	0.1	0.1
 
list 3: spolied wind power
0.7505262071709785	0.0	0.0	0.0	0.0	0.0	0.0	0.0	0.0	0.0	0.0	0.0	0.0	0.0	0.0	0.09019860835867603	0.0	0.0	0.0	0.0	0.0	0.0	0.0	0.5042187494696077
0.0	0.5420654234124566	0.18394159880014213	0.0	0.0	0.0	0.0	0.0	0.201716085005192	0.022244949005015308	0.0	0.0	0.0	0.0	0.0	0.0	0.0	0.232219135794267	0.0	0.7559437264749342	0.8879190981147825	0.2486386386903549	0.38765395902715427	0.0
 
list 4: forced load curtailments
0.0	0.0	0.0	0.0	0.0	0.0	0.0	0.0	0.0	0.0	0.0	0.0	0.0	0.0	0.0	0.0	0.0	0.0	0.0	0.0	0.0	0.0	0.0	0.0
0.0	0.0	0.0	0.0	0.0	0.0	0.0	0.0	0.0	0.0	0.0	0.0	0.0	0.0	0.0	0.0	0.0	0.0	0.0	0.0	0.0	0.0	0.0	0.0
0.0	0.0	0.0	0.0	0.0	0.0	0.0	0.0	0.0	0.0	0.0	0.0	0.0	0.0	0.0	0.0	0.0	0.0	0.0	0.0	0.0	0.0	0.0	0.0
 
list 5: pss charge state
-0.0	1.0	1.0	1.0	1.0	1.0	1.0	0.0	-0.0	0.0	0.0	0.0	0.0	0.0	-0.0	-0.0	1.0	1.0	1.0	-0.0	0.0	-0.0	-0.0	-0.0
 
list 6: pss discharge state
1.0	0.0	0.0	0.0	0.0	0.0	0.0	1.0	1.0	1.0	1.0	1.0	1.0	1.0	1.0	1.0	0.0	0.0	0.0	1.0	1.0	1.0	1.0	1.0
 
list 7: pss charge power
0.0	0.012219446217407469	0.18042069367276684	0.5131006129061515	0.26553785277914754	0.03881646518196302	0.04872845865432829	0.0	0.0	0.0	0.0	0.0	0.0	0.0	0.0	0.0	0.2654697842437904	0.12290205821528243	0.34103992224680935	0.0	0.0	0.0	0.0	0.0
 
list 8: pss discharge power
0.1	0.0	0.0	0.0	0.0	0.0	0.0	0.1	0.1	0.1	0.1	0.1	0.1	0.1	0.1	0.1	0.0	0.0	0.0	0.1	0.1	0.1	0.1	0.1
 
list 9: pss strored energy
0.1	0.11038652928479636	0.2637441189066482	0.699879639876877	0.9255868147391524	0.9585808101438209	1.0	0.9	0.8	0.7	0.6	0.5	0.4	0.3	0.2	0.1	0.32564931660722196	0.430116066090212	0.72	0.62	0.52	0.42000000000000004	0.32000000000000006	0.22000000000000003
 
list 10: sr⁺
0.061875	0.1	0.1	0.1	0.1	0.1	0.1	0.061875	0.061875	0.061875	0.061875	0.061875	0.061875	0.061875	0.061875	0.061875	0.1	0.1	0.1	0.86731	0.86731	0.061875	0.86731	0.86731
0.83813	0.9	0.9	0.9	0.9	0.9	0.9	0.83813	0.87075	0.83813	0.83813	0.83813	0.83813	0.83813	0.83813	0.83813	0.9	0.9	0.9	0.065313	0.065313	0.83813	0.065313	0.065313
0.1	0.1	0.1	0.1	0.1	0.1	0.1	0.1	0.067375	0.1	0.1	0.1	0.1	0.1	0.1	0.1	0.1	0.1	0.1	0.067375	0.067375	0.1	0.067375	0.067375
 
list 11: sr⁻
0.011392258487170952	0.0	0.0	0.0	0.0	0.0	0.0	0.014922263391214798	0.014633670603600393	0.014464945001001005	0.01687711560290228	0.016839516213638293	0.01679104628542464	0.016597174736032155	0.016803520365741693	0.014827817697665254	0.0	0.0	0.0	0.012346774238059204	0.012692581629121418	0.014623353821217287	0.014653375145970298	0.012882209135082756
0.0	0.0	0.0	0.0	0.0	0.0	0.0	0.0	0.0	0.0	0.0	0.0	0.0	0.0	0.0	0.0	0.0	0.0	0.0	0.0	0.0	0.0	0.0	0.0
0.0	0.0	0.0	0.0	0.0	0.0	0.0	0.0	0.0	0.0	0.0	0.0	0.0	0.0	0.0	0.0	0.0	0.0	0.0	0.0	0.0	0.0	0.0	0.0
 
list 12: α
0.0	1.0	-0.0	0.0	-0.0	-0.0	-0.0	-0.0	0.0	-0.0	-0.0	-0.0	-0.0	-0.0	-0.0	0.0	1.0	-0.0	-0.0	-0.0	0.0	-0.0	-0.0	-0.0
 
list 13: β
0.0	-0.0	0.0	-0.0	0.0	-0.0	-0.0	1.0	-0.0	0.0	-0.0	-0.0	-0.0	-0.0	-0.0	-0.0	-0.0	-0.0	-0.0	1.0	-0.0	-0.0	-0.0	0.0
