 
su_cost	sd_cost	prod_cost	cr⁺	cr⁻	𝜟pd	𝜟pw
11700.0	0.0	543150.4049840721	498.14237347432925	4.461139101821438	0.0	45.68245555671883
 
δf
0.2863524187225288	0.5
0.2863524187225288	0.5
0.2863524187225288	0.5
0.2863524187225288	0.5
0.2863524187225288	0.5
0.2863524187225288	0.5
0.2863524187225288	0.5
0.2863524187225288	0.5
0.2863524187225288	0.5
0.2863524187225288	0.5
0.2863524187225288	0.5
0.2863524187225288	0.5
0.2863524187225288	0.5
0.2863524187225288	0.5
0.2863524187225288	0.5
0.2863524187225288	0.5
0.2863524187225288	0.5
0.2863524187225288	0.5
0.2863524187225288	0.5
0.2863524187225288	0.5
0.2863524187225288	0.5
0.2863524187225288	0.5
0.2863524187225288	0.5
0.2863524187225288	0.5
 
rhs_fcr
 
0.1875	0.1875	0.1875	0.1875	0.1875	0.1875	0.1875	0.1875	0.1875	0.1875	0.1875	0.1875	0.1875	0.1875	0.1875	0.1875	0.1875	0.1875	0.1875	0.1875	0.1875	0.1875	0.1875	0.1875
0.19792	0.19792	0.19792	0.19792	0.19792	0.19792	0.19792	0.19792	0.19792	0.19792	0.19792	0.19792	0.19792	0.19792	0.19792	0.19792	0.19792	0.19792	0.19792	0.19792	0.19792	0.19792	0.19792	0.19792
0.20417	0.20417	0.20417	0.20417	0.20417	0.20417	0.20417	0.20417	0.20417	0.20417	0.20417	0.20417	0.20417	0.20417	0.20417	0.20417	0.20417	0.20417	0.20417	0.20417	0.20417	0.20417	0.20417	0.20417
list 1: units stutup/down states
1.0	1.0	1.0	1.0	1.0	1.0	1.0	1.0	1.0	1.0	1.0	1.0	1.0	1.0	1.0	1.0	1.0	1.0	1.0	1.0	1.0	1.0	1.0	1.0
1.0	1.0	1.0	1.0	1.0	1.0	1.0	1.0	1.0	1.0	1.0	1.0	1.0	1.0	1.0	1.0	1.0	1.0	1.0	1.0	1.0	1.0	1.0	1.0
1.0	1.0	1.0	1.0	1.0	1.0	1.0	1.0	1.0	1.0	1.0	1.0	1.0	1.0	1.0	1.0	1.0	1.0	1.0	1.0	1.0	1.0	1.0	1.0
 
list 2: units dispatching power in scenario NO.1
0.911392258487171	0.9	0.9	0.9	0.9	0.9	0.9	0.9949464351408098	0.9146336706036005	0.9144649450010011	1.199637588390898	1.2429351454468365	1.0336148583014393	1.2673010558713897	1.1265185370332331	0.9148278176976653	0.9	0.9	0.9	0.9123467742380592	0.9126925816291215	0.9146233538212173	0.9146533751459703	0.9128822091350837
0.1	0.1	0.1	0.1	0.1	0.1	0.1	0.1	0.1	0.1	0.1	0.1	0.1	0.1	0.1	0.1	0.1	0.1	0.1	0.1	0.1	0.1	0.1	0.1
0.1	0.1	0.1	0.1	0.1	0.1	0.1	0.1	0.1	0.1	0.1	0.1	0.1	0.1	0.1	0.1	0.1	0.1	0.1	0.1	0.1	0.1	0.1	0.1
 
list 3: spolied wind power
0.7505262071709785	0.0	0.0	0.0	0.0	0.026246561065667005	0.034638301539664185	0.0	0.0	0.0	0.0	0.0	0.0	0.0	0.0	0.09019860835867599	0.0	0.0	0.2322191357942654	0.0	0.0	0.0	0.0	0.5042187494696085
0.0	0.3128961327074741	0.35222602689979077	0.0	0.0	0.0	0.0	0.0	0.20171608500519234	0.022244949005015308	0.0	0.0	0.0	0.0	0.0	0.0	0.0	0.0	0.0	0.7559437264749342	0.8879190981147832	0.24863863869035566	0.38765395902715505	0.0
 
list 4: forced load curtailments
0.0	0.0	0.0	0.0	0.0	0.0	0.0	0.0	0.0	0.0	0.0	0.0	0.0	0.0	0.0	0.0	0.0	0.0	0.0	0.0	0.0	0.0	0.0	0.0
0.0	0.0	0.0	0.0	0.0	0.0	0.0	0.0	0.0	0.0	0.0	0.0	0.0	0.0	0.0	0.0	0.0	0.0	0.0	0.0	0.0	0.0	0.0	0.0
0.0	0.0	0.0	0.0	0.0	0.0	0.0	0.0	0.0	0.0	0.0	0.0	0.0	0.0	0.0	0.0	0.0	0.0	0.0	0.0	0.0	0.0	0.0	0.0
 
list 5: pss charge state
0.0	1.0	1.0	1.0	1.0	1.0	1.0	0.0	0.0	0.0	0.0	0.0	0.0	0.0	0.0	0.0	1.0	1.0	1.0	0.0	0.0	0.0	0.0	0.0
 
list 6: pss discharge state
1.0	0.0	0.0	0.0	0.0	0.0	0.0	1.0	1.0	1.0	1.0	1.0	1.0	1.0	1.0	1.0	0.0	0.0	0.0	1.0	1.0	1.0	1.0	1.0
 
list 7: pss charge power
0.0	0.2413887369223897	0.012136265573118228	0.5131006129061508	0.265537852779147	0.01256990411629549	0.01409015711466358	0.0	0.0	0.0	0.0	0.0	0.0	0.0	0.0	0.0	0.26546978424378986	0.3551211940095489	0.10882078645254341	0.0	0.0	0.0	0.0	0.0
 
list 8: pss discharge power
0.1	0.0	0.0	0.0	0.0	0.0	0.0	0.1	0.1	0.1	0.1	0.1	0.1	0.1	0.1	0.1	0.0	0.0	0.0	0.1	0.1	0.1	0.1	0.1
 
list 9: pss strored energy
0.1	0.30518042638403126	0.31549625212118176	0.7516317730914099	0.9773389479536848	0.988023366452536	1.0	0.9	0.8	0.7	0.6	0.5	0.4	0.3	0.2	0.1	0.3256493166072215	0.6275023315153381	0.72	0.62	0.52	0.42000000000000004	0.32000000000000006	0.22000000000000003
 
list 10: sr⁺
0.080625	0.1	0.1	0.1	0.1	0.1	0.1	0.080625	0.080625	0.080625	0.080625	0.080625	0.080625	0.080625	0.080625	0.080625	0.1	0.1	0.1	0.8271	0.8271	0.080625	0.8271	0.8271
0.81938	0.9	0.9	0.9	0.9	0.9	0.9	0.81938	0.81938	0.81938	0.81938	0.81938	0.81938	0.81938	0.81938	0.81938	0.9	0.9	0.9	0.085104	0.085104	0.81938	0.085104	0.085104
0.1	0.1	0.1	0.1	0.1	0.1	0.1	0.1	0.1	0.1	0.1	0.1	0.1	0.1	0.1	0.1	0.1	0.1	0.1	0.087792	0.087792	0.1	0.087792	0.087792
 
list 11: sr⁻
0.011392258487170952	0.0	0.0	0.0	0.0	0.0	0.0	0.014922263391214798	0.014633670603600395	0.014464945001001005	0.01687711560290228	0.016839516213638293	0.01679104628542464	0.016597174736032155	0.016803520365741693	0.014827817697665256	0.0	0.0	0.0	0.012346774238059216	0.012692581629121416	0.014623353821217287	0.014653375145970298	0.01288220913508363
0.0	0.0	0.0	0.0	0.0	0.0	0.0	0.0	0.0	0.0	0.0	0.0	0.0	0.0	0.0	0.0	0.0	0.0	0.0	0.0	0.0	0.0	0.0	0.0
0.0	0.0	0.0	0.0	0.0	0.0	0.0	0.0	0.0	0.0	0.0	0.0	0.0	0.0	0.0	0.0	0.0	0.0	0.0	0.0	0.0	0.0	0.0	0.0
 
list 12: α
0.0	1.0	0.0	0.0	0.0	0.0	0.0	0.0	0.0	0.0	0.0	0.0	0.0	0.0	0.0	0.0	1.0	0.0	0.0	0.0	0.0	0.0	0.0	0.0
 
list 13: β
0.0	0.0	0.0	0.0	0.0	0.0	0.0	1.0	0.0	0.0	0.0	0.0	0.0	0.0	0.0	0.0	0.0	0.0	0.0	1.0	0.0	0.0	0.0	0.0
