 
su_cost	sd_cost	prod_cost	cr⁺	cr⁻	𝜟pd	𝜟pw
11700.0	0.0	543013.8618357807	498.14237347428616	4.461139101832737	0.0	45.6824555566314
 
δf
0.2863524187225288	0.5
0.2863524187225288	0.5
0.2863524187225288	0.5
0.2863524187225288	0.5
0.2863524187225288	0.5
0.2863524187225288	0.5
0.2863524187225288	0.5
0.2863524187225288	0.5
0.2863524187225288	0.5
0.2863524187225288	0.5
0.2863524187225288	0.5
0.2863524187225288	0.5
0.2863524187225288	0.5
0.2863524187225288	0.5
0.2863524187225288	0.5
0.2863524187225288	0.5
0.2863524187225288	0.5
0.2863524187225288	0.5
0.2863524187225288	0.5
0.2863524187225288	0.5
0.2863524187225288	0.5
0.2863524187225288	0.5
0.2863524187225288	0.5
0.2863524187225288	0.5
 
rhs_fcr
 
0.1875	0.1875	0.1875	0.1875	0.1875	0.1875	0.1875	0.1875	0.1875	0.1875	0.1875	0.1875	0.1875	0.1875	0.1875	0.1875	0.1875	0.1875	0.1875	0.1875	0.1875	0.1875	0.1875	0.1875
0.19792	0.19792	0.19792	0.19792	0.19792	0.19792	0.19792	0.19792	0.19792	0.19792	0.19792	0.19792	0.19792	0.19792	0.19792	0.19792	0.19792	0.19792	0.19792	0.19792	0.19792	0.19792	0.19792	0.19792
0.20417	0.20417	0.20417	0.20417	0.20417	0.20417	0.20417	0.20417	0.20417	0.20417	0.20417	0.20417	0.20417	0.20417	0.20417	0.20417	0.20417	0.20417	0.20417	0.20417	0.20417	0.20417	0.20417	0.20417
list 1: units stutup/down states
1.0	1.0	1.0	1.0	1.0	1.0	1.0	1.0	1.0	1.0	1.0	1.0	1.0	1.0	1.0	1.0	1.0	1.0	1.0	1.0	1.0	1.0	1.0	1.0
1.0	1.0	1.0	1.0	1.0	1.0	1.0	1.0	1.0	1.0	1.0	1.0	1.0	1.0	1.0	1.0	1.0	1.0	1.0	1.0	1.0	1.0	1.0	1.0
1.0	1.0	1.0	1.0	1.0	1.0	1.0	1.0	1.0	1.0	1.0	1.0	1.0	1.0	1.0	1.0	1.0	1.0	1.0	1.0	1.0	1.0	1.0	1.0
 
list 2: units dispatching power in scenario NO.1
0.911392258487171	0.9	0.9	0.9	0.9	0.9	0.9	0.9949464351408098	0.9146336706035999	0.9144649450010011	1.199637588390898	1.2429351454468365	1.0336148583014393	1.2673010558713897	1.1265185370332331	0.9148278176976653	0.9	0.9	0.9	0.9123467742380592	0.9126925816291209	0.9146233538212165	0.9146533751459694	0.9128822091350828
0.1	0.1	0.1	0.1	0.1	0.1	0.1	0.1	0.1	0.1	0.1	0.1	0.1	0.1	0.1	0.1	0.1	0.1	0.1	0.1	0.1	0.1	0.1	0.1
0.1	0.1	0.1	0.1	0.1	0.1	0.1	0.1	0.1	0.1	0.1	0.1	0.1	0.1	0.1	0.1	0.1	0.1	0.1	0.1	0.1	0.1	0.1	0.1
 
list 3: spolied wind power
0.7505262071709785	0.0	0.0	0.0	0.0	0.0	0.0	0.0	0.0	0.0	0.0	0.0	0.0	0.0	0.0	0.09019860835867599	0.0	0.0	0.0	0.0	0.0	0.0	0.0	0.5042187494696077
0.0	0.0	0.22518800945967368	0.5008190127529248	0.0	0.0	0.0	0.0	0.20171608500519192	0.022244949005015308	0.0	0.0	0.0	0.0	0.0	0.0	0.0	0.2322191357942643	0.0	0.7559437264749342	0.8879190981147826	0.24863863869035494	0.38765395902715416	0.0
 
list 4: forced load curtailments
0.0	0.0	0.0	0.0	0.0	0.0	0.0	0.0	0.0	0.0	0.0	0.0	0.0	0.0	0.0	0.0	0.0	0.0	0.0	0.0	0.0	0.0	0.0	0.0
0.0	0.0	0.0	0.0	0.0	0.0	0.0	0.0	0.0	0.0	0.0	0.0	0.0	0.0	0.0	0.0	0.0	0.0	0.0	0.0	0.0	0.0	0.0	0.0
0.0	0.0	0.0	0.0	0.0	0.0	0.0	0.0	0.0	0.0	0.0	0.0	0.0	0.0	0.0	0.0	0.0	0.0	0.0	0.0	0.0	0.0	0.0	0.0
 
list 5: pss charge state
0.0	1.0	1.0	1.0	1.0	1.0	1.0	-0.0	-0.0	0.0	-0.0	0.0	0.0	0.0	0.0	0.0	1.0	1.0	1.0	-0.0	-0.0	0.0	-0.0	-0.0
 
list 6: pss discharge state
1.0	0.0	0.0	0.0	0.0	0.0	0.0	1.0	1.0	1.0	1.0	1.0	1.0	1.0	1.0	1.0	0.0	0.0	0.0	1.0	1.0	1.0	1.0	1.0
 
list 7: pss charge power
0.0	0.554284869629864	0.13917428301323528	0.01228160015322654	0.26553785277914754	0.03881646518196302	0.04872845865432829	0.0	0.0	0.0	0.0	0.0	0.0	0.0	0.0	0.0	0.2654697842437904	0.12290205821528517	0.34103992224680935	0.0	0.0	0.0	0.0	0.0
 
list 8: pss discharge power
0.1	0.0	0.0	0.0	0.0	0.0	0.0	0.1	0.1	0.1	0.1	0.1	0.1	0.1	0.1	0.1	0.0	0.0	0.0	0.1	0.1	0.1	0.1	0.1
 
list 9: pss strored energy
0.1	0.5711421391853844	0.6894402797466344	0.699879639876877	0.9255868147391524	0.9585808101438209	1.0	0.9	0.8	0.7	0.6	0.5	0.4	0.3	0.2	0.1	0.32564931660721963	0.430116066090212	0.72	0.62	0.52	0.42000000000000004	0.32000000000000006	0.22000000000000003
 
list 10: sr⁺
0.009375	0.1	0.1	0.1	0.1	0.1	0.1	0.009375	0.009375	0.009375	0.009375	0.009375	0.009375	0.009375	0.009375	0.009375	0.1	0.1	0.1	0.9799	0.9799	0.009375	0.9799	0.9799
0.89062	0.9	0.9	0.9	0.9	0.9	0.9	0.89063	0.9	0.89063	0.89063	0.89063	0.89063	0.89063	0.89063	0.89063	0.9	0.9	0.9	0.0098958	0.0098958	0.89063	0.0098958	0.0098958
0.1	0.1	0.1	0.1	0.1	0.1	0.1	0.1	0.090625	0.1	0.1	0.1	0.1	0.1	0.1	0.1	0.1	0.1	0.1	0.010208	0.010208	0.1	0.010208	0.010208
 
list 11: sr⁻
0.011392258487170952	0.0	0.0	0.0	0.0	0.0	0.0	0.014922263391214798	0.014633670603600393	0.014464945001001005	0.01687711560290228	0.016839516213638293	0.01679104628542464	0.016597174736032155	0.016803520365741693	0.014827817697665256	0.0	0.0	0.0	0.01234677423805922	0.012692581629121418	0.014623353821217287	0.014653375145970298	0.01288220913508363
0.0	0.0	0.0	0.0	0.0	0.0	0.0	0.0	0.0	0.0	0.0	0.0	0.0	0.0	0.0	0.0	0.0	0.0	0.0	0.0	0.0	0.0	0.0	0.0
0.0	0.0	0.0	0.0	0.0	0.0	0.0	0.0	0.0	0.0	0.0	0.0	0.0	0.0	0.0	0.0	0.0	0.0	0.0	0.0	0.0	0.0	0.0	0.0
 
list 12: α
0.0	1.0	-0.0	-0.0	-0.0	-0.0	-0.0	-0.0	0.0	-0.0	-0.0	-0.0	-0.0	-0.0	-0.0	0.0	1.0	-0.0	-0.0	-0.0	-0.0	-0.0	-0.0	-0.0
 
list 13: β
0.0	-0.0	0.0	-0.0	-0.0	0.0	-0.0	1.0	-0.0	0.0	-0.0	0.0	0.0	0.0	0.0	-0.0	-0.0	-0.0	-0.0	1.0	0.0	-0.0	0.0	-0.0
