 
su_cost	sd_cost	prod_cost	cr⁺	cr⁻	𝜟pd	𝜟pw
5630.0	1370.0	2.615459266480916e6	92.1453723068773	9.842560318759976e-5	0.0	9.466779031841596e-14
 
list 1: units stutup/down states
0	0	0	0	0	0	0	0	0	0	0	0	0	0	0	0	0	0	0	0	0	0	0	0
0	0	0	0	0	0	0	0	0	0	0	0	0	0	0	0	0	0	0	0	0	0	0	0
0	0	0	0	0	0	0	0	0	0	0	0	0	0	0	0	0	0	0	0	0	0	0	0
1	0	0	0	0	0	0	0	0	0	1	1	1	1	1	1	1	1	1	1	1	1	1	1
0	0	0	0	0	0	0	0	0	0	0	0	0	0	0	1	1	1	1	1	1	1	1	1
0	0	0	0	0	0	0	0	0	0	0	0	0	0	0	0	0	0	0	0	0	0	0	0
0	0	0	0	0	0	0	0	0	0	0	0	0	0	0	0	0	0	0	0	0	0	0	0
0	0	0	0	0	0	0	0	0	0	0	0	0	0	0	0	0	0	0	0	0	0	0	0
0	0	0	0	0	0	0	0	0	0	0	0	0	0	0	0	0	0	0	0	0	0	1	1
1	1	1	1	1	1	1	1	1	1	1	1	1	1	1	1	1	1	1	1	1	1	1	1
1	1	1	0	0	0	0	0	0	0	0	0	0	0	1	1	1	1	1	1	1	1	1	1
0	0	0	0	0	0	0	0	0	0	0	0	0	0	0	0	0	0	0	0	0	0	0	0
0	0	0	0	0	0	0	0	0	0	0	0	0	0	0	0	0	0	0	0	0	0	0	0
0	0	0	0	0	0	0	0	0	0	0	0	0	0	0	0	0	0	0	0	0	0	0	0
0	0	0	0	0	0	0	0	0	0	0	0	0	0	0	0	0	0	0	0	0	0	0	0
0	0	0	0	0	0	0	0	0	0	0	0	0	0	0	0	0	0	0	0	0	0	0	0
0	0	0	0	0	0	0	0	0	0	0	0	0	0	0	0	0	0	0	0	0	0	0	0
0	0	0	0	0	0	0	0	0	0	0	0	0	0	0	0	0	0	0	0	0	0	0	0
0	0	0	0	0	0	0	0	0	0	0	0	0	0	0	0	0	0	0	0	0	0	0	0
1	1	1	1	1	1	1	1	1	1	1	1	1	1	1	1	1	1	1	1	1	1	1	1
0	0	0	0	0	0	0	0	0	0	0	0	0	0	0	0	0	1	1	1	1	1	1	1
0	0	0	0	0	0	0	0	0	0	0	0	0	0	0	0	0	0	0	0	0	0	0	0
0	0	0	0	0	0	0	0	0	0	0	0	0	0	0	0	0	0	0	0	0	0	0	0
0	0	0	0	0	0	0	0	0	0	0	0	0	0	0	0	0	1	1	1	1	1	1	1
0	0	0	0	0	0	1	1	1	1	1	1	1	1	1	1	1	1	1	1	1	1	1	1
0	0	0	0	0	0	0	0	0	0	0	0	0	0	0	0	0	0	0	0	0	0	0	0
1	1	1	1	1	1	1	1	1	1	1	1	1	1	1	1	1	1	1	1	1	1	1	1
1	1	1	1	1	1	1	1	1	1	1	1	1	1	1	1	1	1	1	1	1	1	1	1
0	0	0	0	0	1	1	1	1	1	1	1	1	1	1	1	1	1	1	1	1	1	1	1
0	0	0	0	0	0	0	0	1	1	1	1	0	0	0	0	0	1	1	1	1	1	1	1
0	0	0	0	0	0	0	0	0	0	0	0	0	0	0	0	0	0	0	0	0	0	0	0
0	0	0	0	0	0	0	0	0	0	0	0	0	0	0	0	0	0	0	0	0	0	1	1
0	0	0	0	0	0	0	0	0	0	0	0	0	0	0	0	0	0	0	0	0	0	0	0
0	0	0	0	0	0	0	0	0	0	0	0	0	0	0	0	0	0	0	0	0	0	0	0
0	0	0	0	0	0	0	0	0	0	0	0	0	0	0	0	0	0	0	0	0	0	0	0
0	0	0	0	0	0	0	0	0	0	1	1	1	1	1	1	1	1	1	1	1	1	1	1
0	0	0	0	0	0	0	0	0	0	0	0	0	0	0	0	0	0	0	0	0	0	0	0
0	0	0	0	0	0	0	0	0	0	0	0	0	0	0	0	0	0	0	0	0	0	0	0
0	0	0	0	0	0	0	0	0	0	0	0	0	0	0	1	1	1	1	1	1	1	1	1
0	0	0	0	0	0	0	0	0	0	0	0	0	0	0	1	1	1	1	1	1	1	1	1
0	0	0	0	0	0	0	0	0	0	0	0	0	0	0	0	0	0	0	0	0	0	0	0
0	0	0	0	0	0	0	0	0	0	0	0	0	0	0	0	0	0	0	0	0	0	0	1
1	1	1	1	1	1	1	1	1	1	1	1	1	1	1	1	1	1	1	1	1	1	1	1
0	0	0	0	0	0	0	0	0	0	0	0	0	0	0	1	1	1	1	1	1	1	1	1
1	1	1	1	1	1	1	1	1	1	1	1	1	1	1	1	1	1	1	1	1	1	1	1
0	0	0	0	0	0	0	0	0	0	0	0	0	0	0	0	0	0	0	0	0	0	0	0
0	0	0	0	0	0	0	0	0	0	0	0	0	0	0	0	0	0	0	0	0	0	0	0
0	0	0	0	0	0	0	0	0	0	0	0	0	0	0	0	0	0	0	0	0	0	0	0
0	0	0	0	0	0	0	0	0	0	0	0	0	0	0	0	0	0	0	0	0	0	0	0
0	0	0	0	0	0	0	0	0	0	0	0	0	0	0	0	0	0	0	0	0	0	0	0
0	0	0	0	0	0	0	0	0	0	0	0	0	0	0	0	0	0	0	0	0	0	0	0
0	0	0	0	0	0	0	0	0	0	0	0	0	0	0	0	0	0	0	0	0	0	0	0
0	0	0	0	0	0	0	0	0	0	0	0	0	0	0	0	0	0	0	0	1	1	1	1
0	0	0	0	0	0	0	0	0	0	0	0	0	0	0	0	0	0	0	0	0	0	0	0
0	0	0	0	0	0	0	0	0	0	0	0	0	0	0	0	0	0	0	0	0	0	0	0
0	0	0	0	0	0	0	0	0	0	0	0	0	0	0	0	0	0	0	0	0	0	0	0
0	0	0	0	0	0	0	0	0	0	0	0	0	0	0	0	0	0	0	0	0	0	0	0
1	0	0	0	0	0	0	0	0	0	1	1	1	1	1	1	1	1	1	1	1	1	1	1
0	0	0	0	0	1	1	1	1	1	1	1	1	1	1	1	1	1	1	1	1	1	1	1
0	0	0	0	0	0	0	0	0	0	0	0	0	0	0	0	0	0	0	0	0	0	0	0
0	0	0	0	0	0	0	0	0	0	0	0	0	0	0	0	0	0	0	0	0	0	0	0
0	0	0	0	0	0	0	0	0	0	0	0	0	0	0	0	0	0	0	0	0	0	0	0
0	0	0	0	0	0	0	0	0	0	0	0	0	0	0	0	0	0	0	0	0	0	1	1
1	1	1	0	0	0	0	0	0	0	0	0	0	0	0	1	1	1	1	1	1	1	1	1
1	1	1	0	0	0	0	0	0	0	0	0	0	0	1	1	1	1	1	1	1	1	1	1
0	0	0	0	0	0	0	0	0	0	0	0	0	0	0	0	0	0	0	0	0	0	0	0
0	0	0	0	0	0	0	0	0	0	0	0	0	0	0	0	0	0	0	0	0	0	0	0
0	0	0	0	0	0	0	0	0	0	0	0	0	0	0	0	0	0	0	0	0	0	0	0
0	0	0	0	0	0	0	0	0	0	0	0	0	0	0	0	0	0	0	0	0	0	0	0
0	0	0	0	0	0	0	0	0	0	0	0	0	0	0	0	0	0	0	0	0	0	0	0
0	0	0	0	0	0	0	0	0	0	0	0	0	0	0	0	0	0	0	0	0	0	0	0
0	0	0	0	0	0	0	0	0	0	0	0	0	0	0	0	0	0	0	0	0	0	0	0
0	0	0	0	0	0	0	0	0	0	0	0	0	0	0	0	0	0	0	0	0	0	0	0
1	1	1	1	1	1	1	1	1	1	1	1	1	1	1	1	1	1	1	1	1	1	1	1
0	0	0	0	0	0	0	0	0	0	0	0	0	0	0	0	1	1	1	1	1	1	1	1
0	0	0	0	0	0	0	0	0	0	0	0	0	0	0	0	0	0	0	0	0	0	0	0
0	0	0	0	0	0	0	0	0	0	0	0	0	0	0	0	0	0	0	0	0	0	0	0
0	0	0	0	0	0	0	0	0	0	0	0	0	0	0	0	0	1	1	1	1	1	1	1
0	0	0	0	0	1	1	1	1	1	1	1	1	1	1	1	1	1	1	1	1	1	1	1
0	0	0	0	0	0	0	0	0	0	0	0	0	0	0	0	0	0	1	1	1	1	1	1
1	1	1	1	1	1	1	1	1	1	1	1	1	1	1	1	1	1	1	1	1	1	1	1
1	1	1	1	1	1	1	1	1	1	1	1	1	1	1	1	1	1	1	1	1	1	1	1
1	1	1	1	1	1	1	1	1	1	1	1	1	1	1	1	1	1	1	1	1	1	1	1
0	0	0	0	0	0	0	0	1	1	1	1	0	0	0	0	0	1	1	1	1	1	1	1
0	0	0	0	0	0	0	0	0	0	0	0	0	0	0	0	0	0	0	0	0	0	0	0
0	0	0	0	0	0	0	0	0	0	0	0	0	0	0	0	0	0	0	0	0	0	1	1
0	0	0	0	0	0	0	0	0	0	0	0	0	0	0	0	0	0	0	0	0	0	0	0
0	0	0	0	0	0	0	0	0	0	0	0	0	0	0	0	0	0	0	0	0	0	0	0
0	0	0	0	0	0	0	0	0	0	0	0	0	0	0	0	0	0	0	0	0	0	0	0
0	0	0	0	0	0	0	0	0	0	1	1	1	1	1	1	1	1	1	1	1	1	1	1
0	0	0	0	0	0	0	0	0	0	0	0	0	0	0	0	0	0	0	0	0	0	0	0
0	0	0	0	0	0	0	0	0	0	0	0	0	0	0	0	0	0	0	0	0	0	0	1
0	0	0	0	0	0	0	0	0	0	0	0	0	0	0	1	1	1	1	1	1	1	1	1
0	0	0	0	0	0	0	0	0	0	0	0	0	0	0	1	1	1	1	1	1	1	1	1
0	0	0	0	0	0	0	0	0	0	0	0	0	0	0	0	0	0	0	0	0	0	0	0
0	0	0	0	0	0	0	0	0	0	0	0	0	0	0	0	0	0	0	0	0	0	0	1
1	1	1	0	0	0	0	0	0	0	0	0	0	0	0	1	1	1	1	1	1	1	1	1
0	0	0	0	0	1	1	1	1	1	1	1	1	1	1	1	1	1	1	1	1	1	1	1
1	1	1	1	1	1	1	1	1	1	1	1	1	1	1	1	1	1	1	1	1	1	1	1
0	0	0	0	0	0	0	0	0	0	0	0	0	0	0	0	0	0	0	0	0	0	0	0
0	0	0	0	0	0	0	0	0	0	0	0	0	0	0	0	0	0	0	0	0	0	0	0
0	0	0	0	0	0	0	0	0	0	0	0	0	0	0	0	0	0	0	0	0	0	0	0
0	0	0	0	0	0	0	0	0	0	0	0	0	0	0	0	0	0	0	0	0	0	0	0
0	0	0	0	0	0	0	0	0	0	0	0	0	0	0	0	0	0	0	0	0	0	0	0
0	0	0	0	0	0	0	0	0	0	0	0	0	0	0	0	0	0	0	0	1	1	1	1
0	0	0	0	0	0	0	0	0	0	0	0	0	0	0	0	0	0	0	0	0	0	0	0
0	0	0	0	0	0	0	0	0	0	0	0	0	0	0	0	0	0	0	0	1	1	1	1
0	0	0	0	0	0	0	0	0	0	0	0	0	0	0	0	0	0	0	0	0	0	0	0
 
list 2: units dispatching power in scenario NO.1
0.0	0.0	0.0	0.0	0.0	0.0	0.0	0.0	0.0	0.0	0.0	0.0	0.0	0.0	0.0	0.0	0.0	0.0	0.0	0.0	0.0	0.0	0.0	0.0
0.0	0.0	0.0	0.0	0.0	0.0	0.0	0.0	0.0	0.0	0.0	0.0	0.0	0.0	0.0	0.0	0.0	0.0	0.0	0.0	0.0	0.0	0.0	0.0
0.0	0.0	0.0	0.0	0.0	0.0	0.0	0.0	0.0	0.0	0.0	0.0	0.0	0.0	0.0	0.0	0.0	0.0	0.0	0.0	0.0	0.0	0.0	0.0
1.5	0.0	0.0	0.0	0.0	0.0	0.0	0.0	0.0	0.0	1.5	2.099999993524099	2.5027605007859255	2.999999997549927	2.8363755891457147	2.9999999989857185	2.6675906065526105	2.9999999989158344	2.999999998414289	2.999999999824249	2.5899019630909383	2.699999999341166	2.099999999495609	1.5
0.0	0.0	0.0	0.0	0.0	0.0	0.0	0.0	0.0	0.0	0.0	0.0	0.0	0.0	0.0	1.0	1.5999999940822112	2.199999993198306	2.7999999892421235	2.9999999997861977	2.4000000007832396	1.8028083818357705	1.2028083820177808	1.5999999999702266
0.0	0.0	0.0	0.0	0.0	0.0	0.0	0.0	0.0	0.0	0.0	0.0	0.0	0.0	0.0	0.0	0.0	0.0	0.0	0.0	0.0	0.0	0.0	0.0
0.0	0.0	0.0	0.0	0.0	0.0	0.0	0.0	0.0	0.0	0.0	0.0	0.0	0.0	0.0	0.0	0.0	0.0	0.0	0.0	0.0	0.0	0.0	0.0
0.0	0.0	0.0	0.0	0.0	0.0	0.0	0.0	0.0	0.0	0.0	0.0	0.0	0.0	0.0	0.0	0.0	0.0	0.0	0.0	0.0	0.0	0.0	0.0
0.0	0.0	0.0	0.0	0.0	0.0	0.0	0.0	0.0	0.0	0.0	0.0	0.0	0.0	0.0	0.0	0.0	0.0	0.0	0.0	0.0	0.0	0.05	0.2999999999177062
2.999999998401445	2.5645921638864566	2.4283453081684963	1.828345308226472	1.43907998974659	2.039079989688481	2.639079988693744	2.999999997994623	2.999999970598158	2.3999999996685184	2.999999999610587	2.999999968559861	2.5027606372450655	2.9999999975508955	2.836375585045493	2.9999999989857202	2.6675906014536848	2.999999998915837	2.999999998414293	2.99999999982425	2.589901964287023	2.799999999308451	2.1999999994631354	1.599999999972693
1.7000000016500816	1.0000000048162763	1.0	0.0	0.0	0.0	0.0	0.0	0.0	0.0	0.0	0.0	0.0	0.0	1.0	1.6999999990352115	2.09999996817972	2.7999999671747045	3.4999999607277577	3.4999999997844427	2.8000000007381285	2.400000065252006	1.7000000654349972	2.399999999904248
0.0	0.0	0.0	0.0	0.0	0.0	0.0	0.0	0.0	0.0	0.0	0.0	0.0	0.0	0.0	0.0	0.0	0.0	0.0	0.0	0.0	0.0	0.0	0.0
0.0	0.0	0.0	0.0	0.0	0.0	0.0	0.0	0.0	0.0	0.0	0.0	0.0	0.0	0.0	0.0	0.0	0.0	0.0	0.0	0.0	0.0	0.0	0.0
0.0	0.0	0.0	0.0	0.0	0.0	0.0	0.0	0.0	0.0	0.0	0.0	0.0	0.0	0.0	0.0	0.0	0.0	0.0	0.0	0.0	0.0	0.0	0.0
0.0	0.0	0.0	0.0	0.0	0.0	0.0	0.0	0.0	0.0	0.0	0.0	0.0	0.0	0.0	0.0	0.0	0.0	0.0	0.0	0.0	0.0	0.0	0.0
0.0	0.0	0.0	0.0	0.0	0.0	0.0	0.0	0.0	0.0	0.0	0.0	0.0	0.0	0.0	0.0	0.0	0.0	0.0	0.0	0.0	0.0	0.0	0.0
0.0	0.0	0.0	0.0	0.0	0.0	0.0	0.0	0.0	0.0	0.0	0.0	0.0	0.0	0.0	0.0	0.0	0.0	0.0	0.0	0.0	0.0	0.0	0.0
0.0	0.0	0.0	0.0	0.0	0.0	0.0	0.0	0.0	0.0	0.0	0.0	0.0	0.0	0.0	0.0	0.0	0.0	0.0	0.0	0.0	0.0	0.0	0.0
0.0	0.0	0.0	0.0	0.0	0.0	0.0	0.0	0.0	0.0	0.0	0.0	0.0	0.0	0.0	0.0	0.0	0.0	0.0	0.0	0.0	0.0	0.0	0.0
1.5548319946058493	1.0548319964703101	1.000000003293802	0.5000000033535994	0.5000000018098159	1.0000000017471593	1.4999999986367676	1.9999999754076272	1.4999999995488378	1.9999999977188896	2.4999999976657437	1.9999999982948002	1.4999999996453104	1.7865237108813912	1.8135052325453407	2.3135052313648803	1.8135052457133123	2.313505244450634	2.499999983568861	2.499999999784724	2.000000000832707	2.271654620509583	1.7716546206945019	1.5000000017516104
0.0	0.0	0.0	0.0	0.0	0.0	0.0	0.0	0.0	0.0	0.0	0.0	0.0	0.0	0.0	0.0	0.0	0.5	0.9999999973739617	1.4999999970780515	0.9999999973772642	1.4999999962883614	0.9999999975713627	1.4999999974456828
0.0	0.0	0.0	0.0	0.0	0.0	0.0	0.0	0.0	0.0	0.0	0.0	0.0	0.0	0.0	0.0	0.0	0.0	0.0	0.0	0.0	0.0	0.0	0.0
0.0	0.0	0.0	0.0	0.0	0.0	0.0	0.0	0.0	0.0	0.0	0.0	0.0	0.0	0.0	0.0	0.0	0.0	0.0	0.0	0.0	0.0	0.0	0.0
0.0	0.0	0.0	0.0	0.0	0.0	0.0	0.0	0.0	0.0	0.0	0.0	0.0	0.0	0.0	0.0	0.0	0.5	0.8252628180098875	1.225262817656076	0.8252628178982301	0.9000000000571561	0.5000000004910655	0.8999999999670674
0.0	0.0	0.0	0.0	0.0	0.0	0.5	0.899999997955723	1.2000000004205202	1.599999998540601	1.9999999984871022	1.5999999991953269	1.2000000006827916	1.5999998955923933	1.599999977114625	1.9999999758947564	1.5999999862024432	1.9999999848499266	1.9999999930590846	1.9999999997914866	1.6000000010169981	1.9999999516041835	1.5999999517895527	1.299999999907808
0.0	0.0	0.0	0.0	0.0	0.0	0.0	0.0	0.0	0.0	0.0	0.0	0.0	0.0	0.0	0.0	0.0	0.0	0.0	0.0	0.0	0.0	0.0	0.0
4.199999998097548	3.3600000109557735	2.5483456833729337	1.7083456834309538	1.6800000051008117	2.5200000050427844	3.3600000041153524	4.199999997260287	4.015095789042584	3.3599999996479055	4.199999999590412	3.6281585866998745	3.3600000081244277	4.199999996567916	3.3600000355041177	4.199999998881479	3.360000027426814	4.199999998815404	4.199999998245345	4.199999999821726	3.3600000250148447	4.199999998798874	3.3599999990148146	3.1220331505354784
1.8400000034491257	1.0000000067097436	1.8400000013014193	1.0000000013636792	1.0000000009678705	1.8400000009019166	2.212851496777444	2.650808243762979	2.2021737593143715	3.042173758159205	3.882173758107245	3.042173758589313	2.2021737594862527	1.3621737698475889	1.9322663910299527	2.7722663899955835	2.224050375909897	3.064050374912892	3.904050369358463	4.199999999782514	3.3600000007040642	2.6800000315160837	1.8400000316996885	2.6800000008600504
0.0	0.0	0.0	0.0	0.0	0.8	1.3999999995784302	1.999999998772921	2.599999991779508	2.399999999665777	2.9999999996079607	2.9999999685591003	2.502760635450197	2.9999999975508915	2.8363755839684623	2.9999999989857207	2.66759060017831	2.999999998915838	2.999999998414294	2.99999999982425	2.589901992248717	2.9999999989594386	2.399999999179985	1.9999999999136806
0.0	0.0	0.0	0.0	0.0	0.0	0.0	0.0	0.3	0.3000000001254897	0.7999999998675775	0.3	0.0	0.0	0.0	0.0	0.0	0.3	0.30000000056734216	0.7999999995104116	0.3000000004551775	0.3000000595328537	0.30000000026946344	0.7999999999265277
0.0	0.0	0.0	0.0	0.0	0.0	0.0	0.0	0.0	0.0	0.0	0.0	0.0	0.0	0.0	0.0	0.0	0.0	0.0	0.0	0.0	0.0	0.0	0.0
0.0	0.0	0.0	0.0	0.0	0.0	0.0	0.0	0.0	0.0	0.0	0.0	0.0	0.0	0.0	0.0	0.0	0.0	0.0	0.0	0.0	0.0	0.05	0.2999999999177062
0.0	0.0	0.0	0.0	0.0	0.0	0.0	0.0	0.0	0.0	0.0	0.0	0.0	0.0	0.0	0.0	0.0	0.0	0.0	0.0	0.0	0.0	0.0	0.0
0.0	0.0	0.0	0.0	0.0	0.0	0.0	0.0	0.0	0.0	0.0	0.0	0.0	0.0	0.0	0.0	0.0	0.0	0.0	0.0	0.0	0.0	0.0	0.0
0.0	0.0	0.0	0.0	0.0	0.0	0.0	0.0	0.0	0.0	0.0	0.0	0.0	0.0	0.0	0.0	0.0	0.0	0.0	0.0	0.0	0.0	0.0	0.0
0.0	0.0	0.0	0.0	0.0	0.0	0.0	0.0	0.0	0.0	1.5	1.5000000034724994	1.5000000030689875	1.5000000272131893	1.799999970980165	2.3999999699368426	1.8000000017407296	2.400000000680464	2.9999999876304226	2.9999999997858	2.400000000763864	2.1000005439679743	1.5000005441503093	1.5
0.0	0.0	0.0	0.0	0.0	0.0	0.0	0.0	0.0	0.0	0.0	0.0	0.0	0.0	0.0	0.0	0.0	0.0	0.0	0.0	0.0	0.0	0.0	0.0
0.0	0.0	0.0	0.0	0.0	0.0	0.0	0.0	0.0	0.0	0.0	0.0	0.0	0.0	0.0	0.0	0.0	0.0	0.0	0.0	0.0	0.0	0.0	0.0
0.0	0.0	0.0	0.0	0.0	0.0	0.0	0.0	0.0	0.0	0.0	0.0	0.0	0.0	0.0	1.0	1.5999999940822112	2.199999993198306	2.7999999892421235	2.9999999997861977	2.4000000007832396	1.8028083818357654	1.2028083820177757	1.5999999999702266
0.0	0.0	0.0	0.0	0.0	0.0	0.0	0.0	0.0	0.0	0.0	0.0	0.0	0.0	0.0	0.5	0.8999999997213475	1.2999999994280809	1.6999999987100993	1.999999999825799	1.9999999665122086	1.999999999049549	1.599999999274084	1.2999999999141372
0.0	0.0	0.0	0.0	0.0	0.0	0.0	0.0	0.0	0.0	0.0	0.0	0.0	0.0	0.0	0.0	0.0	0.0	0.0	0.0	0.0	0.0	0.0	0.0
0.0	0.0	0.0	0.0	0.0	0.0	0.0	0.0	0.0	0.0	0.0	0.0	0.0	0.0	0.0	0.0	0.0	0.0	0.0	0.0	0.0	0.0	0.0	0.2
2.999999998401445	2.5645921638864566	2.4283453081684963	1.828345308226472	1.439079989746598	2.039079989688489	2.6390799886937515	2.999999997994623	2.9999999705981577	2.3999999996685184	2.999999999610587	2.999999968559861	2.502760637245065	2.999999997550895	2.836375585045493	2.9999999989857202	2.6675906014536848	2.999999998915837	2.999999998414293	2.99999999982425	2.589901964287023	2.799999999308451	2.1999999994631354	1.599999999972693
0.0	0.0	0.0	0.0	0.0	0.0	0.0	0.0	0.0	0.0	0.0	0.0	0.0	0.0	0.0	1.0	1.5999999940822112	2.199999993198306	2.7999999892421235	2.9999999997861977	2.4000000007832343	1.8028035170668026	1.2028035172488125	1.0
2.999999998401445	2.5645921638864566	2.4283453081684963	1.828345308226472	1.439079989746598	2.039079989688489	2.6390799886937515	2.999999997994623	2.999999970598158	2.3999999996685184	2.999999999610587	2.999999968559861	2.502760637245065	2.9999999975508955	2.836375585045493	2.9999999989857202	2.6675906014536848	2.999999998915837	2.999999998414293	2.99999999982425	2.589901964287023	2.799999999308451	2.1999999994631354	1.599999999972693
0.0	0.0	0.0	0.0	0.0	0.0	0.0	0.0	0.0	0.0	0.0	0.0	0.0	0.0	0.0	0.0	0.0	0.0	0.0	0.0	0.0	0.0	0.0	0.0
0.0	0.0	0.0	0.0	0.0	0.0	0.0	0.0	0.0	0.0	0.0	0.0	0.0	0.0	0.0	0.0	0.0	0.0	0.0	0.0	0.0	0.0	0.0	0.0
0.0	0.0	0.0	0.0	0.0	0.0	0.0	0.0	0.0	0.0	0.0	0.0	0.0	0.0	0.0	0.0	0.0	0.0	0.0	0.0	0.0	0.0	0.0	0.0
0.0	0.0	0.0	0.0	0.0	0.0	0.0	0.0	0.0	0.0	0.0	0.0	0.0	0.0	0.0	0.0	0.0	0.0	0.0	0.0	0.0	0.0	0.0	0.0
0.0	0.0	0.0	0.0	0.0	0.0	0.0	0.0	0.0	0.0	0.0	0.0	0.0	0.0	0.0	0.0	0.0	0.0	0.0	0.0	0.0	0.0	0.0	0.0
0.0	0.0	0.0	0.0	0.0	0.0	0.0	0.0	0.0	0.0	0.0	0.0	0.0	0.0	0.0	0.0	0.0	0.0	0.0	0.0	0.0	0.0	0.0	0.0
0.0	0.0	0.0	0.0	0.0	0.0	0.0	0.0	0.0	0.0	0.0	0.0	0.0	0.0	0.0	0.0	0.0	0.0	0.0	0.0	0.0	0.0	0.0	0.0
0.0	0.0	0.0	0.0	0.0	0.0	0.0	0.0	0.0	0.0	0.0	0.0	0.0	0.0	0.0	0.0	0.0	0.0	0.0	0.0	0.25	0.2529760693272371	0.25000000027129105	0.4499999999639594
0.0	0.0	0.0	0.0	0.0	0.0	0.0	0.0	0.0	0.0	0.0	0.0	0.0	0.0	0.0	0.0	0.0	0.0	0.0	0.0	0.0	0.0	0.0	0.0
0.0	0.0	0.0	0.0	0.0	0.0	0.0	0.0	0.0	0.0	0.0	0.0	0.0	0.0	0.0	0.0	0.0	0.0	0.0	0.0	0.0	0.0	0.0	0.0
0.0	0.0	0.0	0.0	0.0	0.0	0.0	0.0	0.0	0.0	0.0	0.0	0.0	0.0	0.0	0.0	0.0	0.0	0.0	0.0	0.0	0.0	0.0	0.0
0.0	0.0	0.0	0.0	0.0	0.0	0.0	0.0	0.0	0.0	0.0	0.0	0.0	0.0	0.0	0.0	0.0	0.0	0.0	0.0	0.0	0.0	0.0	0.0
1.5	0.0	0.0	0.0	0.0	0.0	0.0	0.0	0.0	0.0	1.5	2.099999993524099	2.5027605007859255	2.999999997549927	2.8363755891457147	2.9999999989857185	2.6675906065526105	2.9999999989158344	2.999999998414289	2.999999999824249	2.5899019630909383	2.699999999341166	2.099999999495609	1.5
0.0	0.0	0.0	0.0	0.0	1.0	1.5999999855912974	2.1999999515593878	1.7999999921338214	2.3999999909425567	2.999999990890412	2.3999999913953216	1.799999992336055	1.2000000064980088	1.7999999383728238	2.3999999373456604	1.799999998322943	2.399999997279373	2.9999999863688966	2.9999999997861977	2.4000000007832334	1.8028035284625508	1.2028035286445609	1.0
0.0	0.0	0.0	0.0	0.0	0.0	0.0	0.0	0.0	0.0	0.0	0.0	0.0	0.0	0.0	0.0	0.0	0.0	0.0	0.0	0.0	0.0	0.0	0.0
0.0	0.0	0.0	0.0	0.0	0.0	0.0	0.0	0.0	0.0	0.0	0.0	0.0	0.0	0.0	0.0	0.0	0.0	0.0	0.0	0.0	0.0	0.0	0.0
0.0	0.0	0.0	0.0	0.0	0.0	0.0	0.0	0.0	0.0	0.0	0.0	0.0	0.0	0.0	0.0	0.0	0.0	0.0	0.0	0.0	0.0	0.0	0.0
0.0	0.0	0.0	0.0	0.0	0.0	0.0	0.0	0.0	0.0	0.0	0.0	0.0	0.0	0.0	0.0	0.0	0.0	0.0	0.0	0.0	0.0	0.05	0.2999999999177062
2.199999998549765	1.5999999993005118	1.0	0.0	0.0	0.0	0.0	0.0	0.0	0.0	0.0	0.0	0.0	0.0	0.0	1.0	1.5999999996983996	2.1999999993866424	2.7999999986063564	2.99999999982425	2.5899019642869465	2.799999999308451	2.1999999994631354	1.599999999972693
1.7000000016500816	1.0000000048162763	1.0	0.0	0.0	0.0	0.0	0.0	0.0	0.0	0.0	0.0	0.0	0.0	1.0	1.6999999990352115	2.09999996817972	2.7999999671747045	3.4999999607277577	3.4999999997844427	2.8000000007381285	2.400000065252006	1.7000000654349972	2.399999999904248
0.0	0.0	0.0	0.0	0.0	0.0	0.0	0.0	0.0	0.0	0.0	0.0	0.0	0.0	0.0	0.0	0.0	0.0	0.0	0.0	0.0	0.0	0.0	0.0
0.0	0.0	0.0	0.0	0.0	0.0	0.0	0.0	0.0	0.0	0.0	0.0	0.0	0.0	0.0	0.0	0.0	0.0	0.0	0.0	0.0	0.0	0.0	0.0
0.0	0.0	0.0	0.0	0.0	0.0	0.0	0.0	0.0	0.0	0.0	0.0	0.0	0.0	0.0	0.0	0.0	0.0	0.0	0.0	0.0	0.0	0.0	0.0
0.0	0.0	0.0	0.0	0.0	0.0	0.0	0.0	0.0	0.0	0.0	0.0	0.0	0.0	0.0	0.0	0.0	0.0	0.0	0.0	0.0	0.0	0.0	0.0
0.0	0.0	0.0	0.0	0.0	0.0	0.0	0.0	0.0	0.0	0.0	0.0	0.0	0.0	0.0	0.0	0.0	0.0	0.0	0.0	0.0	0.0	0.0	0.0
0.0	0.0	0.0	0.0	0.0	0.0	0.0	0.0	0.0	0.0	0.0	0.0	0.0	0.0	0.0	0.0	0.0	0.0	0.0	0.0	0.0	0.0	0.0	0.0
0.0	0.0	0.0	0.0	0.0	0.0	0.0	0.0	0.0	0.0	0.0	0.0	0.0	0.0	0.0	0.0	0.0	0.0	0.0	0.0	0.0	0.0	0.0	0.0
0.0	0.0	0.0	0.0	0.0	0.0	0.0	0.0	0.0	0.0	0.0	0.0	0.0	0.0	0.0	0.0	0.0	0.0	0.0	0.0	0.0	0.0	0.0	0.0
1.5548319946058469	1.0548319964703077	1.000000003293802	0.5000000033535994	0.5000000018098159	1.0000000017471593	1.4999999986367676	1.9999999754076272	1.4999999995488378	1.9999999977188896	2.4999999976657437	1.9999999982948002	1.4999999996453104	1.7865237108813912	1.8135052325453422	2.3135052313648816	1.8135052457133136	2.313505244450635	2.499999983568861	2.499999999784724	2.000000000832707	2.271654620509583	1.7716546206945019	1.5000000017516104
0.0	0.0	0.0	0.0	0.0	0.0	0.0	0.0	0.0	0.0	0.0	0.0	0.0	0.0	0.0	0.0	0.5	0.5000000017539055	0.9999999982067149	1.4999999978994971	0.9999999981873512	1.4999999969228437	0.9999999980668428	1.4999999979391236
0.0	0.0	0.0	0.0	0.0	0.0	0.0	0.0	0.0	0.0	0.0	0.0	0.0	0.0	0.0	0.0	0.0	0.0	0.0	0.0	0.0	0.0	0.0	0.0
0.0	0.0	0.0	0.0	0.0	0.0	0.0	0.0	0.0	0.0	0.0	0.0	0.0	0.0	0.0	0.0	0.0	0.0	0.0	0.0	0.0	0.0	0.0	0.0
0.0	0.0	0.0	0.0	0.0	0.0	0.0	0.0	0.0	0.0	0.0	0.0	0.0	0.0	0.0	0.0	0.0	0.5	0.8252628180098875	1.225262817656076	0.8252628178982301	0.9000000000571561	0.5000000004910655	0.8999999999670674
0.0	0.0	0.0	0.0	0.0	0.5	0.8999999987202554	1.2999999956017838	1.2000000004199167	1.5999999985404785	1.9999999984869798	1.599999999195204	1.200000000682667	1.5999998955443884	1.5999999771145887	1.9999999758947204	1.599999986202652	1.9999999848501369	1.9999999930590846	1.9999999997914866	1.6000000010169981	1.9999999516041835	1.5999999517895527	1.299999999907808
0.0	0.0	0.0	0.0	0.0	0.0	0.0	0.0	0.0	0.0	0.0	0.0	0.0	0.0	0.0	0.0	0.0	0.0	0.25	0.4499999999103645	0.45000000266278684	0.6499999988857119	0.44999999905612365	0.25
4.199999998097548	3.3600000109557735	2.5483456833729337	1.7083456834309538	1.6800000051008117	2.5200000050427844	3.3600000041153524	4.199999997260287	4.015095789042584	3.3599999996479055	4.199999999590412	3.6281585866998745	3.3600000081244277	4.199999996567916	3.3600000355041177	4.199999998881479	3.360000027426814	4.199999998815404	4.199999998245345	4.199999999821726	3.3600000250148447	4.199999998798874	3.3599999990148146	3.1220331505354784
1.8400000034491255	1.0000000067097436	1.8400000013014193	1.0000000013636792	1.0000000009678705	1.8400000009019166	2.212851496777439	2.650808243763008	2.202173759314376	3.0421737581592097	3.8821737581072497	3.0421737585893176	2.202173759486257	1.3621737698475933	1.9322663910299473	2.772266389995578	2.2240503759098837	3.0640503749128785	3.90405036935845	4.199999999782514	3.360000000704064	2.6800000315161245	1.8400000316997298	2.680000000860054
2.999999998401446	2.5645921624466332	2.428345305021692	1.8283453050796679	1.4390799835830417	2.0390799835249327	2.6390799825301885	2.999999997994628	2.9999999705985054	2.399999999668519	2.999999999610588	2.9999999685591003	2.502760635450311	2.9999999975508906	2.836375583968479	2.9999999989857207	2.667590600178312	2.999999998915838	2.999999998414294	2.99999999982425	2.5899019922487163	2.9999999989594386	2.399999999179985	1.9999999999136806
0.0	0.0	0.0	0.0	0.0	0.0	0.0	0.0	0.3	0.3000000001254897	0.7999999998675775	0.3	0.0	0.0	0.0	0.0	0.0	0.3	0.30000000056734216	0.7999999995104116	0.3000000004551775	0.3000000595328537	0.30000000026946344	0.7999999999265277
0.0	0.0	0.0	0.0	0.0	0.0	0.0	0.0	0.0	0.0	0.0	0.0	0.0	0.0	0.0	0.0	0.0	0.0	0.0	0.0	0.0	0.0	0.0	0.0
0.0	0.0	0.0	0.0	0.0	0.0	0.0	0.0	0.0	0.0	0.0	0.0	0.0	0.0	0.0	0.0	0.0	0.0	0.0	0.0	0.0	0.0	0.05	0.2999999999177062
0.0	0.0	0.0	0.0	0.0	0.0	0.0	0.0	0.0	0.0	0.0	0.0	0.0	0.0	0.0	0.0	0.0	0.0	0.0	0.0	0.0	0.0	0.0	0.0
0.0	0.0	0.0	0.0	0.0	0.0	0.0	0.0	0.0	0.0	0.0	0.0	0.0	0.0	0.0	0.0	0.0	0.0	0.0	0.0	0.0	0.0	0.0	0.0
0.0	0.0	0.0	0.0	0.0	0.0	0.0	0.0	0.0	0.0	0.0	0.0	0.0	0.0	0.0	0.0	0.0	0.0	0.0	0.0	0.0	0.0	0.0	0.0
0.0	0.0	0.0	0.0	0.0	0.0	0.0	0.0	0.0	0.0	1.5	1.5000000034724994	1.5000000030689875	1.5000000272131893	1.799999970980165	2.3999999699368426	1.8000000017407296	2.400000000680464	2.9999999876304226	2.9999999997858	2.400000000763864	2.1000005439679743	1.5000005441503093	1.5
0.0	0.0	0.0	0.0	0.0	0.0	0.0	0.0	0.0	0.0	0.0	0.0	0.0	0.0	0.0	0.0	0.0	0.0	0.0	0.0	0.0	0.0	0.0	0.0
0.0	0.0	0.0	0.0	0.0	0.0	0.0	0.0	0.0	0.0	0.0	0.0	0.0	0.0	0.0	0.0	0.0	0.0	0.0	0.0	0.0	0.0	0.0	0.1
0.0	0.0	0.0	0.0	0.0	0.0	0.0	0.0	0.0	0.0	0.0	0.0	0.0	0.0	0.0	1.0	1.5999999940822112	2.199999993198306	2.7999999892421235	2.9999999997861977	2.4000000007832396	1.8028083818357654	1.2028083820177757	1.5999999999702266
0.0	0.0	0.0	0.0	0.0	0.0	0.0	0.0	0.0	0.0	0.0	0.0	0.0	0.0	0.0	0.5	0.8999999997213475	1.2999999994280809	1.6999999987100993	1.999999999825799	1.9999999665122086	1.999999999049549	1.599999999274084	1.2999999999141372
0.0	0.0	0.0	0.0	0.0	0.0	0.0	0.0	0.0	0.0	0.0	0.0	0.0	0.0	0.0	0.0	0.0	0.0	0.0	0.0	0.0	0.0	0.0	0.0
0.0	0.0	0.0	0.0	0.0	0.0	0.0	0.0	0.0	0.0	0.0	0.0	0.0	0.0	0.0	0.0	0.0	0.0	0.0	0.0	0.0	0.0	0.0	0.2
2.199999998549765	1.5999999993005118	1.0	0.0	0.0	0.0	0.0	0.0	0.0	0.0	0.0	0.0	0.0	0.0	0.0	1.0	1.5999999996983996	2.1999999993866424	2.7999999986063564	2.99999999982425	2.5899019936596694	2.9999999989593684	2.3999999991799177	2.799999959456245
0.0	0.0	0.0	0.0	0.0	1.0	1.5999999855912974	2.1999999515593878	1.7999999921338214	2.3999999909425567	2.999999990890412	2.3999999913953216	1.799999992336055	1.2000000064980088	1.7999999383728238	2.3999999373456604	1.799999998322943	2.399999997279373	2.9999999863688966	2.9999999997861977	2.400000000783234	1.8028035284625545	1.2028035286445646	1.0
2.999999998401445	2.5645921638864566	2.4283453081684963	1.828345308226472	1.43907998974659	2.039079989688481	2.639079988693744	2.999999997994623	2.999999970598158	2.399999999668519	2.999999999610587	2.999999968559861	2.502760637245065	2.999999997550895	2.836375585045493	2.9999999989857202	2.6675906014536848	2.999999998915837	2.999999998414293	2.99999999982425	2.589901964287023	2.799999999308451	2.1999999994631354	1.599999999972693
0.0	0.0	0.0	0.0	0.0	0.0	0.0	0.0	0.0	0.0	0.0	0.0	0.0	0.0	0.0	0.0	0.0	0.0	0.0	0.0	0.0	0.0	0.0	0.0
0.0	0.0	0.0	0.0	0.0	0.0	0.0	0.0	0.0	0.0	0.0	0.0	0.0	0.0	0.0	0.0	0.0	0.0	0.0	0.0	0.0	0.0	0.0	0.0
0.0	0.0	0.0	0.0	0.0	0.0	0.0	0.0	0.0	0.0	0.0	0.0	0.0	0.0	0.0	0.0	0.0	0.0	0.0	0.0	0.0	0.0	0.0	0.0
0.0	0.0	0.0	0.0	0.0	0.0	0.0	0.0	0.0	0.0	0.0	0.0	0.0	0.0	0.0	0.0	0.0	0.0	0.0	0.0	0.0	0.0	0.0	0.0
0.0	0.0	0.0	0.0	0.0	0.0	0.0	0.0	0.0	0.0	0.0	0.0	0.0	0.0	0.0	0.0	0.0	0.0	0.0	0.0	0.0	0.0	0.0	0.0
0.0	0.0	0.0	0.0	0.0	0.0	0.0	0.0	0.0	0.0	0.0	0.0	0.0	0.0	0.0	0.0	0.0	0.0	0.0	0.0	0.25	0.2529760693272371	0.25000000027129105	0.4499999999639594
0.0	0.0	0.0	0.0	0.0	0.0	0.0	0.0	0.0	0.0	0.0	0.0	0.0	0.0	0.0	0.0	0.0	0.0	0.0	0.0	0.0	0.0	0.0	0.0
0.0	0.0	0.0	0.0	0.0	0.0	0.0	0.0	0.0	0.0	0.0	0.0	0.0	0.0	0.0	0.0	0.0	0.0	0.0	0.0	0.25	0.2529760693272371	0.25000000027129105	0.4499999999639594
0.0	0.0	0.0	0.0	0.0	0.0	0.0	0.0	0.0	0.0	0.0	0.0	0.0	0.0	0.0	0.0	0.0	0.0	0.0	0.0	0.0	0.0	0.0	0.0
 
list 3: spolied wind power
0.0	0.0	0.0	0.0	0.0	0.0	0.0	0.0	0.0	0.0	0.0	0.0	0.0	0.0	0.0	0.0	0.0	0.0	0.0	0.0	0.0	0.0	0.0	0.0
0.0	0.0	0.0	0.0	0.0	0.0	0.0	0.0	0.0	0.0	0.0	0.0	0.0	0.0	0.0	0.0	0.0	0.0	0.0	0.0	0.0	9.466779031841596e-14	0.0	0.0
 
list 4: forced load curtailments
0.0	0.0	0.0	0.0	0.0	0.0	0.0	0.0	0.0	0.0	0.0	0.0	0.0	0.0	0.0	0.0	0.0	0.0	0.0	0.0	0.0	0.0	0.0	0.0
0.0	0.0	0.0	0.0	0.0	0.0	0.0	0.0	0.0	0.0	0.0	0.0	0.0	0.0	0.0	0.0	0.0	0.0	0.0	0.0	0.0	0.0	0.0	0.0
0.0	0.0	0.0	0.0	0.0	0.0	0.0	0.0	0.0	0.0	0.0	0.0	0.0	0.0	0.0	0.0	0.0	0.0	0.0	0.0	0.0	0.0	0.0	0.0
0.0	0.0	0.0	0.0	0.0	0.0	0.0	0.0	0.0	0.0	0.0	0.0	0.0	0.0	0.0	0.0	0.0	0.0	0.0	0.0	0.0	0.0	0.0	0.0
0.0	0.0	0.0	0.0	0.0	0.0	0.0	0.0	0.0	0.0	0.0	0.0	0.0	0.0	0.0	0.0	0.0	0.0	0.0	0.0	0.0	0.0	0.0	0.0
0.0	0.0	0.0	0.0	0.0	0.0	0.0	0.0	0.0	0.0	0.0	0.0	0.0	0.0	0.0	0.0	0.0	0.0	0.0	0.0	0.0	0.0	0.0	0.0
0.0	0.0	0.0	0.0	0.0	0.0	0.0	0.0	0.0	0.0	0.0	0.0	0.0	0.0	0.0	0.0	0.0	0.0	0.0	0.0	0.0	0.0	0.0	0.0
0.0	0.0	0.0	0.0	0.0	0.0	0.0	0.0	0.0	0.0	0.0	0.0	0.0	0.0	0.0	0.0	0.0	0.0	0.0	0.0	0.0	0.0	0.0	0.0
0.0	0.0	0.0	0.0	0.0	0.0	0.0	0.0	0.0	0.0	0.0	0.0	0.0	0.0	0.0	0.0	0.0	0.0	0.0	0.0	0.0	0.0	0.0	0.0
0.0	0.0	0.0	0.0	0.0	0.0	0.0	0.0	0.0	0.0	0.0	0.0	0.0	0.0	0.0	0.0	0.0	0.0	0.0	0.0	0.0	0.0	0.0	0.0
0.0	0.0	0.0	0.0	0.0	0.0	0.0	0.0	0.0	0.0	0.0	0.0	0.0	0.0	0.0	0.0	0.0	0.0	0.0	0.0	0.0	0.0	0.0	0.0
0.0	0.0	0.0	0.0	0.0	0.0	0.0	0.0	0.0	0.0	0.0	0.0	0.0	0.0	0.0	0.0	0.0	0.0	0.0	0.0	0.0	0.0	0.0	0.0
0.0	0.0	0.0	0.0	0.0	0.0	0.0	0.0	0.0	0.0	0.0	0.0	0.0	0.0	0.0	0.0	0.0	0.0	0.0	0.0	0.0	0.0	0.0	0.0
0.0	0.0	0.0	0.0	0.0	0.0	0.0	0.0	0.0	0.0	0.0	0.0	0.0	0.0	0.0	0.0	0.0	0.0	0.0	0.0	0.0	0.0	0.0	0.0
0.0	0.0	0.0	0.0	0.0	0.0	0.0	0.0	0.0	0.0	0.0	0.0	0.0	0.0	0.0	0.0	0.0	0.0	0.0	0.0	0.0	0.0	0.0	0.0
0.0	0.0	0.0	0.0	0.0	0.0	0.0	0.0	0.0	0.0	0.0	0.0	0.0	0.0	0.0	0.0	0.0	0.0	0.0	0.0	0.0	0.0	0.0	0.0
0.0	0.0	0.0	0.0	0.0	0.0	0.0	0.0	0.0	0.0	0.0	0.0	0.0	0.0	0.0	0.0	0.0	0.0	0.0	0.0	0.0	0.0	0.0	0.0
0.0	0.0	0.0	0.0	0.0	0.0	0.0	0.0	0.0	0.0	0.0	0.0	0.0	0.0	0.0	0.0	0.0	0.0	0.0	0.0	0.0	0.0	0.0	0.0
0.0	0.0	0.0	0.0	0.0	0.0	0.0	0.0	0.0	0.0	0.0	0.0	0.0	0.0	0.0	0.0	0.0	0.0	0.0	0.0	0.0	0.0	0.0	0.0
0.0	0.0	0.0	0.0	0.0	0.0	0.0	0.0	0.0	0.0	0.0	0.0	0.0	0.0	0.0	0.0	0.0	0.0	0.0	0.0	0.0	0.0	0.0	0.0
0.0	0.0	0.0	0.0	0.0	0.0	0.0	0.0	0.0	0.0	0.0	0.0	0.0	0.0	0.0	0.0	0.0	0.0	0.0	0.0	0.0	0.0	0.0	0.0
0.0	0.0	0.0	0.0	0.0	0.0	0.0	0.0	0.0	0.0	0.0	0.0	0.0	0.0	0.0	0.0	0.0	0.0	0.0	0.0	0.0	0.0	0.0	0.0
0.0	0.0	0.0	0.0	0.0	0.0	0.0	0.0	0.0	0.0	0.0	0.0	0.0	0.0	0.0	0.0	0.0	0.0	0.0	0.0	0.0	0.0	0.0	0.0
0.0	0.0	0.0	0.0	0.0	0.0	0.0	0.0	0.0	0.0	0.0	0.0	0.0	0.0	0.0	0.0	0.0	0.0	0.0	0.0	0.0	0.0	0.0	0.0
0.0	0.0	0.0	0.0	0.0	0.0	0.0	0.0	0.0	0.0	0.0	0.0	0.0	0.0	0.0	0.0	0.0	0.0	0.0	0.0	0.0	0.0	0.0	0.0
0.0	0.0	0.0	0.0	0.0	0.0	0.0	0.0	0.0	0.0	0.0	0.0	0.0	0.0	0.0	0.0	0.0	0.0	0.0	0.0	0.0	0.0	0.0	0.0
0.0	0.0	0.0	0.0	0.0	0.0	0.0	0.0	0.0	0.0	0.0	0.0	0.0	0.0	0.0	0.0	0.0	0.0	0.0	0.0	0.0	0.0	0.0	0.0
0.0	0.0	0.0	0.0	0.0	0.0	0.0	0.0	0.0	0.0	0.0	0.0	0.0	0.0	0.0	0.0	0.0	0.0	0.0	0.0	0.0	0.0	0.0	0.0
0.0	0.0	0.0	0.0	0.0	0.0	0.0	0.0	0.0	0.0	0.0	0.0	0.0	0.0	0.0	0.0	0.0	0.0	0.0	0.0	0.0	0.0	0.0	0.0
0.0	0.0	0.0	0.0	0.0	0.0	0.0	0.0	0.0	0.0	0.0	0.0	0.0	0.0	0.0	0.0	0.0	0.0	0.0	0.0	0.0	0.0	0.0	0.0
0.0	0.0	0.0	0.0	0.0	0.0	0.0	0.0	0.0	0.0	0.0	0.0	0.0	0.0	0.0	0.0	0.0	0.0	0.0	0.0	0.0	0.0	0.0	0.0
0.0	0.0	0.0	0.0	0.0	0.0	0.0	0.0	0.0	0.0	0.0	0.0	0.0	0.0	0.0	0.0	0.0	0.0	0.0	0.0	0.0	0.0	0.0	0.0
0.0	0.0	0.0	0.0	0.0	0.0	0.0	0.0	0.0	0.0	0.0	0.0	0.0	0.0	0.0	0.0	0.0	0.0	0.0	0.0	0.0	0.0	0.0	0.0
0.0	0.0	0.0	0.0	0.0	0.0	0.0	0.0	0.0	0.0	0.0	0.0	0.0	0.0	0.0	0.0	0.0	0.0	0.0	0.0	0.0	0.0	0.0	0.0
0.0	0.0	0.0	0.0	0.0	0.0	0.0	0.0	0.0	0.0	0.0	0.0	0.0	0.0	0.0	0.0	0.0	0.0	0.0	0.0	0.0	0.0	0.0	0.0
0.0	0.0	0.0	0.0	0.0	0.0	0.0	0.0	0.0	0.0	0.0	0.0	0.0	0.0	0.0	0.0	0.0	0.0	0.0	0.0	0.0	0.0	0.0	0.0
0.0	0.0	0.0	0.0	0.0	0.0	0.0	0.0	0.0	0.0	0.0	0.0	0.0	0.0	0.0	0.0	0.0	0.0	0.0	0.0	0.0	0.0	0.0	0.0
0.0	0.0	0.0	0.0	0.0	0.0	0.0	0.0	0.0	0.0	0.0	0.0	0.0	0.0	0.0	0.0	0.0	0.0	0.0	0.0	0.0	0.0	0.0	0.0
0.0	0.0	0.0	0.0	0.0	0.0	0.0	0.0	0.0	0.0	0.0	0.0	0.0	0.0	0.0	0.0	0.0	0.0	0.0	0.0	0.0	0.0	0.0	0.0
0.0	0.0	0.0	0.0	0.0	0.0	0.0	0.0	0.0	0.0	0.0	0.0	0.0	0.0	0.0	0.0	0.0	0.0	0.0	0.0	0.0	0.0	0.0	0.0
0.0	0.0	0.0	0.0	0.0	0.0	0.0	0.0	0.0	0.0	0.0	0.0	0.0	0.0	0.0	0.0	0.0	0.0	0.0	0.0	0.0	0.0	0.0	0.0
0.0	0.0	0.0	0.0	0.0	0.0	0.0	0.0	0.0	0.0	0.0	0.0	0.0	0.0	0.0	0.0	0.0	0.0	0.0	0.0	0.0	0.0	0.0	0.0
0.0	0.0	0.0	0.0	0.0	0.0	0.0	0.0	0.0	0.0	0.0	0.0	0.0	0.0	0.0	0.0	0.0	0.0	0.0	0.0	0.0	0.0	0.0	0.0
0.0	0.0	0.0	0.0	0.0	0.0	0.0	0.0	0.0	0.0	0.0	0.0	0.0	0.0	0.0	0.0	0.0	0.0	0.0	0.0	0.0	0.0	0.0	0.0
0.0	0.0	0.0	0.0	0.0	0.0	0.0	0.0	0.0	0.0	0.0	0.0	0.0	0.0	0.0	0.0	0.0	0.0	0.0	0.0	0.0	0.0	0.0	0.0
0.0	0.0	0.0	0.0	0.0	0.0	0.0	0.0	0.0	0.0	0.0	0.0	0.0	0.0	0.0	0.0	0.0	0.0	0.0	0.0	0.0	0.0	0.0	0.0
0.0	0.0	0.0	0.0	0.0	0.0	0.0	0.0	0.0	0.0	0.0	0.0	0.0	0.0	0.0	0.0	0.0	0.0	0.0	0.0	0.0	0.0	0.0	0.0
0.0	0.0	0.0	0.0	0.0	0.0	0.0	0.0	0.0	0.0	0.0	0.0	0.0	0.0	0.0	0.0	0.0	0.0	0.0	0.0	0.0	0.0	0.0	0.0
0.0	0.0	0.0	0.0	0.0	0.0	0.0	0.0	0.0	0.0	0.0	0.0	0.0	0.0	0.0	0.0	0.0	0.0	0.0	0.0	0.0	0.0	0.0	0.0
0.0	0.0	0.0	0.0	0.0	0.0	0.0	0.0	0.0	0.0	0.0	0.0	0.0	0.0	0.0	0.0	0.0	0.0	0.0	0.0	0.0	0.0	0.0	0.0
0.0	0.0	0.0	0.0	0.0	0.0	0.0	0.0	0.0	0.0	0.0	0.0	0.0	0.0	0.0	0.0	0.0	0.0	0.0	0.0	0.0	0.0	0.0	0.0
0.0	0.0	0.0	0.0	0.0	0.0	0.0	0.0	0.0	0.0	0.0	0.0	0.0	0.0	0.0	0.0	0.0	0.0	0.0	0.0	0.0	0.0	0.0	0.0
0.0	0.0	0.0	0.0	0.0	0.0	0.0	0.0	0.0	0.0	0.0	0.0	0.0	0.0	0.0	0.0	0.0	0.0	0.0	0.0	0.0	0.0	0.0	0.0
0.0	0.0	0.0	0.0	0.0	0.0	0.0	0.0	0.0	0.0	0.0	0.0	0.0	0.0	0.0	0.0	0.0	0.0	0.0	0.0	0.0	0.0	0.0	0.0
0.0	0.0	0.0	0.0	0.0	0.0	0.0	0.0	0.0	0.0	0.0	0.0	0.0	0.0	0.0	0.0	0.0	0.0	0.0	0.0	0.0	0.0	0.0	0.0
0.0	0.0	0.0	0.0	0.0	0.0	0.0	0.0	0.0	0.0	0.0	0.0	0.0	0.0	0.0	0.0	0.0	0.0	0.0	0.0	0.0	0.0	0.0	0.0
0.0	0.0	0.0	0.0	0.0	0.0	0.0	0.0	0.0	0.0	0.0	0.0	0.0	0.0	0.0	0.0	0.0	0.0	0.0	0.0	0.0	0.0	0.0	0.0
0.0	0.0	0.0	0.0	0.0	0.0	0.0	0.0	0.0	0.0	0.0	0.0	0.0	0.0	0.0	0.0	0.0	0.0	0.0	0.0	0.0	0.0	0.0	0.0
0.0	0.0	0.0	0.0	0.0	0.0	0.0	0.0	0.0	0.0	0.0	0.0	0.0	0.0	0.0	0.0	0.0	0.0	0.0	0.0	0.0	0.0	0.0	0.0
0.0	0.0	0.0	0.0	0.0	0.0	0.0	0.0	0.0	0.0	0.0	0.0	0.0	0.0	0.0	0.0	0.0	0.0	0.0	0.0	0.0	0.0	0.0	0.0
0.0	0.0	0.0	0.0	0.0	0.0	0.0	0.0	0.0	0.0	0.0	0.0	0.0	0.0	0.0	0.0	0.0	0.0	0.0	0.0	0.0	0.0	0.0	0.0
0.0	0.0	0.0	0.0	0.0	0.0	0.0	0.0	0.0	0.0	0.0	0.0	0.0	0.0	0.0	0.0	0.0	0.0	0.0	0.0	0.0	0.0	0.0	0.0
0.0	0.0	0.0	0.0	0.0	0.0	0.0	0.0	0.0	0.0	0.0	0.0	0.0	0.0	0.0	0.0	0.0	0.0	0.0	0.0	0.0	0.0	0.0	0.0
0.0	0.0	0.0	0.0	0.0	0.0	0.0	0.0	0.0	0.0	0.0	0.0	0.0	0.0	0.0	0.0	0.0	0.0	0.0	0.0	0.0	0.0	0.0	0.0
0.0	0.0	0.0	0.0	0.0	0.0	0.0	0.0	0.0	0.0	0.0	0.0	0.0	0.0	0.0	0.0	0.0	0.0	0.0	0.0	0.0	0.0	0.0	0.0
0.0	0.0	0.0	0.0	0.0	0.0	0.0	0.0	0.0	0.0	0.0	0.0	0.0	0.0	0.0	0.0	0.0	0.0	0.0	0.0	0.0	0.0	0.0	0.0
0.0	0.0	0.0	0.0	0.0	0.0	0.0	0.0	0.0	0.0	0.0	0.0	0.0	0.0	0.0	0.0	0.0	0.0	0.0	0.0	0.0	0.0	0.0	0.0
0.0	0.0	0.0	0.0	0.0	0.0	0.0	0.0	0.0	0.0	0.0	0.0	0.0	0.0	0.0	0.0	0.0	0.0	0.0	0.0	0.0	0.0	0.0	0.0
0.0	0.0	0.0	0.0	0.0	0.0	0.0	0.0	0.0	0.0	0.0	0.0	0.0	0.0	0.0	0.0	0.0	0.0	0.0	0.0	0.0	0.0	0.0	0.0
0.0	0.0	0.0	0.0	0.0	0.0	0.0	0.0	0.0	0.0	0.0	0.0	0.0	0.0	0.0	0.0	0.0	0.0	0.0	0.0	0.0	0.0	0.0	0.0
0.0	0.0	0.0	0.0	0.0	0.0	0.0	0.0	0.0	0.0	0.0	0.0	0.0	0.0	0.0	0.0	0.0	0.0	0.0	0.0	0.0	0.0	0.0	0.0
0.0	0.0	0.0	0.0	0.0	0.0	0.0	0.0	0.0	0.0	0.0	0.0	0.0	0.0	0.0	0.0	0.0	0.0	0.0	0.0	0.0	0.0	0.0	0.0
0.0	0.0	0.0	0.0	0.0	0.0	0.0	0.0	0.0	0.0	0.0	0.0	0.0	0.0	0.0	0.0	0.0	0.0	0.0	0.0	0.0	0.0	0.0	0.0
0.0	0.0	0.0	0.0	0.0	0.0	0.0	0.0	0.0	0.0	0.0	0.0	0.0	0.0	0.0	0.0	0.0	0.0	0.0	0.0	0.0	0.0	0.0	0.0
0.0	0.0	0.0	0.0	0.0	0.0	0.0	0.0	0.0	0.0	0.0	0.0	0.0	0.0	0.0	0.0	0.0	0.0	0.0	0.0	0.0	0.0	0.0	0.0
0.0	0.0	0.0	0.0	0.0	0.0	0.0	0.0	0.0	0.0	0.0	0.0	0.0	0.0	0.0	0.0	0.0	0.0	0.0	0.0	0.0	0.0	0.0	0.0
0.0	0.0	0.0	0.0	0.0	0.0	0.0	0.0	0.0	0.0	0.0	0.0	0.0	0.0	0.0	0.0	0.0	0.0	0.0	0.0	0.0	0.0	0.0	0.0
0.0	0.0	0.0	0.0	0.0	0.0	0.0	0.0	0.0	0.0	0.0	0.0	0.0	0.0	0.0	0.0	0.0	0.0	0.0	0.0	0.0	0.0	0.0	0.0
0.0	0.0	0.0	0.0	0.0	0.0	0.0	0.0	0.0	0.0	0.0	0.0	0.0	0.0	0.0	0.0	0.0	0.0	0.0	0.0	0.0	0.0	0.0	0.0
0.0	0.0	0.0	0.0	0.0	0.0	0.0	0.0	0.0	0.0	0.0	0.0	0.0	0.0	0.0	0.0	0.0	0.0	0.0	0.0	0.0	0.0	0.0	0.0
0.0	0.0	0.0	0.0	0.0	0.0	0.0	0.0	0.0	0.0	0.0	0.0	0.0	0.0	0.0	0.0	0.0	0.0	0.0	0.0	0.0	0.0	0.0	0.0
0.0	0.0	0.0	0.0	0.0	0.0	0.0	0.0	0.0	0.0	0.0	0.0	0.0	0.0	0.0	0.0	0.0	0.0	0.0	0.0	0.0	0.0	0.0	0.0
0.0	0.0	0.0	0.0	0.0	0.0	0.0	0.0	0.0	0.0	0.0	0.0	0.0	0.0	0.0	0.0	0.0	0.0	0.0	0.0	0.0	0.0	0.0	0.0
0.0	0.0	0.0	0.0	0.0	0.0	0.0	0.0	0.0	0.0	0.0	0.0	0.0	0.0	0.0	0.0	0.0	0.0	0.0	0.0	0.0	0.0	0.0	0.0
0.0	0.0	0.0	0.0	0.0	0.0	0.0	0.0	0.0	0.0	0.0	0.0	0.0	0.0	0.0	0.0	0.0	0.0	0.0	0.0	0.0	0.0	0.0	0.0
0.0	0.0	0.0	0.0	0.0	0.0	0.0	0.0	0.0	0.0	0.0	0.0	0.0	0.0	0.0	0.0	0.0	0.0	0.0	0.0	0.0	0.0	0.0	0.0
0.0	0.0	0.0	0.0	0.0	0.0	0.0	0.0	0.0	0.0	0.0	0.0	0.0	0.0	0.0	0.0	0.0	0.0	0.0	0.0	0.0	0.0	0.0	0.0
0.0	0.0	0.0	0.0	0.0	0.0	0.0	0.0	0.0	0.0	0.0	0.0	0.0	0.0	0.0	0.0	0.0	0.0	0.0	0.0	0.0	0.0	0.0	0.0
0.0	0.0	0.0	0.0	0.0	0.0	0.0	0.0	0.0	0.0	0.0	0.0	0.0	0.0	0.0	0.0	0.0	0.0	0.0	0.0	0.0	0.0	0.0	0.0
0.0	0.0	0.0	0.0	0.0	0.0	0.0	0.0	0.0	0.0	0.0	0.0	0.0	0.0	0.0	0.0	0.0	0.0	0.0	0.0	0.0	0.0	0.0	0.0
0.0	0.0	0.0	0.0	0.0	0.0	0.0	0.0	0.0	0.0	0.0	0.0	0.0	0.0	0.0	0.0	0.0	0.0	0.0	0.0	0.0	0.0	0.0	0.0
 
 
list 10: sr⁺
0.0	0.0	0.0	0.0	0.0	0.0	0.0	0.0	0.0	0.0	0.0	0.0	0.0	0.0	0.0	0.0	0.0	0.0	0.0	0.0	0.0	0.0	0.0	0.0
0.0	0.0	0.0	0.0	0.0	0.0	0.0	0.0	0.0	0.0	0.0	0.0	0.0	0.0	0.0	0.0	0.0	0.0	0.0	0.0	0.0	0.0	0.0	0.0
0.0	0.0	0.0	0.0	0.0	0.0	0.0	0.0	0.0	0.0	0.0	0.0	0.0	0.0	0.0	0.0	0.0	0.0	0.0	0.0	0.0	0.0	0.0	0.0
0.0	0.0	0.0	0.0	0.0	0.0	0.0	0.0	0.0	0.0	0.0	0.14632247720241298	0.09533569625975113	1.225055176865165e-9	0.061232983918179884	5.071435889247583e-10	0.05848372234395675	5.420859719839883e-10	7.928640347405357e-10	8.787530881348583e-11	0.0542755386544254	0.0587241340015237	0.051366846594275595	0.0
0.0	0.0	0.0	0.0	0.0	0.0	0.0	0.0	0.0	0.0	0.0	0.0	0.0	0.0	0.0	0.0	0.07225414330945416	0.10816015079846851	0.07947502005936459	1.0690121783965588e-10	0.05884068832313858	0.0759121839106357	0.054181549895178205	0.06942206960347568
0.0	0.0	0.0	0.0	0.0	0.0	0.0	0.0	0.0	0.0	0.0	0.0	0.0	0.0	0.0	0.0	0.0	0.0	0.0	0.0	0.0	0.0	0.0	0.0
0.0	0.0	0.0	0.0	0.0	0.0	0.0	0.0	0.0	0.0	0.0	0.0	0.0	0.0	0.0	0.0	0.0	0.0	0.0	0.0	0.0	0.0	0.0	0.0
0.0	0.0	0.0	0.0	0.0	0.0	0.0	0.0	0.0	0.0	0.0	0.0	0.0	0.0	0.0	0.0	0.0	0.0	0.0	0.0	0.0	0.0	0.0	0.0
0.0	0.0	0.0	0.0	0.0	0.0	0.0	0.0	0.0	0.0	0.0	0.0	0.0	0.0	0.0	0.0	0.0	0.0	0.0	0.0	0.0	0.0	0.0	4.114701103524851e-11
7.99285889465282e-10	0.11655448701796443	0.1476993405127072	9.494594229441397e-8	9.493267712646497e-8	0.1657085379273543	0.1019252301793259	1.0026984970703949e-9	1.4705548565030534e-8	0.11001493951319366	1.9470651351441415e-10	1.572214360298505e-8	0.09559441689139109	1.2245710656522184e-9	0.06117503384028823	5.071428333156769e-10	0.0585390574008799	5.420845952408822e-10	7.928620902460681e-10	8.78752756857758e-11	0.054261216058333395	0.05127466134292944	0.05049700563767342	0.06942239424840475
0.24811150891819347	0.15403831485435454	0.0	0.0	0.0	0.0	0.0	0.0	0.0	0.0	0.0	0.0	0.0	0.0	0.13527975720424457	0.23133981009704352	0.0720914576156758	0.10575463445038236	1.966021436889374e-8	1.0777883320270454e-10	0.060320949187537234	0.07532714220393204	0.054233834762089574	0.0685552484422911
0.0	0.0	0.0	0.0	0.0	0.0	0.0	0.0	0.0	0.0	0.0	0.0	0.0	0.0	0.0	0.0	0.0	0.0	0.0	0.0	0.0	0.0	0.0	0.0
0.0	0.0	0.0	0.0	0.0	0.0	0.0	0.0	0.0	0.0	0.0	0.0	0.0	0.0	0.0	0.0	0.0	0.0	0.0	0.0	0.0	0.0	0.0	0.0
0.0	0.0	0.0	0.0	0.0	0.0	0.0	0.0	0.0	0.0	0.0	0.0	0.0	0.0	0.0	0.0	0.0	0.0	0.0	0.0	0.0	0.0	0.0	0.0
0.0	0.0	0.0	0.0	0.0	0.0	0.0	0.0	0.0	0.0	0.0	0.0	0.0	0.0	0.0	0.0	0.0	0.0	0.0	0.0	0.0	0.0	0.0	0.0
0.0	0.0	0.0	0.0	0.0	0.0	0.0	0.0	0.0	0.0	0.0	0.0	0.0	0.0	0.0	0.0	0.0	0.0	0.0	0.0	0.0	0.0	0.0	0.0
0.0	0.0	0.0	0.0	0.0	0.0	0.0	0.0	0.0	0.0	0.0	0.0	0.0	0.0	0.0	0.0	0.0	0.0	0.0	0.0	0.0	0.0	0.0	0.0
0.0	0.0	0.0	0.0	0.0	0.0	0.0	0.0	0.0	0.0	0.0	0.0	0.0	0.0	0.0	0.0	0.0	0.0	0.0	0.0	0.0	0.0	0.0	0.0
0.0	0.0	0.0	0.0	0.0	0.0	0.0	0.0	0.0	0.0	0.0	0.0	0.0	0.0	0.0	0.0	0.0	0.0	0.0	0.0	0.0	0.0	0.0	0.0
0.22547810777260865	0.1558629293358808	0.19047692516767664	9.491193278827873e-8	9.492033947454165e-8	0.17888830444846993	0.14308587589299857	0.1758157478693508	0.1971824067493574	0.10453650159241515	1.1671300664553147e-9	0.12832236967216692	0.11132757512880515	0.18913296907610055	0.1185701491021457	0.07875990040923328	0.06825982139915326	0.06213425354060524	8.223413298046644e-9	1.0763804371240624e-10	0.05702410518659337	0.05355287305075383	0.05107415241325619	0.06855431707801989
0.0	0.0	0.0	0.0	0.0	0.0	0.0	0.0	0.0	0.0	0.0	0.0	0.0	0.0	0.0	0.0	0.0	0.0	0.18719873505127946	0.5143861107365225	0.06521621783621162	0.07425764063828333	0.05367554699570645	0.06803954473232944
0.0	0.0	0.0	0.0	0.0	0.0	0.0	0.0	0.0	0.0	0.0	0.0	0.0	0.0	0.0	0.0	0.0	0.0	0.0	0.0	0.0	0.0	0.0	0.0
0.0	0.0	0.0	0.0	0.0	0.0	0.0	0.0	0.0	0.0	0.0	0.0	0.0	0.0	0.0	0.0	0.0	0.0	0.0	0.0	0.0	0.0	0.0	0.0
0.0	0.0	0.0	0.0	0.0	0.0	0.0	0.0	0.0	0.0	0.0	0.0	0.0	0.0	0.0	0.0	0.0	0.0	0.1830720876912118	0.39697520747812737	0.06431987536996975	0.07485121182673364	0.05376492283480413	0.0685756676395597
0.0	0.0	0.0	0.0	0.0	0.0	0.1477256233158653	0.25332306726568576	0.1845202876565198	0.09647372867873974	7.564496525377162e-10	0.11744330487509404	0.10838024940846093	0.13831237186413256	0.10172474208235613	1.2053691491681557e-8	0.06169617347929664	7.575307072434911e-9	3.471027906006859e-9	1.0425668261372851e-10	0.054719077310051455	2.4188810691916205e-8	0.046610933390114365	0.06546269292338358
0.0	0.0	0.0	0.0	0.0	0.0	0.0	0.0	0.0	0.0	0.0	0.0	0.0	0.0	0.0	0.0	0.0	0.0	0.0	0.0	0.0	0.0	0.0	0.0
9.512393276303453e-10	0.1428996941626518	0.18817766977716097	9.490136615278083e-8	9.491115542773518e-8	0.17536556693106342	0.13462737353787993	1.3698750690594315e-9	0.07563496872767224	0.11818877720001389	2.047938072301918e-10	0.13994693353111604	0.10743907547896189	1.7160742606656982e-9	0.12648956892023627	5.592644504003233e-10	0.06905387131455984	5.923023011866717e-10	8.773381843059225e-10	8.913733941270849e-11	0.061776009121584444	6.005343845602342e-10	0.05074050569930412	0.06841684572018165
0.24687545095344215	0.15393825783865192	0.18839043591499555	9.489492072257239e-8	9.490355495420772e-8	0.17683619497771444	0.15164864162332553	0.2981562662694618	0.22308565508075706	0.12247874221763316	0.15631515023463652	0.15274241249115875	0.11339707823095116	0.24289184227791713	0.1344768747933458	0.24021264424381522	0.07495289603274986	0.1187738560622908	0.12210967774532411	1.0874327900255326e-10	0.061881106865414745	0.07729006357135668	0.05425523798206832	0.07016846582540387
0.0	0.0	0.0	0.0	0.0	0.0	0.14816069751201633	0.24486433918661715	0.1320617128344844	0.10997857081476259	1.9601957706356228e-10	1.5722536304271307e-8	0.09556108908349678	1.2245732526402545e-9	0.06116021240837952	5.071426282176602e-10	0.05854582510107904	5.420842284479816e-10	7.928615591485751e-10	8.78752064187698e-11	0.05400010529568892	5.202604309241449e-10	0.04855643926440949	0.06806206917858011
0.0	0.0	0.0	0.0	0.0	0.0	0.0	0.0	0.19538095114982656	0.10495173912830755	6.621123805154884e-11	0.14878111336931948	0.0	0.0	0.0	0.0	0.0	0.1287986054001948	0.130876748190188	2.447940438506909e-10	0.05710349601714254	0.0703376865306365	0.04779913011032255	3.673622053634115e-11
0.0	0.0	0.0	0.0	0.0	0.0	0.0	0.0	0.0	0.0	0.0	0.0	0.0	0.0	0.0	0.0	0.0	0.0	0.0	0.0	0.0	0.0	0.0	0.0
0.0	0.0	0.0	0.0	0.0	0.0	0.0	0.0	0.0	0.0	0.0	0.0	0.0	0.0	0.0	0.0	0.0	0.0	0.0	0.0	0.0	0.0	0.05215042603889127	4.114701103524851e-11
0.0	0.0	0.0	0.0	0.0	0.0	0.0	0.0	0.0	0.0	0.0	0.0	0.0	0.0	0.0	0.0	0.0	0.0	0.0	0.0	0.0	0.0	0.0	0.0
0.0	0.0	0.0	0.0	0.0	0.0	0.0	0.0	0.0	0.0	0.0	0.0	0.0	0.0	0.0	0.0	0.0	0.0	0.0	0.0	0.0	0.0	0.0	0.0
0.0	0.0	0.0	0.0	0.0	0.0	0.0	0.0	0.0	0.0	0.0	0.0	0.0	0.0	0.0	0.0	0.0	0.0	0.0	0.0	0.0	0.0	0.0	0.0
0.0	0.0	0.0	0.0	0.0	0.0	0.0	0.0	0.0	0.0	0.0	0.15565462631519433	0.11460610944437305	0.2354570697114773	0.12855078169782314	0.17648733840748668	0.07251491024255755	0.10629902009562643	6.1862982185744125e-9	1.0710009053324484e-10	0.05886499267700459	0.07348131875919481	0.05368925214193316	0.0
0.0	0.0	0.0	0.0	0.0	0.0	0.0	0.0	0.0	0.0	0.0	0.0	0.0	0.0	0.0	0.0	0.0	0.0	0.0	0.0	0.0	0.0	0.0	0.0
0.0	0.0	0.0	0.0	0.0	0.0	0.0	0.0	0.0	0.0	0.0	0.0	0.0	0.0	0.0	0.0	0.0	0.0	0.0	0.0	0.0	0.0	0.0	0.0
0.0	0.0	0.0	0.0	0.0	0.0	0.0	0.0	0.0	0.0	0.0	0.0	0.0	0.0	0.0	0.0	0.07225414330945418	0.10816015079846845	0.07947502005936503	1.0690121783965588e-10	0.05884068832313877	0.07591218391063541	0.05418154989517814	0.06942206960347569
0.0	0.0	0.0	0.0	0.0	0.0	0.0	0.0	0.0	0.0	0.0	0.0	0.0	0.0	0.0	0.0	0.07142579860093695	0.10559369206294805	0.10648534005067888	8.710049655073625e-11	1.672845607807619e-8	4.752093182537302e-10	0.04565445816772218	0.06550154212952002
0.0	0.0	0.0	0.0	0.0	0.0	0.0	0.0	0.0	0.0	0.0	0.0	0.0	0.0	0.0	0.0	0.0	0.0	0.0	0.0	0.0	0.0	0.0	0.0
0.0	0.0	0.0	0.0	0.0	0.0	0.0	0.0	0.0	0.0	0.0	0.0	0.0	0.0	0.0	0.0	0.0	0.0	0.0	0.0	0.0	0.0	0.0	0.0
7.99285889465282e-10	0.11655448701835985	0.14769934051281552	9.494594229441397e-8	9.493267712646497e-8	0.16570853792739024	0.10192523017933754	1.0026984970703949e-9	1.4705548560681867e-8	0.11001493951319381	1.9470651351518178e-10	1.572214360298505e-8	0.09559441689139041	1.2245710656522184e-9	0.061175033840288225	5.071428333156769e-10	0.05853905740088001	5.420845952408822e-10	7.928620902460681e-10	8.78752756857758e-11	0.05426121605833176	0.051274661342930475	0.05049700563767342	0.06942239424840473
0.0	0.0	0.0	0.0	0.0	0.0	0.0	0.0	0.0	0.0	0.0	0.0	0.0	0.0	0.0	0.0	0.07225411606682916	0.10815909746496764	0.07947368528664613	1.0690105701155142e-10	0.05881542491080008	0.07515006829805582	0.05388616068138576	0.0
7.99285889465282e-10	0.1165544870179656	0.1476993405127091	9.494594229441397e-8	9.493267712646497e-8	0.16570853792735427	0.10192523017932607	1.0026984970703949e-9	1.4705548565352406e-8	0.11001493951319373	1.947065135143612e-10	1.572214360298505e-8	0.0955944168913899	1.2245710656522184e-9	0.06117503384028663	5.071428333156769e-10	0.05853905740087963	5.420845952408822e-10	7.928620902460681e-10	8.78752756857758e-11	0.05426121605833173	0.05127466134293094	0.05049700563767332	0.06942239424840474
0.0	0.0	0.0	0.0	0.0	0.0	0.0	0.0	0.0	0.0	0.0	0.0	0.0	0.0	0.0	0.0	0.0	0.0	0.0	0.0	0.0	0.0	0.0	0.0
0.0	0.0	0.0	0.0	0.0	0.0	0.0	0.0	0.0	0.0	0.0	0.0	0.0	0.0	0.0	0.0	0.0	0.0	0.0	0.0	0.0	0.0	0.0	0.0
0.0	0.0	0.0	0.0	0.0	0.0	0.0	0.0	0.0	0.0	0.0	0.0	0.0	0.0	0.0	0.0	0.0	0.0	0.0	0.0	0.0	0.0	0.0	0.0
0.0	0.0	0.0	0.0	0.0	0.0	0.0	0.0	0.0	0.0	0.0	0.0	0.0	0.0	0.0	0.0	0.0	0.0	0.0	0.0	0.0	0.0	0.0	0.0
0.0	0.0	0.0	0.0	0.0	0.0	0.0	0.0	0.0	0.0	0.0	0.0	0.0	0.0	0.0	0.0	0.0	0.0	0.0	0.0	0.0	0.0	0.0	0.0
0.0	0.0	0.0	0.0	0.0	0.0	0.0	0.0	0.0	0.0	0.0	0.0	0.0	0.0	0.0	0.0	0.0	0.0	0.0	0.0	0.0	0.0	0.0	0.0
0.0	0.0	0.0	0.0	0.0	0.0	0.0	0.0	0.0	0.0	0.0	0.0	0.0	0.0	0.0	0.0	0.0	0.0	0.0	0.0	0.0	0.0	0.0	0.0
0.0	0.0	0.0	0.0	0.0	0.0	0.0	0.0	0.0	0.0	0.0	0.0	0.0	0.0	0.0	0.0	0.0	0.0	0.0	0.0	0.0	0.07126599375167277	0.05049351592324221	0.06330874600963678
0.0	0.0	0.0	0.0	0.0	0.0	0.0	0.0	0.0	0.0	0.0	0.0	0.0	0.0	0.0	0.0	0.0	0.0	0.0	0.0	0.0	0.0	0.0	0.0
0.0	0.0	0.0	0.0	0.0	0.0	0.0	0.0	0.0	0.0	0.0	0.0	0.0	0.0	0.0	0.0	0.0	0.0	0.0	0.0	0.0	0.0	0.0	0.0
0.0	0.0	0.0	0.0	0.0	0.0	0.0	0.0	0.0	0.0	0.0	0.0	0.0	0.0	0.0	0.0	0.0	0.0	0.0	0.0	0.0	0.0	0.0	0.0
0.0	0.0	0.0	0.0	0.0	0.0	0.0	0.0	0.0	0.0	0.0	0.0	0.0	0.0	0.0	0.0	0.0	0.0	0.0	0.0	0.0	0.0	0.0	0.0
0.25125214417388647	0.0	0.0	0.0	0.0	0.0	0.0	0.0	0.0	0.0	1.5	0.14632247720241298	0.09533569625975113	1.225055176865165e-9	0.061232983918179884	5.071435889247583e-10	0.05848372234395675	5.420859719839883e-10	7.928640347405357e-10	8.787530881348583e-11	0.0542755386544254	0.0587241340015237	0.051366846594275595	0.0
0.0	0.0	0.0	0.0	0.0	0.0	0.14661600793047036	0.2219818063611867	0.20756744764932333	0.10962270644998078	4.554827389092695e-9	0.1351410421736779	0.11280331421358517	0.24423383534343035	0.12780648279206866	0.1757155070548839	0.07292912553097257	0.10519480180952437	6.8170548453303165e-9	1.0690123272242181e-10	0.05881612928211878	0.07514981309892	0.053886041367953386	0.08252458700308274
0.0	0.0	0.0	0.0	0.0	0.0	0.0	0.0	0.0	0.0	0.0	0.0	0.0	0.0	0.0	0.0	0.0	0.0	0.0	0.0	0.0	0.0	0.0	0.0
0.0	0.0	0.0	0.0	0.0	0.0	0.0	0.0	0.0	0.0	0.0	0.0	0.0	0.0	0.0	0.0	0.0	0.0	0.0	0.0	0.0	0.0	0.0	0.0
0.0	0.0	0.0	0.0	0.0	0.0	0.0	0.0	0.0	0.0	0.0	0.0	0.0	0.0	0.0	0.0	0.0	0.0	0.0	0.0	0.0	0.0	0.0	0.0
0.0	0.0	0.0	0.0	0.0	0.0	0.0	0.0	0.0	0.0	0.0	0.0	0.0	0.0	0.0	0.0	0.0	0.0	0.0	0.0	0.0	0.0	0.0	4.114701103524851e-11
0.20390890446897658	0.1519267882290931	0.0	0.0	0.0	0.0	0.0	0.0	0.0	0.0	0.0	0.0	0.0	0.0	0.0	0.0	0.0723256361932267	0.10823994692441716	0.0796342104305042	8.787517822073858e-11	0.054260875212364626	0.0512745433170215	0.05049704615303499	0.06942239656144404
0.24811150891819347	0.15403831485435454	0.0	0.0	0.0	0.0	0.0	0.0	0.0	0.0	0.0	0.0	0.0	0.0	0.0	0.23133981009704352	0.0720914576156758	0.10575463445038236	1.966021436889374e-8	1.0777883320270454e-10	0.060320949187537234	0.07532714220393204	0.054233834762089574	0.0685552484422911
0.0	0.0	0.0	0.0	0.0	0.0	0.0	0.0	0.0	0.0	0.0	0.0	0.0	0.0	0.0	0.0	0.0	0.0	0.0	0.0	0.0	0.0	0.0	0.0
0.0	0.0	0.0	0.0	0.0	0.0	0.0	0.0	0.0	0.0	0.0	0.0	0.0	0.0	0.0	0.0	0.0	0.0	0.0	0.0	0.0	0.0	0.0	0.0
0.0	0.0	0.0	0.0	0.0	0.0	0.0	0.0	0.0	0.0	0.0	0.0	0.0	0.0	0.0	0.0	0.0	0.0	0.0	0.0	0.0	0.0	0.0	0.0
0.0	0.0	0.0	0.0	0.0	0.0	0.0	0.0	0.0	0.0	0.0	0.0	0.0	0.0	0.0	0.0	0.0	0.0	0.0	0.0	0.0	0.0	0.0	0.0
0.0	0.0	0.0	0.0	0.0	0.0	0.0	0.0	0.0	0.0	0.0	0.0	0.0	0.0	0.0	0.0	0.0	0.0	0.0	0.0	0.0	0.0	0.0	0.0
0.0	0.0	0.0	0.0	0.0	0.0	0.0	0.0	0.0	0.0	0.0	0.0	0.0	0.0	0.0	0.0	0.0	0.0	0.0	0.0	0.0	0.0	0.0	0.0
0.0	0.0	0.0	0.0	0.0	0.0	0.0	0.0	0.0	0.0	0.0	0.0	0.0	0.0	0.0	0.0	0.0	0.0	0.0	0.0	0.0	0.0	0.0	0.0
0.0	0.0	0.0	0.0	0.0	0.0	0.0	0.0	0.0	0.0	0.0	0.0	0.0	0.0	0.0	0.0	0.0	0.0	0.0	0.0	0.0	0.0	0.0	0.0
0.22547810777261004	0.155862929335881	0.19047692516767686	9.491193278827873e-8	9.492033947454165e-8	0.1788883044484701	0.14308587589299857	0.17581574786934046	0.1971824067493569	0.1045365015924152	1.1671300664398564e-9	0.12832236967216681	0.11132757512880484	0.18913296907609936	0.11857014910214551	0.07875990040923203	0.0682598213991521	0.06213425354060403	8.223413298046644e-9	1.0763804371240624e-10	0.05702410518659332	0.05355287305075438	0.05107415241325609	0.06855431707801993
0.0	0.0	0.0	0.0	0.0	0.0	0.0	0.0	0.0	0.0	0.0	0.0	0.0	0.0	0.0	0.0	0.0722707172481717	0.11458131342235285	0.18541895551169094	0.5121801252907542	0.06442114692762073	0.07412589462383916	0.053634910229825694	0.06803100227366786
0.0	0.0	0.0	0.0	0.0	0.0	0.0	0.0	0.0	0.0	0.0	0.0	0.0	0.0	0.0	0.0	0.0	0.0	0.0	0.0	0.0	0.0	0.0	0.0
0.0	0.0	0.0	0.0	0.0	0.0	0.0	0.0	0.0	0.0	0.0	0.0	0.0	0.0	0.0	0.0	0.0	0.0	0.0	0.0	0.0	0.0	0.0	0.0
0.0	0.0	0.0	0.0	0.0	0.0	0.0	0.0	0.0	0.0	0.0	0.0	0.0	0.0	0.0	0.0	0.0	0.0	0.1830720876912118	0.39697520747812737	0.06431987536996975	0.07485121182673364	0.05376492283480413	0.0685756676395597
0.0	0.0	0.0	0.0	0.0	0.0	0.14297093762587845	0.2099050322468208	0.18109609822418754	0.09660395156353745	7.565108232673806e-10	0.11751585806149367	0.10830150413734736	0.13825618353852553	0.10172130610643314	1.2053709287349111e-8	0.06169428794929366	7.575201111244941e-9	3.4710278935101584e-9	1.0425668261109477e-10	0.054719077484418385	2.4188810722348405e-8	0.04661093339993465	0.06546269291532388
0.0	0.0	0.0	0.0	0.0	0.0	0.0	0.0	0.0	0.0	0.0	0.0	0.0	0.0	0.0	0.0	0.0	0.0	0.1651271008535134	0.2794834402140452	0.058022784229417604	0.061199046590526295	0.048235820066545594	0.0
9.512393276303453e-10	0.14289969416265239	0.18817766977716086	9.490136615278083e-8	9.491115542773518e-8	0.1753655669310631	0.13462737353787996	1.3698750690594315e-9	0.07563496872767367	0.11818877720001382	2.047938072301918e-10	0.13994693353111487	0.107439075478958	1.7160742606508751e-9	0.1264895689202364	5.592644503992645e-10	0.06905387131455971	5.923023011896363e-10	8.773381843059225e-10	8.913733941257614e-11	0.06177600912158472	6.005343845665869e-10	0.050740505699304106	0.0684168457201816
0.2468754505757155	0.15393825775252096	0.18839043590662544	9.489492072257239e-8	9.490355495420772e-8	0.17683619496760858	0.15164864366041012	0.2981562729551443	0.22308566907430122	0.1224787479419454	0.15631515041302965	0.15274241225846244	0.1133970829011069	0.24289193470077902	0.134476889017352	0.2402125082931618	0.07495289353272269	0.11877361465072493	0.12210902837551163	1.0874327897558056e-10	0.06188685938885562	0.07722125001973301	0.05426706723333052	0.06993459592848997
7.992854174540546e-10	0.11645017590684463	0.14721370021119295	9.494543545170435e-8	9.493233164637783e-8	0.1648495947087496	0.10148611351612528	1.0026960036471202e-9	1.4705361431518722e-8	0.11000914696835784	1.9470638701139344e-10	1.5722536098303387e-8	0.0955618786752219	1.2245732509648233e-9	0.061160242478574815	5.071426282164955e-10	0.058545834980954024	5.420842284476639e-10	7.928615591485751e-10	8.78752064187698e-11	0.05400010529919131	5.202604309241449e-10	0.04855643926366218	0.06806206917879824
0.0	0.0	0.0	0.0	0.0	0.0	0.0	0.0	0.0	0.10495173912830755	6.621123805154884e-11	0.0	0.0	0.0	0.0	0.0	0.0	0.0	0.130876748190188	2.447940438506909e-10	0.05710349601714254	0.0703376865306365	0.04779913011032255	3.673622053634115e-11
0.0	0.0	0.0	0.0	0.0	0.0	0.0	0.0	0.0	0.0	0.0	0.0	0.0	0.0	0.0	0.0	0.0	0.0	0.0	0.0	0.0	0.0	0.0	0.0
0.0	0.0	0.0	0.0	0.0	0.0	0.0	0.0	0.0	0.0	0.0	0.0	0.0	0.0	0.0	0.0	0.0	0.0	0.0	0.0	0.0	0.0	0.0	4.114701103524851e-11
0.0	0.0	0.0	0.0	0.0	0.0	0.0	0.0	0.0	0.0	0.0	0.0	0.0	0.0	0.0	0.0	0.0	0.0	0.0	0.0	0.0	0.0	0.0	0.0
0.0	0.0	0.0	0.0	0.0	0.0	0.0	0.0	0.0	0.0	0.0	0.0	0.0	0.0	0.0	0.0	0.0	0.0	0.0	0.0	0.0	0.0	0.0	0.0
0.0	0.0	0.0	0.0	0.0	0.0	0.0	0.0	0.0	0.0	0.0	0.0	0.0	0.0	0.0	0.0	0.0	0.0	0.0	0.0	0.0	0.0	0.0	0.0
0.0	0.0	0.0	0.0	0.0	0.0	0.0	0.0	0.0	0.0	0.28736977933895846	0.15565462631519433	0.11460610944437305	0.2354570697114773	0.12855078169782314	0.17648733840748668	0.07251491024255755	0.10629902009562643	6.1862982185744125e-9	1.0710009053324484e-10	0.05886499267700459	0.07348131875919481	0.05368925214193316	0.0
0.0	0.0	0.0	0.0	0.0	0.0	0.0	0.0	0.0	0.0	0.0	0.0	0.0	0.0	0.0	0.0	0.0	0.0	0.0	0.0	0.0	0.0	0.0	0.0
0.0	0.0	0.0	0.0	0.0	0.0	0.0	0.0	0.0	0.0	0.0	0.0	0.0	0.0	0.0	0.0	0.0	0.0	0.0	0.0	0.0	0.0	0.0	0.0
0.0	0.0	0.0	0.0	0.0	0.0	0.0	0.0	0.0	0.0	0.0	0.0	0.0	0.0	0.0	0.2949698002123129	0.07225414330945418	0.10816015079846845	0.07947502005936503	1.0690121783965588e-10	0.05884068832313877	0.07591218391063541	0.05418154989517814	0.06942206960347569
0.0	0.0	0.0	0.0	0.0	0.0	0.0	0.0	0.0	0.0	0.0	0.0	0.0	0.0	0.0	0.0	0.07142579860093695	0.10559369206294805	0.10648534005067888	8.710049655073625e-11	1.672845607807619e-8	4.752093182537302e-10	0.04565445816772218	0.06550154212952002
0.0	0.0	0.0	0.0	0.0	0.0	0.0	0.0	0.0	0.0	0.0	0.0	0.0	0.0	0.0	0.0	0.0	0.0	0.0	0.0	0.0	0.0	0.0	0.0
0.0	0.0	0.0	0.0	0.0	0.0	0.0	0.0	0.0	0.0	0.0	0.0	0.0	0.0	0.0	0.0	0.0	0.0	0.0	0.0	0.0	0.0	0.0	0.0
0.20390890447882853	0.151926788233072	0.22789896972728715	0.0	0.0	0.0	0.0	0.0	0.0	0.0	0.0	0.0	0.0	0.0	0.0	0.0	0.07232563970331662	0.10824038052457909	0.07963519169998214	8.787511362030179e-11	0.054021444584991085	5.202953707640744e-10	0.04863162378565331	0.04974071142044477
0.0	0.0	0.0	0.0	0.0	0.21013621433434	0.14661600793047003	0.22198180636120038	0.20756744764946236	0.10962270644998118	4.5548273892036565e-9	0.13514104217367784	0.11280331421358515	0.24423383534343096	0.12780648279206863	0.17571550705488448	0.07292912553097265	0.10519480180952406	6.817054845086371e-9	1.0690123272242181e-10	0.05881612928211848	0.07514981309891994	0.053886041367953316	0.0
7.99285889465282e-10	0.11655448701836603	0.14769934051281522	9.494594229441397e-8	9.493267712646497e-8	0.16570853792739335	0.10192523017931336	1.0026984970703949e-9	1.4705548547505422e-8	0.1100149395131937	1.9470651351751112e-10	1.572214360298505e-8	0.09559441689138992	1.2245710656522184e-9	0.061175033840289876	5.071428333156769e-10	0.0585390574008796	5.420845952408822e-10	7.928620902460681e-10	8.78752756857758e-11	0.05426121605833335	0.05127466134293047	0.05049700563767336	0.06942239424840473
0.0	0.0	0.0	0.0	0.0	0.0	0.0	0.0	0.0	0.0	0.0	0.0	0.0	0.0	0.0	0.0	0.0	0.0	0.0	0.0	0.0	0.0	0.0	0.0
0.0	0.0	0.0	0.0	0.0	0.0	0.0	0.0	0.0	0.0	0.0	0.0	0.0	0.0	0.0	0.0	0.0	0.0	0.0	0.0	0.0	0.0	0.0	0.0
0.0	0.0	0.0	0.0	0.0	0.0	0.0	0.0	0.0	0.0	0.0	0.0	0.0	0.0	0.0	0.0	0.0	0.0	0.0	0.0	0.0	0.0	0.0	0.0
0.0	0.0	0.0	0.0	0.0	0.0	0.0	0.0	0.0	0.0	0.0	0.0	0.0	0.0	0.0	0.0	0.0	0.0	0.0	0.0	0.0	0.0	0.0	0.0
0.0	0.0	0.0	0.0	0.0	0.0	0.0	0.0	0.0	0.0	0.0	0.0	0.0	0.0	0.0	0.0	0.0	0.0	0.0	0.0	0.0	0.0	0.0	0.0
0.0	0.0	0.0	0.0	0.0	0.0	0.0	0.0	0.0	0.0	0.0	0.0	0.0	0.0	0.0	0.0	0.0	0.0	0.0	0.0	0.06546672073449826	0.07126599375167277	0.05049351592324221	0.06330874600963678
0.0	0.0	0.0	0.0	0.0	0.0	0.0	0.0	0.0	0.0	0.0	0.0	0.0	0.0	0.0	0.0	0.0	0.0	0.0	0.0	0.0	0.0	0.0	0.0
0.0	0.0	0.0	0.0	0.0	0.0	0.0	0.0	0.0	0.0	0.0	0.0	0.0	0.0	0.0	0.0	0.0	0.0	0.0	0.0	0.0	0.07126599375167277	0.05049351592324221	0.06330874600963678
0.0	0.0	0.0	0.0	0.0	0.0	0.0	0.0	0.0	0.0	0.0	0.0	0.0	0.0	0.0	0.0	0.0	0.0	0.0	0.0	0.0	0.0	0.0	0.0
 
list 11: sr⁻
0.0	0.0	0.0	0.0	0.0	0.0	0.0	0.0	0.0	0.0	0.0	0.0	0.0	0.0	0.0	0.0	0.0	0.0	0.0	0.0	0.0	0.0	0.0	0.0
0.0	0.0	0.0	0.0	0.0	0.0	0.0	0.0	0.0	0.0	0.0	0.0	0.0	0.0	0.0	0.0	0.0	0.0	0.0	0.0	0.0	0.0	0.0	0.0
0.0	0.0	0.0	0.0	0.0	0.0	0.0	0.0	0.0	0.0	0.0	0.0	0.0	0.0	0.0	0.0	0.0	0.0	0.0	0.0	0.0	0.0	0.0	0.0
0.0	0.0	0.0	0.0	0.0	0.0	0.0	0.0	0.0	0.0	0.0	9.502609279420364e-8	9.494621238631908e-8	9.493780881702899e-8	9.494590752733001e-8	9.493734814111155e-8	9.495423380677457e-8	9.493667741874989e-8	9.493675727003661e-8	9.49362599076992e-8	9.49577754210014e-8	9.495175130111845e-8	9.502356898121725e-8	0.0
0.0	0.0	0.0	0.0	0.0	0.0	0.0	0.0	0.0	0.0	0.0	0.0	0.0	0.0	0.0	0.0	9.502478007670438e-8	9.495163894897426e-8	9.492708683282898e-8	9.492155594004149e-8	9.49405145155008e-8	9.499189928623391e-8	9.53454921088175e-8	9.502258227761919e-8
0.0	0.0	0.0	0.0	0.0	0.0	0.0	0.0	0.0	0.0	0.0	0.0	0.0	0.0	0.0	0.0	0.0	0.0	0.0	0.0	0.0	0.0	0.0	0.0
0.0	0.0	0.0	0.0	0.0	0.0	0.0	0.0	0.0	0.0	0.0	0.0	0.0	0.0	0.0	0.0	0.0	0.0	0.0	0.0	0.0	0.0	0.0	0.0
0.0	0.0	0.0	0.0	0.0	0.0	0.0	0.0	0.0	0.0	0.0	0.0	0.0	0.0	0.0	0.0	0.0	0.0	0.0	0.0	0.0	0.0	0.0	0.0
0.0	0.0	0.0	0.0	0.0	0.0	0.0	0.0	0.0	0.0	0.0	0.0	0.0	0.0	0.0	0.0	0.0	0.0	0.0	0.0	0.0	0.0	0.0	9.523006021097192e-8
9.492156033127713e-8	9.493454162568839e-8	9.493766933698093e-8	9.497647707788304e-8	9.505754440074091e-8	9.496276819039647e-8	9.49322473243428e-8	9.492269701529932e-8	9.492253053882045e-8	9.494144014388984e-8	9.492303335633463e-8	9.492351409217423e-8	9.494100690381679e-8	9.49230186831219e-8	9.492736880345638e-8	9.492261115574363e-8	9.493121679932581e-8	9.49219347286354e-8	9.492202131037816e-8	9.492155440521779e-8	9.493286505419553e-8	9.492731881144986e-8	9.495164128586362e-8	9.502258115603914e-8
9.50017884486531e-8	2.3775818705606227e-9	0.0	0.0	0.0	0.0	0.0	0.0	0.0	0.0	0.0	0.0	0.0	0.0	0.0	9.500359855993163e-8	9.495653363007024e-8	9.492622187766745e-8	9.491278384219303e-8	9.491268927524707e-8	9.492655571244747e-8	9.49412802879018e-8	9.500271432495851e-8	9.494046275564843e-8
0.0	0.0	0.0	0.0	0.0	0.0	0.0	0.0	0.0	0.0	0.0	0.0	0.0	0.0	0.0	0.0	0.0	0.0	0.0	0.0	0.0	0.0	0.0	0.0
0.0	0.0	0.0	0.0	0.0	0.0	0.0	0.0	0.0	0.0	0.0	0.0	0.0	0.0	0.0	0.0	0.0	0.0	0.0	0.0	0.0	0.0	0.0	0.0
0.0	0.0	0.0	0.0	0.0	0.0	0.0	0.0	0.0	0.0	0.0	0.0	0.0	0.0	0.0	0.0	0.0	0.0	0.0	0.0	0.0	0.0	0.0	0.0
0.0	0.0	0.0	0.0	0.0	0.0	0.0	0.0	0.0	0.0	0.0	0.0	0.0	0.0	0.0	0.0	0.0	0.0	0.0	0.0	0.0	0.0	0.0	0.0
0.0	0.0	0.0	0.0	0.0	0.0	0.0	0.0	0.0	0.0	0.0	0.0	0.0	0.0	0.0	0.0	0.0	0.0	0.0	0.0	0.0	0.0	0.0	0.0
0.0	0.0	0.0	0.0	0.0	0.0	0.0	0.0	0.0	0.0	0.0	0.0	0.0	0.0	0.0	0.0	0.0	0.0	0.0	0.0	0.0	0.0	0.0	0.0
0.0	0.0	0.0	0.0	0.0	0.0	0.0	0.0	0.0	0.0	0.0	0.0	0.0	0.0	0.0	0.0	0.0	0.0	0.0	0.0	0.0	0.0	0.0	0.0
0.0	0.0	0.0	0.0	0.0	0.0	0.0	0.0	0.0	0.0	0.0	0.0	0.0	0.0	0.0	0.0	0.0	0.0	0.0	0.0	0.0	0.0	0.0	0.0
9.496045985920372e-8	9.503184375273736e-8	9.504904540324176e-8	1.661983031744859e-9	9.005917954912981e-10	9.50502882060859e-8	9.49663977420931e-8	9.493781959107124e-8	9.496633502403319e-8	9.493736490901643e-8	9.49230948326849e-8	9.493781497314248e-8	9.496684285877424e-8	9.495364914946557e-8	9.494337362300992e-8	9.492571798215815e-8	9.494281893420093e-8	9.492527662141083e-8	9.492173841853127e-8	9.492155586561101e-8	9.49363263988911e-8	9.492266679516953e-8	9.493735046780941e-8	9.49651101250532e-8
0.0	0.0	0.0	0.0	0.0	0.0	0.0	0.0	0.0	0.0	0.0	0.0	0.0	0.0	0.0	0.0	0.0	0.0	9.505531284477713e-8	9.496626184916858e-8	9.505505659082895e-8	9.496731570385818e-8	9.505046206621196e-8	9.496502488705707e-8
0.0	0.0	0.0	0.0	0.0	0.0	0.0	0.0	0.0	0.0	0.0	0.0	0.0	0.0	0.0	0.0	0.0	0.0	0.0	0.0	0.0	0.0	0.0	0.0
0.0	0.0	0.0	0.0	0.0	0.0	0.0	0.0	0.0	0.0	0.0	0.0	0.0	0.0	0.0	0.0	0.0	0.0	0.0	0.0	0.0	0.0	0.0	0.0
0.0	0.0	0.0	0.0	0.0	0.0	0.0	0.0	0.0	0.0	0.0	0.0	0.0	0.0	0.0	0.0	0.0	0.0	9.512694649066445e-8	9.499519290897336e-8	9.512684834289686e-8	9.509560795198033e-8	2.4521502642835333e-10	9.50941957579424e-8
0.0	0.0	0.0	0.0	0.0	0.0	0.0	9.509763602351157e-8	9.50030651519513e-8	9.495863918444856e-8	9.493782100222813e-8	9.495903063134678e-8	9.500348615792769e-8	9.495792272604824e-8	9.49610842989262e-8	9.493846408568788e-8	9.496023623316795e-8	9.493788449667167e-8	9.493673426054245e-8	9.493626216137605e-8	9.49574633567977e-8	9.493973182331174e-8	9.49636806762223e-8	9.498697873317385e-8
0.0	0.0	0.0	0.0	0.0	0.0	0.0	0.0	0.0	0.0	0.0	0.0	0.0	0.0	0.0	0.0	0.0	0.0	0.0	0.0	0.0	0.0	0.0	0.0
9.49048423671059e-8	9.49150065409569e-8	9.49391744946873e-8	9.501930173076451e-8	9.498788937332167e-8	9.493571897737512e-8	9.491556958572559e-8	9.490600958377915e-8	9.490783558223804e-8	9.491575697697936e-8	9.490638423111379e-8	9.491195925851912e-8	9.491620417058529e-8	9.490633332698154e-8	9.491547251462497e-8	9.490594316671958e-8	9.491495172766595e-8	9.490526061537341e-8	9.490535502244021e-8	9.490490812853487e-8	9.49146162522712e-8	9.490575529712937e-8	9.49155301529131e-8	9.491902899844064e-8
9.498114223157662e-8	3.2955753435304894e-9	9.498188828327523e-8	6.793895146993956e-10	4.827008369458589e-10	9.498213338520118e-8	9.494970916070877e-8	9.493125458927385e-8	9.495054762729334e-8	9.492125464177564e-8	9.490928013401875e-8	9.492174307122226e-8	9.495097698768444e-8	9.508636309486253e-8	9.499045284237133e-8	9.493287469524651e-8	9.495229067544978e-8	9.492131664774511e-8	9.490855269931827e-8	9.490490867830668e-8	9.491489899066282e-8	9.493066176456146e-8	9.498183494532594e-8	9.49299366217153e-8
0.0	0.0	0.0	0.0	0.0	0.0	9.502369226393537e-8	9.495207449579585e-8	9.492761895306173e-8	9.49335775396183e-8	9.491900565514774e-8	9.49193945645792e-8	9.493331483613086e-8	9.49189758388155e-8	9.492252790514429e-8	9.491857806140987e-8	9.49254524578206e-8	9.49179000367704e-8	9.491798862225429e-8	9.49175280350788e-8	9.492736961912878e-8	9.491838278411673e-8	9.4933349532308e-8	9.495088884214269e-8
0.0	0.0	0.0	0.0	0.0	0.0	0.0	0.0	0.0	6.272411248044652e-11	9.505269729831228e-8	0.0	0.0	0.0	0.0	0.0	0.0	0.0	2.8324701872887713e-10	9.505126695131475e-8	2.2731578185682962e-10	2.455901431543372e-8	1.3463612306297903e-10	9.505105611183086e-8
0.0	0.0	0.0	0.0	0.0	0.0	0.0	0.0	0.0	0.0	0.0	0.0	0.0	0.0	0.0	0.0	0.0	0.0	0.0	0.0	0.0	0.0	0.0	0.0
0.0	0.0	0.0	0.0	0.0	0.0	0.0	0.0	0.0	0.0	0.0	0.0	0.0	0.0	0.0	0.0	0.0	0.0	0.0	0.0	0.0	0.0	0.0	9.523006021097192e-8
0.0	0.0	0.0	0.0	0.0	0.0	0.0	0.0	0.0	0.0	0.0	0.0	0.0	0.0	0.0	0.0	0.0	0.0	0.0	0.0	0.0	0.0	0.0	0.0
0.0	0.0	0.0	0.0	0.0	0.0	0.0	0.0	0.0	0.0	0.0	0.0	0.0	0.0	0.0	0.0	0.0	0.0	0.0	0.0	0.0	0.0	0.0	0.0
0.0	0.0	0.0	0.0	0.0	0.0	0.0	0.0	0.0	0.0	0.0	0.0	0.0	0.0	0.0	0.0	0.0	0.0	0.0	0.0	0.0	0.0	0.0	0.0
0.0	0.0	0.0	0.0	0.0	0.0	0.0	0.0	0.0	0.0	0.0	1.7203646119621288e-9	1.5220856825328716e-9	1.2633067370514535e-8	9.514092003668536e-8	9.497184001372645e-8	9.516025196528073e-8	9.497475805650055e-8	9.493662494949049e-8	9.49362625424189e-8	9.497494473177431e-8	9.503076604429892e-8	1.7690271514667874e-7	0.0
0.0	0.0	0.0	0.0	0.0	0.0	0.0	0.0	0.0	0.0	0.0	0.0	0.0	0.0	0.0	0.0	0.0	0.0	0.0	0.0	0.0	0.0	0.0	0.0
0.0	0.0	0.0	0.0	0.0	0.0	0.0	0.0	0.0	0.0	0.0	0.0	0.0	0.0	0.0	0.0	0.0	0.0	0.0	0.0	0.0	0.0	0.0	0.0
0.0	0.0	0.0	0.0	0.0	0.0	0.0	0.0	0.0	0.0	0.0	0.0	0.0	0.0	0.0	0.0	9.502478007670438e-8	9.495163894897426e-8	9.492708683282898e-8	9.492155594004149e-8	9.49405145155008e-8	9.499189928623391e-8	9.53454921088175e-8	9.502258227761919e-8
0.0	0.0	0.0	0.0	0.0	0.0	0.0	0.0	0.0	0.0	0.0	0.0	0.0	0.0	0.0	0.0	9.50950062206284e-8	9.498740931150346e-8	9.495139720198996e-8	9.493625982524563e-8	9.493798429821348e-8	9.493713921707408e-8	9.495827424197019e-8	9.498697714138888e-8
0.0	0.0	0.0	0.0	0.0	0.0	0.0	0.0	0.0	0.0	0.0	0.0	0.0	0.0	0.0	0.0	0.0	0.0	0.0	0.0	0.0	0.0	0.0	0.0
0.0	0.0	0.0	0.0	0.0	0.0	0.0	0.0	0.0	0.0	0.0	0.0	0.0	0.0	0.0	0.0	0.0	0.0	0.0	0.0	0.0	0.0	0.0	0.0
9.492156033127713e-8	9.493454162568839e-8	9.493766933698093e-8	9.497647707788304e-8	9.505754440074091e-8	9.496276819039647e-8	9.49322473243428e-8	9.492269701529932e-8	9.492253053882045e-8	9.494144014388984e-8	9.492303335633463e-8	9.492351409217423e-8	9.494100690381679e-8	9.49230186831219e-8	9.492736880345638e-8	9.492261115574363e-8	9.493121679932581e-8	9.49219347286354e-8	9.492202131037816e-8	9.492155440521779e-8	9.493286505419553e-8	9.492731881144986e-8	9.495164128586362e-8	9.502258115603914e-8
0.0	0.0	0.0	0.0	0.0	0.0	0.0	0.0	0.0	0.0	0.0	0.0	0.0	0.0	0.0	0.0	9.502478007829003e-8	9.495163894932663e-8	9.492708683303227e-8	9.492155594607236e-8	9.494051497474173e-8	9.499226140889216e-8	9.535347649441755e-8	0.0
9.492156033127713e-8	9.493454162568839e-8	9.493766933698093e-8	9.497647707788304e-8	9.505754440074091e-8	9.496276819039647e-8	9.49322473243428e-8	9.492269701529932e-8	9.492253053882045e-8	9.494144014388984e-8	9.492303335633463e-8	9.492351409217423e-8	9.494100690381679e-8	9.49230186831219e-8	9.492736880345638e-8	9.492261115574363e-8	9.493121679932581e-8	9.49219347286354e-8	9.492202131037816e-8	9.492155440521779e-8	9.493286505419553e-8	9.492731881144986e-8	9.495164128586362e-8	9.502258115603914e-8
0.0	0.0	0.0	0.0	0.0	0.0	0.0	0.0	0.0	0.0	0.0	0.0	0.0	0.0	0.0	0.0	0.0	0.0	0.0	0.0	0.0	0.0	0.0	0.0
0.0	0.0	0.0	0.0	0.0	0.0	0.0	0.0	0.0	0.0	0.0	0.0	0.0	0.0	0.0	0.0	0.0	0.0	0.0	0.0	0.0	0.0	0.0	0.0
0.0	0.0	0.0	0.0	0.0	0.0	0.0	0.0	0.0	0.0	0.0	0.0	0.0	0.0	0.0	0.0	0.0	0.0	0.0	0.0	0.0	0.0	0.0	0.0
0.0	0.0	0.0	0.0	0.0	0.0	0.0	0.0	0.0	0.0	0.0	0.0	0.0	0.0	0.0	0.0	0.0	0.0	0.0	0.0	0.0	0.0	0.0	0.0
0.0	0.0	0.0	0.0	0.0	0.0	0.0	0.0	0.0	0.0	0.0	0.0	0.0	0.0	0.0	0.0	0.0	0.0	0.0	0.0	0.0	0.0	0.0	0.0
0.0	0.0	0.0	0.0	0.0	0.0	0.0	0.0	0.0	0.0	0.0	0.0	0.0	0.0	0.0	0.0	0.0	0.0	0.0	0.0	0.0	0.0	0.0	0.0
0.0	0.0	0.0	0.0	0.0	0.0	0.0	0.0	0.0	0.0	0.0	0.0	0.0	0.0	0.0	0.0	0.0	0.0	0.0	0.0	0.0	0.0	0.0	0.0
0.0	0.0	0.0	0.0	0.0	0.0	0.0	0.0	0.0	0.0	0.0	0.0	0.0	0.0	0.0	0.0	0.0	0.0	0.0	0.0	0.0	2.0240021438933456e-7	1.355486352785984e-10	9.531271176958344e-8
0.0	0.0	0.0	0.0	0.0	0.0	0.0	0.0	0.0	0.0	0.0	0.0	0.0	0.0	0.0	0.0	0.0	0.0	0.0	0.0	0.0	0.0	0.0	0.0
0.0	0.0	0.0	0.0	0.0	0.0	0.0	0.0	0.0	0.0	0.0	0.0	0.0	0.0	0.0	0.0	0.0	0.0	0.0	0.0	0.0	0.0	0.0	0.0
0.0	0.0	0.0	0.0	0.0	0.0	0.0	0.0	0.0	0.0	0.0	0.0	0.0	0.0	0.0	0.0	0.0	0.0	0.0	0.0	0.0	0.0	0.0	0.0
0.0	0.0	0.0	0.0	0.0	0.0	0.0	0.0	0.0	0.0	0.0	0.0	0.0	0.0	0.0	0.0	0.0	0.0	0.0	0.0	0.0	0.0	0.0	0.0
0.0	0.0	0.0	0.0	0.0	0.0	0.0	0.0	0.0	0.0	0.0	9.502609279420364e-8	9.494621238631908e-8	9.493780881702899e-8	9.494590752733001e-8	9.493734814111155e-8	9.495423380677457e-8	9.493667741874989e-8	9.493675727003661e-8	9.49362599076992e-8	9.49577754210014e-8	9.495175130111845e-8	9.502356898121725e-8	0.0
0.0	0.0	0.0	0.0	0.0	0.0	9.502707750608165e-8	9.495338948098528e-8	9.498907227880693e-8	9.49418237959301e-8	9.492320450816432e-8	9.494227103748487e-8	9.498947964539802e-8	9.514923423172093e-8	9.497952752545932e-8	9.493832896792726e-8	9.498760955964673e-8	9.494091352415352e-8	9.492200614676723e-8	9.49215559409224e-8	9.494051496415721e-8	9.499226147127444e-8	9.535347739471193e-8	0.0
0.0	0.0	0.0	0.0	0.0	0.0	0.0	0.0	0.0	0.0	0.0	0.0	0.0	0.0	0.0	0.0	0.0	0.0	0.0	0.0	0.0	0.0	0.0	0.0
0.0	0.0	0.0	0.0	0.0	0.0	0.0	0.0	0.0	0.0	0.0	0.0	0.0	0.0	0.0	0.0	0.0	0.0	0.0	0.0	0.0	0.0	0.0	0.0
0.0	0.0	0.0	0.0	0.0	0.0	0.0	0.0	0.0	0.0	0.0	0.0	0.0	0.0	0.0	0.0	0.0	0.0	0.0	0.0	0.0	0.0	0.0	0.0
0.0	0.0	0.0	0.0	0.0	0.0	0.0	0.0	0.0	0.0	0.0	0.0	0.0	0.0	0.0	0.0	0.0	0.0	0.0	0.0	0.0	0.0	0.0	9.523006021097192e-8
9.495102269329767e-8	9.502329896455576e-8	0.0	0.0	0.0	0.0	0.0	0.0	0.0	0.0	0.0	0.0	0.0	0.0	0.0	0.0	9.502317961085078e-8	9.495126541632143e-8	9.492694388769788e-8	9.492155440857881e-8	9.493286503837973e-8	9.492731881144986e-8	9.495164128585007e-8	9.50225811560798e-8
9.50017884486531e-8	2.3775818705606227e-9	0.0	0.0	0.0	0.0	0.0	0.0	0.0	0.0	0.0	0.0	0.0	0.0	0.0	9.500359855993163e-8	9.495653363007024e-8	9.492622187766745e-8	9.491278384219303e-8	9.491268927524707e-8	9.492655571244747e-8	9.49412802879018e-8	9.500271432495851e-8	9.494046275564843e-8
0.0	0.0	0.0	0.0	0.0	0.0	0.0	0.0	0.0	0.0	0.0	0.0	0.0	0.0	0.0	0.0	0.0	0.0	0.0	0.0	0.0	0.0	0.0	0.0
0.0	0.0	0.0	0.0	0.0	0.0	0.0	0.0	0.0	0.0	0.0	0.0	0.0	0.0	0.0	0.0	0.0	0.0	0.0	0.0	0.0	0.0	0.0	0.0
0.0	0.0	0.0	0.0	0.0	0.0	0.0	0.0	0.0	0.0	0.0	0.0	0.0	0.0	0.0	0.0	0.0	0.0	0.0	0.0	0.0	0.0	0.0	0.0
0.0	0.0	0.0	0.0	0.0	0.0	0.0	0.0	0.0	0.0	0.0	0.0	0.0	0.0	0.0	0.0	0.0	0.0	0.0	0.0	0.0	0.0	0.0	0.0
0.0	0.0	0.0	0.0	0.0	0.0	0.0	0.0	0.0	0.0	0.0	0.0	0.0	0.0	0.0	0.0	0.0	0.0	0.0	0.0	0.0	0.0	0.0	0.0
0.0	0.0	0.0	0.0	0.0	0.0	0.0	0.0	0.0	0.0	0.0	0.0	0.0	0.0	0.0	0.0	0.0	0.0	0.0	0.0	0.0	0.0	0.0	0.0
0.0	0.0	0.0	0.0	0.0	0.0	0.0	0.0	0.0	0.0	0.0	0.0	0.0	0.0	0.0	0.0	0.0	0.0	0.0	0.0	0.0	0.0	0.0	0.0
0.0	0.0	0.0	0.0	0.0	0.0	0.0	0.0	0.0	0.0	0.0	0.0	0.0	0.0	0.0	0.0	0.0	0.0	0.0	0.0	0.0	0.0	0.0	0.0
9.496045985920372e-8	9.503184375273736e-8	9.504904540324176e-8	1.661983031744859e-9	9.005917954851571e-10	9.50502882060859e-8	9.49663977420931e-8	9.493781959107124e-8	9.496633502403319e-8	9.493736490901643e-8	9.49230948326849e-8	9.493781497314248e-8	9.496684285877424e-8	9.495364914946557e-8	9.494337362300992e-8	9.492571798215815e-8	9.494281893420093e-8	9.492527662141083e-8	9.492173841853127e-8	9.492155586561101e-8	9.49363263988911e-8	9.492266679516953e-8	9.493735046780941e-8	9.49651101250532e-8
0.0	0.0	0.0	0.0	0.0	0.0	0.0	0.0	0.0	0.0	0.0	0.0	0.0	0.0	0.0	0.0	0.0	8.728932508211658e-10	9.505450575397344e-8	9.496610483647363e-8	9.505424774677548e-8	9.496725468714187e-8	9.505166776337516e-8	9.49653239320933e-8
0.0	0.0	0.0	0.0	0.0	0.0	0.0	0.0	0.0	0.0	0.0	0.0	0.0	0.0	0.0	0.0	0.0	0.0	0.0	0.0	0.0	0.0	0.0	0.0
0.0	0.0	0.0	0.0	0.0	0.0	0.0	0.0	0.0	0.0	0.0	0.0	0.0	0.0	0.0	0.0	0.0	0.0	0.0	0.0	0.0	0.0	0.0	0.0
0.0	0.0	0.0	0.0	0.0	0.0	0.0	0.0	0.0	0.0	0.0	0.0	0.0	0.0	0.0	0.0	0.0	0.0	9.512694649066445e-8	9.499519290897336e-8	9.512684834289686e-8	9.509560795198033e-8	2.4521502642835333e-10	9.50941957579424e-8
0.0	0.0	0.0	0.0	0.0	0.0	9.509672612718065e-8	9.498907223852882e-8	9.500296566646797e-8	9.495863168839671e-8	9.493781706357914e-8	9.495902317774145e-8	9.500346709929335e-8	9.495791461549771e-8	9.496108428464183e-8	9.493846407865412e-8	9.496023617478367e-8	9.493788446634111e-8	9.493673426058311e-8	9.493626216137605e-8	9.49574633567977e-8	9.493973182331174e-8	9.49636806762223e-8	9.498697873317385e-8
0.0	0.0	0.0	0.0	0.0	0.0	0.0	0.0	0.0	0.0	0.0	0.0	0.0	0.0	0.0	0.0	0.0	0.0	0.0	9.53129474014642e-8	9.528870068841486e-8	9.509665552976277e-8	9.532498630549044e-8	0.0
9.49048423671059e-8	9.49150065409569e-8	9.49391744946873e-8	9.501930173076451e-8	9.498788937332167e-8	9.493571897737512e-8	9.491556958572559e-8	9.490600958377915e-8	9.490783558223804e-8	9.491575697697936e-8	9.490638423111379e-8	9.491195925851912e-8	9.491620417058529e-8	9.490633332698154e-8	9.491547251462497e-8	9.490594316671958e-8	9.491495172766595e-8	9.490526061537341e-8	9.490535502244021e-8	9.490490812853487e-8	9.49146162522712e-8	9.490575529712937e-8	9.49155301529131e-8	9.491902899844064e-8
9.498114223157662e-8	3.2955753436355215e-9	9.498188828327523e-8	6.793895146968545e-10	4.827008369459119e-10	9.498213338520118e-8	9.494970916074943e-8	9.493125458923319e-8	9.49505476284182e-8	9.492125464216866e-8	9.490928013422203e-8	9.492174307161529e-8	9.49509769888093e-8	9.508636310765612e-8	9.499045282116163e-8	9.493287469017786e-8	9.495229067471795e-8	9.492131664659315e-8	9.490855269853223e-8	9.490490867830668e-8	9.491489899067637e-8	9.493066189978857e-8	9.498183550490978e-8	9.4929936759287e-8
9.491751413514616e-8	9.492805390679763e-8	9.49307728280636e-8	9.495841590744457e-8	9.500036095245676e-8	9.49497519884293e-8	9.49266142288716e-8	9.491865614753413e-8	9.491849529173551e-8	9.493357718982757e-8	9.491900548247499e-8	9.491939456341368e-8	9.493331486783022e-8	9.49189758388155e-8	9.492252790612007e-8	9.491857806140987e-8	9.492545245798323e-8	9.49179000367704e-8	9.491798862225429e-8	9.49175280350788e-8	9.492736961914233e-8	9.491838278411673e-8	9.4933349532308e-8	9.495088884214269e-8
0.0	0.0	0.0	0.0	0.0	0.0	0.0	0.0	0.0	6.272411248044652e-11	9.505269729831228e-8	0.0	0.0	0.0	0.0	0.0	0.0	0.0	2.8324701872887713e-10	9.505126695131475e-8	2.2731578185682962e-10	2.455901431543372e-8	1.3463612306297903e-10	9.505105611183086e-8
0.0	0.0	0.0	0.0	0.0	0.0	0.0	0.0	0.0	0.0	0.0	0.0	0.0	0.0	0.0	0.0	0.0	0.0	0.0	0.0	0.0	0.0	0.0	0.0
0.0	0.0	0.0	0.0	0.0	0.0	0.0	0.0	0.0	0.0	0.0	0.0	0.0	0.0	0.0	0.0	0.0	0.0	0.0	0.0	0.0	0.0	0.0	9.523006021097192e-8
0.0	0.0	0.0	0.0	0.0	0.0	0.0	0.0	0.0	0.0	0.0	0.0	0.0	0.0	0.0	0.0	0.0	0.0	0.0	0.0	0.0	0.0	0.0	0.0
0.0	0.0	0.0	0.0	0.0	0.0	0.0	0.0	0.0	0.0	0.0	0.0	0.0	0.0	0.0	0.0	0.0	0.0	0.0	0.0	0.0	0.0	0.0	0.0
0.0	0.0	0.0	0.0	0.0	0.0	0.0	0.0	0.0	0.0	0.0	0.0	0.0	0.0	0.0	0.0	0.0	0.0	0.0	0.0	0.0	0.0	0.0	0.0
0.0	0.0	0.0	0.0	0.0	0.0	0.0	0.0	0.0	0.0	0.0	1.7203646119621288e-9	1.5220856825328716e-9	1.2633067370514535e-8	9.514092003668536e-8	9.497184001372645e-8	9.516025196528073e-8	9.497475805650055e-8	9.493662494949049e-8	9.49362625424189e-8	9.497494473177431e-8	9.503076604429892e-8	1.7690271514667874e-7	0.0
0.0	0.0	0.0	0.0	0.0	0.0	0.0	0.0	0.0	0.0	0.0	0.0	0.0	0.0	0.0	0.0	0.0	0.0	0.0	0.0	0.0	0.0	0.0	0.0
0.0	0.0	0.0	0.0	0.0	0.0	0.0	0.0	0.0	0.0	0.0	0.0	0.0	0.0	0.0	0.0	0.0	0.0	0.0	0.0	0.0	0.0	0.0	0.0
0.0	0.0	0.0	0.0	0.0	0.0	0.0	0.0	0.0	0.0	0.0	0.0	0.0	0.0	0.0	0.0	9.502478007670438e-8	9.495163894897426e-8	9.492708683282898e-8	9.492155594004149e-8	9.49405145155008e-8	9.499189928623391e-8	9.53454921088175e-8	9.502258227761919e-8
0.0	0.0	0.0	0.0	0.0	0.0	0.0	0.0	0.0	0.0	0.0	0.0	0.0	0.0	0.0	0.0	9.50950062206284e-8	9.498740931150346e-8	9.495139720198996e-8	9.493625982524563e-8	9.493798429821348e-8	9.493713921707408e-8	9.495827424197019e-8	9.498697714138888e-8
0.0	0.0	0.0	0.0	0.0	0.0	0.0	0.0	0.0	0.0	0.0	0.0	0.0	0.0	0.0	0.0	0.0	0.0	0.0	0.0	0.0	0.0	0.0	0.0
0.0	0.0	0.0	0.0	0.0	0.0	0.0	0.0	0.0	0.0	0.0	0.0	0.0	0.0	0.0	0.0	0.0	0.0	0.0	0.0	0.0	0.0	0.0	0.0
9.495102269329767e-8	9.502329896455576e-8	0.0	0.0	0.0	0.0	0.0	0.0	0.0	0.0	0.0	0.0	0.0	0.0	0.0	0.0	9.502317961087789e-8	9.495126541633498e-8	9.492694388769788e-8	9.49215544068983e-8	9.493372237562509e-8	9.492241342849239e-8	9.494121492531016e-8	9.492690212162811e-8
0.0	0.0	0.0	0.0	0.0	0.0	9.502707750608165e-8	9.495338948098528e-8	9.498907227880693e-8	9.49418237959301e-8	9.492320450816432e-8	9.494227103748487e-8	9.498947964539802e-8	9.514923423172093e-8	9.497952752545932e-8	9.493832896792726e-8	9.498760955964673e-8	9.494091352415352e-8	9.492200614676723e-8	9.49215559409224e-8	9.494051496415721e-8	9.499226147127444e-8	9.535347739471193e-8	0.0
9.492156033127713e-8	9.493454162568839e-8	9.493766933698093e-8	9.497647707788304e-8	9.505754440074091e-8	9.496276819039647e-8	9.49322473243428e-8	9.492269701529932e-8	9.492253053882045e-8	9.494144014388984e-8	9.492303335633463e-8	9.492351409217423e-8	9.494100690381679e-8	9.49230186831219e-8	9.492736880345638e-8	9.492261115574363e-8	9.493121679932581e-8	9.49219347286354e-8	9.492202131037816e-8	9.492155440521779e-8	9.493286505419553e-8	9.492731881144986e-8	9.495164128586362e-8	9.502258115603914e-8
0.0	0.0	0.0	0.0	0.0	0.0	0.0	0.0	0.0	0.0	0.0	0.0	0.0	0.0	0.0	0.0	0.0	0.0	0.0	0.0	0.0	0.0	0.0	0.0
0.0	0.0	0.0	0.0	0.0	0.0	0.0	0.0	0.0	0.0	0.0	0.0	0.0	0.0	0.0	0.0	0.0	0.0	0.0	0.0	0.0	0.0	0.0	0.0
0.0	0.0	0.0	0.0	0.0	0.0	0.0	0.0	0.0	0.0	0.0	0.0	0.0	0.0	0.0	0.0	0.0	0.0	0.0	0.0	0.0	0.0	0.0	0.0
0.0	0.0	0.0	0.0	0.0	0.0	0.0	0.0	0.0	0.0	0.0	0.0	0.0	0.0	0.0	0.0	0.0	0.0	0.0	0.0	0.0	0.0	0.0	0.0
0.0	0.0	0.0	0.0	0.0	0.0	0.0	0.0	0.0	0.0	0.0	0.0	0.0	0.0	0.0	0.0	0.0	0.0	0.0	0.0	0.0	0.0	0.0	0.0
0.0	0.0	0.0	0.0	0.0	0.0	0.0	0.0	0.0	0.0	0.0	0.0	0.0	0.0	0.0	0.0	0.0	0.0	0.0	0.0	0.0	2.0240021438933456e-7	1.355486352785984e-10	9.531271176958344e-8
0.0	0.0	0.0	0.0	0.0	0.0	0.0	0.0	0.0	0.0	0.0	0.0	0.0	0.0	0.0	0.0	0.0	0.0	0.0	0.0	0.0	0.0	0.0	0.0
0.0	0.0	0.0	0.0	0.0	0.0	0.0	0.0	0.0	0.0	0.0	0.0	0.0	0.0	0.0	0.0	0.0	0.0	0.0	0.0	0.0	2.0240021438933456e-7	1.355486352785984e-10	9.531271176958344e-8
0.0	0.0	0.0	0.0	0.0	0.0	0.0	0.0	0.0	0.0	0.0	0.0	0.0	0.0	0.0	0.0	0.0	0.0	0.0	0.0	0.0	0.0	0.0	0.0
