 
su_cost	sd_cost	prod_cost	cr⁺	cr⁻	𝜟pd	𝜟pw
10928.0	13418.0	1.8169309750238217e6	46.200074113564305	1.9758660343726662	0.0	6.668997706297677
 
list 1: units stutup/down states
1	0	0	0	1	1	1	0	0	0	0	0	0	0	0	0	0	0	0	0	0	0	0	0
1	0	0	0	1	1	1	0	0	0	0	0	0	0	0	0	0	0	0	1	1	1	0	0
1	0	0	0	1	1	1	0	0	0	0	0	0	0	0	0	0	0	0	0	0	0	0	0
0	0	0	0	0	0	0	0	0	0	0	0	1	1	1	1	1	1	1	1	1	1	1	1
0	0	0	0	0	0	0	0	0	0	0	0	1	1	1	1	1	1	1	1	1	1	1	1
1	0	0	0	0	0	0	0	0	0	0	0	0	0	0	0	0	0	0	0	1	0	0	1
1	1	1	1	0	0	0	0	0	0	0	0	0	0	0	0	0	0	0	0	1	1	1	1
1	0	0	0	1	1	1	0	0	0	0	0	0	0	0	0	0	0	0	1	1	1	0	0
1	0	0	0	1	1	1	0	0	0	0	0	0	0	0	0	0	0	0	0	0	0	0	0
0	0	0	0	0	0	0	0	0	0	0	0	1	1	1	1	1	1	1	1	1	1	1	1
0	0	0	0	0	0	0	0	0	0	0	1	1	1	1	1	1	1	1	1	1	0	0	0
1	0	0	0	0	0	0	0	0	0	0	0	0	0	0	0	0	0	0	0	0	0	0	0
1	0	0	0	0	0	0	0	0	0	0	0	0	0	0	0	0	0	0	0	0	0	0	0
1	1	1	0	0	0	0	0	0	0	0	0	0	0	0	0	0	0	0	0	1	1	1	1
1	0	0	0	0	0	0	0	0	0	0	0	0	0	0	0	0	0	0	0	0	0	0	0
1	1	1	1	0	0	0	0	0	0	0	0	0	0	0	0	0	0	0	0	1	1	1	1
1	0	0	0	0	0	0	0	0	0	0	0	0	0	0	0	0	0	0	0	0	0	0	0
1	0	0	0	1	1	1	0	0	0	0	0	0	0	0	0	0	0	0	0	0	0	0	0
1	1	1	0	0	0	0	0	0	0	0	0	0	0	0	0	0	0	0	0	1	1	1	1
1	1	1	0	0	0	0	0	0	0	0	1	1	1	1	1	1	1	1	1	1	1	1	1
1	1	1	0	0	0	0	0	0	0	0	1	1	1	1	1	1	1	1	1	1	1	1	1
1	1	1	0	0	0	0	0	0	0	0	0	0	0	0	0	0	0	0	0	1	1	1	1
1	1	1	1	0	0	0	0	0	0	0	0	0	0	0	0	0	0	0	0	1	1	1	1
1	1	1	0	0	0	0	0	0	0	0	1	1	1	1	1	1	1	1	1	1	1	1	1
1	1	1	0	0	0	0	0	0	0	0	0	0	0	0	0	0	0	0	1	1	1	1	1
1	1	1	1	0	0	0	0	0	0	0	0	0	0	0	0	0	0	0	0	1	1	1	1
1	1	1	1	1	1	1	1	1	1	1	1	1	1	1	1	0	0	0	0	0	0	0	0
1	1	1	0	0	0	0	0	0	0	0	0	0	0	1	1	1	1	1	1	1	1	1	1
0	0	0	0	0	0	0	0	0	0	0	1	1	1	1	1	1	1	1	1	1	1	1	1
1	0	0	0	0	1	1	1	1	0	0	0	0	0	0	0	0	0	0	1	1	1	1	1
1	0	0	0	0	0	0	0	0	0	0	0	0	0	0	0	0	0	0	0	1	0	0	1
1	0	0	0	1	1	1	0	0	0	0	0	0	0	0	0	0	0	0	0	0	0	0	0
1	0	0	0	0	0	0	0	0	0	0	0	0	0	0	0	0	0	0	0	0	0	0	0
0	0	0	0	0	1	1	1	1	1	0	0	0	0	0	0	0	0	0	0	1	1	1	1
0	0	0	0	0	0	0	0	0	0	0	0	0	0	0	0	0	0	0	0	1	1	1	1
0	0	0	0	0	0	0	0	0	0	0	0	1	1	1	1	1	1	1	1	1	1	1	1
0	0	0	0	0	1	1	1	1	1	0	0	0	0	0	0	0	0	0	0	1	1	1	1
1	0	0	0	1	1	1	0	0	0	0	0	0	0	0	1	0	0	0	0	1	0	0	1
0	0	0	0	0	0	0	0	0	0	0	0	0	0	0	0	0	0	0	1	1	1	1	1
1	1	1	1	0	0	0	0	0	0	0	0	0	0	0	0	0	0	0	1	1	1	1	1
1	0	0	0	0	0	0	0	0	0	0	0	0	0	0	0	0	0	0	0	0	0	0	0
1	0	0	0	1	1	1	0	0	0	0	0	0	0	0	1	0	0	0	0	1	0	0	1
0	0	0	0	0	0	0	0	0	0	0	0	1	1	1	1	1	1	1	1	1	0	0	0
0	0	0	0	0	0	0	0	0	0	0	0	1	1	1	1	1	1	1	1	1	0	0	0
0	0	0	0	0	0	0	0	0	0	0	0	1	1	1	1	1	1	1	1	1	0	0	0
1	0	0	0	0	0	0	0	0	0	0	0	0	0	0	0	0	0	0	0	0	0	0	0
0	0	0	0	0	1	1	1	1	1	0	0	0	0	0	0	0	0	0	0	1	1	1	1
0	0	0	0	0	0	0	0	0	0	0	0	0	0	0	0	0	0	0	0	1	1	1	1
1	0	0	0	0	0	0	0	0	0	0	0	0	0	0	0	0	0	0	0	0	0	0	0
1	0	0	0	1	1	1	0	0	0	0	0	0	0	1	1	0	0	0	0	1	1	1	1
0	0	0	0	0	1	1	1	1	1	0	0	0	0	0	0	0	0	0	0	1	1	1	1
0	0	0	0	0	0	0	0	0	0	0	0	0	0	0	0	0	0	0	0	1	1	1	1
0	0	0	0	0	1	1	1	1	1	0	0	0	0	0	0	0	0	0	0	1	1	1	1
1	0	0	0	1	1	1	1	0	0	0	0	0	0	1	1	0	0	0	0	1	1	1	1
1	0	0	0	1	1	1	0	0	0	0	0	0	0	0	0	0	0	0	1	1	1	1	1
1	0	0	0	1	1	1	0	0	0	0	0	0	0	0	0	0	0	0	0	0	0	0	0
1	0	0	0	1	1	1	0	0	0	0	0	0	0	0	0	0	0	0	1	1	1	0	0
0	0	0	0	0	0	0	0	1	1	1	1	1	1	1	1	0	0	0	0	0	0	0	0
0	0	0	0	0	0	0	0	0	0	0	0	1	1	1	1	1	1	1	1	1	0	0	0
1	0	0	0	0	0	0	0	0	0	0	0	0	0	0	0	0	0	0	0	1	0	0	1
1	1	1	1	1	1	1	1	1	1	0	0	0	0	0	0	0	0	0	0	1	1	1	1
1	0	0	0	1	1	1	0	0	0	0	0	0	0	0	0	0	0	0	0	0	0	0	0
1	0	0	0	1	1	1	0	0	0	0	0	0	0	0	0	0	0	0	0	0	0	0	0
0	0	0	0	0	0	0	0	0	0	0	0	1	1	1	1	1	1	1	1	1	0	0	0
0	0	0	0	0	0	0	0	0	0	0	1	1	1	1	1	1	1	1	1	1	1	1	1
1	0	0	0	1	1	1	0	0	0	0	0	0	0	0	0	0	0	0	0	0	0	0	0
1	0	0	0	0	0	0	0	0	0	0	0	0	0	0	0	0	0	0	0	0	0	0	0
1	1	1	0	0	0	0	0	0	0	0	0	0	0	0	0	0	0	0	0	1	1	1	1
1	0	0	0	0	0	0	0	0	0	0	0	0	0	0	0	0	0	0	0	0	0	0	0
1	1	1	1	0	0	0	0	0	0	0	0	0	0	0	0	0	0	0	0	1	1	1	1
1	0	0	0	0	0	0	0	0	0	0	0	0	0	0	0	0	0	0	0	0	0	0	0
1	0	0	0	0	0	0	0	0	0	0	0	0	0	0	0	0	0	0	0	0	0	0	0
1	1	1	0	0	0	0	0	0	0	0	0	0	0	0	0	0	0	0	0	1	1	1	1
1	1	1	0	0	0	0	0	0	0	0	1	1	1	1	1	1	1	1	1	1	1	1	1
1	1	1	0	0	0	0	0	0	0	0	1	1	1	1	1	1	1	1	1	1	1	1	1
1	1	1	0	0	0	0	0	0	0	0	0	0	0	0	0	0	0	0	0	1	1	1	1
1	1	1	1	0	0	0	0	0	0	0	0	0	0	0	0	0	0	0	0	1	1	1	1
1	1	1	0	0	0	0	0	0	0	0	1	1	1	1	1	1	1	1	1	1	1	1	1
1	1	1	0	0	0	0	0	0	0	0	0	0	0	0	0	0	0	0	1	1	1	1	1
1	1	1	1	0	0	0	0	0	0	0	0	0	0	0	0	0	0	0	0	1	1	1	1
1	1	1	1	0	0	0	0	0	0	0	0	0	0	0	0	0	0	0	0	1	1	1	1
1	1	1	0	0	0	0	0	0	0	0	0	0	0	1	1	1	1	1	1	1	1	1	1
0	0	0	0	0	0	0	0	0	0	0	1	1	1	1	1	1	1	1	1	1	0	0	0
1	0	0	0	0	1	1	1	1	0	0	0	0	0	0	0	0	0	0	1	1	1	1	1
1	0	0	0	0	0	0	0	0	0	0	0	0	0	0	0	0	0	0	0	1	0	0	1
1	0	0	0	1	1	1	0	0	0	0	0	0	0	0	0	0	0	0	1	1	1	0	0
1	0	0	0	0	0	0	0	0	0	0	0	0	0	0	0	0	0	0	0	0	0	0	0
0	0	0	0	0	1	1	1	1	1	0	0	0	0	0	0	0	0	0	0	1	1	1	1
0	0	0	0	0	0	0	0	0	0	0	0	0	0	0	0	0	0	0	0	1	1	1	1
0	0	0	0	0	0	0	0	0	0	0	0	1	1	1	1	1	1	1	1	1	1	1	1
0	0	0	0	0	1	1	1	1	1	0	0	0	0	0	0	0	0	0	0	1	1	1	1
1	0	0	0	1	1	1	0	0	0	0	0	0	0	0	1	0	0	0	0	1	0	0	1
0	0	0	0	0	0	0	0	0	0	0	0	0	0	0	0	0	0	0	1	1	1	1	1
1	1	1	1	1	1	1	1	1	0	0	0	0	0	0	0	0	0	0	1	1	1	1	1
1	0	0	0	0	0	0	0	0	0	0	0	0	0	0	0	0	0	0	0	0	0	0	0
1	0	0	0	1	1	1	0	0	0	0	0	0	0	0	1	0	0	0	0	1	0	0	1
0	0	0	0	0	0	0	0	0	0	0	1	1	1	1	1	1	1	1	1	1	1	1	1
0	0	0	0	0	0	0	0	0	0	0	0	1	1	1	1	1	1	1	1	1	1	1	1
0	0	0	0	0	0	0	0	0	0	0	0	1	1	1	1	1	1	1	1	1	1	1	1
1	0	0	0	0	0	0	0	0	0	0	0	0	0	0	0	0	0	0	0	0	0	0	0
0	0	0	0	0	1	1	1	1	1	0	0	0	0	0	0	0	0	0	0	1	1	1	1
0	0	0	0	0	0	0	0	0	0	0	0	0	0	0	0	0	0	0	0	1	1	1	1
1	0	0	0	0	0	0	0	0	0	0	0	0	0	0	0	0	0	0	0	0	0	0	0
1	0	0	0	1	1	1	1	0	0	0	0	0	0	1	1	0	0	0	0	1	1	1	1
0	0	0	0	0	1	1	1	1	1	0	0	0	0	0	0	0	0	0	0	1	1	1	1
0	0	0	0	0	0	0	0	0	0	0	0	0	0	0	0	0	0	0	0	1	1	1	1
0	0	0	0	0	1	1	1	1	1	0	0	0	0	0	0	0	0	0	0	1	1	1	1
1	0	0	0	1	1	1	1	0	0	0	0	0	0	1	1	0	0	0	0	1	1	1	1
 
list 2: units dispatching power in scenario NO.1
0.05	0.0	0.0	0.0	0.05	0.29999999999963317	0.05	0.0	0.0	0.0	0.0	0.0	0.0	0.0	0.0	0.0	0.0	0.0	0.0	0.0	0.0	0.0	0.0	0.0
0.05	0.0	0.0	0.0	0.05	0.29999999999963317	0.05	0.0	0.0	0.0	0.0	0.0	0.0	0.0	0.0	0.0	0.0	0.0	0.0	0.05	0.29999999999963267	0.05	0.0	0.0
0.05	0.0	0.0	0.0	0.05	0.29999999999963317	0.05	0.0	0.0	0.0	0.0	0.0	0.0	0.0	0.0	0.0	0.0	0.0	0.0	0.0	0.0	0.0	0.0	0.0
0.0	0.0	0.0	0.0	0.0	0.0	0.0	0.0	0.0	0.0	0.0	0.0	1.5	2.099999999020641	2.699999997007626	2.6999999993053176	2.0999999994058975	1.5000000003815137	1.5000000003824727	2.0999999994252665	2.6999999994250827	2.699999998617924	2.0999999990529874	1.5
0.0	0.0	0.0	0.0	0.0	0.0	0.0	0.0	0.0	0.0	0.0	0.0	1.0	1.5999890300217643	1.4893485437352336	1.9527835908425253	1.3527835909485124	1.000000000318285	1.0000000003182719	1.5163859531446953	2.1163859531445115	2.3491051236382816	1.749105124201443	2.199999999862575
0.1	0.0	0.0	0.0	0.0	0.0	0.0	0.0	0.0	0.0	0.0	0.0	0.0	0.0	0.0	0.0	0.0	0.0	0.0	0.0	0.1	0.0	0.0	0.1
0.7	0.5000000000000917	0.3000000000002752	0.25	0.0	0.0	0.0	0.0	0.0	0.0	0.0	0.0	0.0	0.0	0.0	0.0	0.0	0.0	0.0	0.0	0.25	0.44999999953901826	0.2500000022016521	0.4499999999525127
0.05	0.0	0.0	0.0	0.05	0.29999999999963317	0.05	0.0	0.0	0.0	0.0	0.0	0.0	0.0	0.0	0.0	0.0	0.0	0.0	0.05	0.29999999999963267	0.05	0.0	0.0
0.05	0.0	0.0	0.0	0.05	0.29999999999963317	0.05	0.0	0.0	0.0	0.0	0.0	0.0	0.0	0.0	0.0	0.0	0.0	0.0	0.0	0.0	0.0	0.0	0.0
0.0	0.0	0.0	0.0	0.0	0.0	0.0	0.0	0.0	0.0	0.0	0.0	1.0	1.599999999068642	2.19999999715748	2.1999999993570905	1.5999999994574032	1.0000000003853735	1.0000000004464262	1.5999999999796228	2.1999999999794393	2.7999999990224804	2.199999999823711	2.1999999998717223
0.0	0.0	0.0	0.0	0.0	0.0	0.0	0.0	0.0	0.0	0.0	1.0	1.6999999999422433	1.6365787747511362	1.489348598580714	2.0027836182316365	1.3027836183376422	1.0000000003182825	1.0000000003182743	1.0000000000005504	1.0	0.0	0.0	0.0
0.08	0.0	0.0	0.0	0.0	0.0	0.0	0.0	0.0	0.0	0.0	0.0	0.0	0.0	0.0	0.0	0.0	0.0	0.0	0.0	0.0	0.0	0.0	0.0
0.08	0.0	0.0	0.0	0.0	0.0	0.0	0.0	0.0	0.0	0.0	0.0	0.0	0.0	0.0	0.0	0.0	0.0	0.0	0.0	0.0	0.0	0.0	0.0
0.6499999999999999	0.44999999999999996	0.25	0.0	0.0	0.0	0.0	0.0	0.0	0.0	0.0	0.0	0.0	0.0	0.0	0.0	0.0	0.0	0.0	0.0	0.25	0.4499999995283618	0.2500000021216142	0.4499999999524019
0.08	0.0	0.0	0.0	0.0	0.0	0.0	0.0	0.0	0.0	0.0	0.0	0.0	0.0	0.0	0.0	0.0	0.0	0.0	0.0	0.0	0.0	0.0	0.0
0.75	0.5500000000000919	0.3500000000002753	0.25	0.0	0.0	0.0	0.0	0.0	0.0	0.0	0.0	0.0	0.0	0.0	0.0	0.0	0.0	0.0	0.0	0.25	0.44999999953901826	0.2500000022016521	0.4499999999525127
0.08	0.0	0.0	0.0	0.0	0.0	0.0	0.0	0.0	0.0	0.0	0.0	0.0	0.0	0.0	0.0	0.0	0.0	0.0	0.0	0.0	0.0	0.0	0.0
0.08	0.0	0.0	0.0	0.08	0.29999999999963317	0.08	0.0	0.0	0.0	0.0	0.0	0.0	0.0	0.0	0.0	0.0	0.0	0.0	0.0	0.0	0.0	0.0	0.0
0.6499999999999999	0.44999999999999996	0.25	0.0	0.0	0.0	0.0	0.0	0.0	0.0	0.0	0.0	0.0	0.0	0.0	0.0	0.0	0.0	0.0	0.0	0.25	0.4499999995283618	0.2500000021216142	0.4499999999524019
1.5	1.0	0.5	0.0	0.0	0.0	0.0	0.0	0.0	0.0	0.0	0.5	0.9999999999434264	1.4999999916843147	1.9999996159984916	1.4999999974995797	0.9999999976040653	0.5000000003437033	0.5000000003971388	0.9999999997475681	1.4999999997473847	1.999999998881388	1.500000000402428	1.9999999993910096
1.5	1.0	0.5	0.0	0.0	0.0	0.0	0.0	0.0	0.0	0.0	0.5	0.999999999935943	0.5000000020064737	0.5000000028912492	1.0000000006849838	0.5000000008221862	0.5000000002743265	0.500000000274328	0.5000000009452942	1.0000000009451107	1.2215480137424448	0.9999999999812482	1.4999999996934792
0.6499999999999999	0.44999999999999996	0.25	0.0	0.0	0.0	0.0	0.0	0.0	0.0	0.0	0.0	0.0	0.0	0.0	0.0	0.0	0.0	0.0	0.0	0.25	0.4499999995283618	0.2500000021216142	0.4499999999524019
0.75	0.5500000000000919	0.3500000000002753	0.25	0.0	0.0	0.0	0.0	0.0	0.0	0.0	0.0	0.0	0.0	0.0	0.0	0.0	0.0	0.0	0.0	0.25	0.44999999953901826	0.2500000022016521	0.4499999999525127
1.2999999999999998	0.8999999999999999	0.5	0.0	0.0	0.0	0.0	0.0	0.0	0.0	0.0	0.5	0.8999999999361208	0.5000000020064094	0.5000000028949506	0.9000000006953544	0.500000000831769	0.500000000274326	0.5000000002743276	0.5000000009583153	0.9000000009581317	0.8999999938893835	0.500000000961361	0.8999999999474523
1.2999999999999998	0.8999999999999999	0.5	0.0	0.0	0.0	0.0	0.0	0.0	0.0	0.0	0.0	0.0	0.0	0.0	0.0	0.0	0.0	0.0	0.5	0.8999999999998166	1.299999999482755	1.299999998667279	1.6999999980571674
0.7166987090441443	0.5166987090442362	0.31669870904441966	0.25	0.0	0.0	0.0	0.0	0.0	0.0	0.0	0.0	0.0	0.0	0.0	0.0	0.0	0.0	0.0	0.0	0.25	0.44999999953901826	0.2500000022016521	0.4499999999525127
3.3600000000000003	2.5200000000000924	1.680000000000276	1.6800000042575463	2.520000004257363	3.3600000042571794	4.199999999481866	3.359999999972946	2.5200000000290204	1.680000000141446	1.3349082755461206	2.17490827543345	3.0149082753772567	2.6799999970104507	1.8399999990348865	1.0	0.0	0.0	0.0	0.0	0.0	0.0	0.0	0.0
2.6799999999999997	1.8399999999999999	1.0	0.0	0.0	0.0	0.0	0.0	0.0	0.0	0.0	0.0	0.0	0.0	1.0	1.8399999998940646	1.0000000003182314	1.0000000003182776	1.000000000352349	1.8399999992553266	2.679999999255143	3.519999998182506	2.679999999422143	3.519999998420859
0.0	0.0	0.0	0.0	0.0	0.0	0.0	0.0	0.0	0.0	0.0	0.8	1.3999999999464858	1.9999999987066086	2.59999999510024	1.999999999544888	1.3999999996428873	0.8000000003984918	0.8000000004499566	1.3999999999921895	1.999999999992006	2.5999999990542113	1.9999999998622247	1.999999999871883
0.3	0.0	0.0	0.0	0.0	0.3	0.7999999991679632	0.799999999834043	0.3	0.0	0.0	0.0	0.0	0.0	0.0	0.0	0.0	0.0	0.0	0.3	0.7999999999996328	0.3000000027327602	0.3000000006423165	0.7999999998851102
0.1	0.0	0.0	0.0	0.0	0.0	0.0	0.0	0.0	0.0	0.0	0.0	0.0	0.0	0.0	0.0	0.0	0.0	0.0	0.0	0.1	0.0	0.0	0.1
0.05	0.0	0.0	0.0	0.05	0.29999999999963317	0.05	0.0	0.0	0.0	0.0	0.0	0.0	0.0	0.0	0.0	0.0	0.0	0.0	0.0	0.0	0.0	0.0	0.0
0.05	0.0	0.0	0.0	0.0	0.0	0.0	0.0	0.0	0.0	0.0	0.0	0.0	0.0	0.0	0.0	0.0	0.0	0.0	0.0	0.0	0.0	0.0	0.0
0.0	0.0	0.0	0.0	0.0	0.25	0.44999999962629167	0.474884423185177	0.2748844232664594	0.25	0.0	0.0	0.0	0.0	0.0	0.0	0.0	0.0	0.0	0.0	0.25	0.25000000283289736	0.25000000064759065	0.44999999994343765
0.0	0.0	0.0	0.0	0.0	0.0	0.0	0.0	0.0	0.0	0.0	0.0	0.0	0.0	0.0	0.0	0.0	0.0	0.0	0.0	0.25	0.2500000007756686	0.25000000040314996	0.4499999999333709
0.0	0.0	0.0	0.0	0.0	0.0	0.0	0.0	0.0	0.0	0.0	0.0	1.5	1.6365795217252113	1.502178881679813	2.100000551005147	1.5000005511110783	1.50000000031771	1.5000000003177143	1.5165259105780304	2.1165259105778467	2.349105041189663	1.7491050417527432	1.5
0.0	0.0	0.0	0.0	0.0	0.25	0.44999999962629167	0.474884423185177	0.2748844232664594	0.25	0.0	0.0	0.0	0.0	0.0	0.0	0.0	0.0	0.0	0.0	0.25	0.25000000283289736	0.25000000064759065	0.44999999994343765
0.1	0.0	0.0	0.0	0.1	0.2999999999996331	0.1	0.0	0.0	0.0	0.0	0.0	0.0	0.0	0.0	0.1	0.0	0.0	0.0	0.0	0.1	0.0	0.0	0.1
0.0	0.0	0.0	0.0	0.0	0.0	0.0	0.0	0.0	0.0	0.0	0.0	0.0	0.0	0.0	0.0	0.0	0.0	0.0	1.0	1.5999999999998167	2.1999999994390635	1.8881497545733155	2.488149754011084
1.6	1.2000000000000919	0.8000000000002754	0.5	0.0	0.0	0.0	0.0	0.0	0.0	0.0	0.0	0.0	0.0	0.0	0.0	0.0	0.0	0.0	0.5	0.8999999999998166	1.2999999995782345	1.3000000002604444	1.6999999994278385
0.08	0.0	0.0	0.0	0.0	0.0	0.0	0.0	0.0	0.0	0.0	0.0	0.0	0.0	0.0	0.0	0.0	0.0	0.0	0.0	0.0	0.0	0.0	0.0
0.2	0.0	0.0	0.0	0.2	0.4999999999996331	0.2	0.0	0.0	0.0	0.0	0.0	0.0	0.0	0.0	0.2	0.0	0.0	0.0	0.0	0.2	0.0	0.0	0.2
0.0	0.0	0.0	0.0	0.0	0.0	0.0	0.0	0.0	0.0	0.0	0.0	1.0	1.599999999068642	2.19999999715748	2.1999999993570905	1.5999999994574032	1.0000000003853735	1.0000000003385126	1.0000000000005507	1.0	0.0	0.0	0.0
0.0	0.0	0.0	0.0	0.0	0.0	0.0	0.0	0.0	0.0	0.0	0.0	1.0	1.5999890300771642	1.489348543735178	1.952783590842531	1.3527835909485182	1.000000000318285	1.000000000318273	1.0000000000005504	1.0	0.0	0.0	0.0
0.0	0.0	0.0	0.0	0.0	0.0	0.0	0.0	0.0	0.0	0.0	0.0	1.0	1.599999999068642	2.19999999715748	2.1999999993570905	1.5999999994574032	1.0000000003853735	1.0000000003385126	1.0000000000005507	1.0	0.0	0.0	0.0
0.08	0.0	0.0	0.0	0.0	0.0	0.0	0.0	0.0	0.0	0.0	0.0	0.0	0.0	0.0	0.0	0.0	0.0	0.0	0.0	0.0	0.0	0.0	0.0
0.0	0.0	0.0	0.0	0.0	0.25	0.44999999962629167	0.474884423185177	0.2748844232664594	0.25	0.0	0.0	0.0	0.0	0.0	0.0	0.0	0.0	0.0	0.0	0.25	0.25000000283289736	0.25000000064759065	0.44999999994343765
0.0	0.0	0.0	0.0	0.0	0.0	0.0	0.0	0.0	0.0	0.0	0.0	0.0	0.0	0.0	0.0	0.0	0.0	0.0	0.0	0.25	0.2500000007756686	0.25000000040314996	0.4499999999333709
0.08	0.0	0.0	0.0	0.0	0.0	0.0	0.0	0.0	0.0	0.0	0.0	0.0	0.0	0.0	0.0	0.0	0.0	0.0	0.0	0.0	0.0	0.0	0.0
0.25	0.0	0.0	0.0	0.25	0.4999999999996332	0.25	0.0	0.0	0.0	0.0	0.0	0.0	0.0	0.25	0.25	0.0	0.0	0.0	0.0	0.25	0.25000000101047987	0.2500000004585875	0.49999999987351873
0.0	0.0	0.0	0.0	0.0	0.25	0.44999999962629167	0.474884423185177	0.2748844232664594	0.25	0.0	0.0	0.0	0.0	0.0	0.0	0.0	0.0	0.0	0.0	0.25	0.25000000283289736	0.25000000064759065	0.44999999994343765
0.0	0.0	0.0	0.0	0.0	0.0	0.0	0.0	0.0	0.0	0.0	0.0	0.0	0.0	0.0	0.0	0.0	0.0	0.0	0.0	0.25	0.2500000007756686	0.25000000040314996	0.4499999999333709
0.0	0.0	0.0	0.0	0.0	0.25	0.44999999962629167	0.474884423185177	0.2748844232664594	0.25	0.0	0.0	0.0	0.0	0.0	0.0	0.0	0.0	0.0	0.0	0.25	0.25000000283289736	0.25000000064759065	0.44999999994343765
0.25	0.0	0.0	0.0	0.25	0.4999999999996331	0.44776280540028446	0.25	0.0	0.0	0.0	0.0	0.0	0.0	0.25	0.25	0.0	0.0	0.0	0.0	0.25	0.2500000007755833	0.25000000040317044	0.4999999998667044
0.05	0.0	0.0	0.0	0.05	0.29999999999963317	0.05	0.0	0.0	0.0	0.0	0.0	0.0	0.0	0.0	0.0	0.0	0.0	0.0	0.05	0.29999999999963267	0.050000001041942035	0.05000000046495978	0.29999999987423515
0.05	0.0	0.0	0.0	0.05	0.29999999999963317	0.05	0.0	0.0	0.0	0.0	0.0	0.0	0.0	0.0	0.0	0.0	0.0	0.0	0.0	0.0	0.0	0.0	0.0
0.05	0.0	0.0	0.0	0.05	0.29999999999963317	0.05	0.0	0.0	0.0	0.0	0.0	0.0	0.0	0.0	0.0	0.0	0.0	0.0	0.05	0.29999999999963267	0.05	0.0	0.0
0.0	0.0	0.0	0.0	0.0	0.0	0.0	0.0	1.5	1.500000000337525	1.5749083475535088	2.1749083474409763	2.7749083473848186	2.6999999969902975	2.099999999020702	1.5	0.0	0.0	0.0	0.0	0.0	0.0	0.0	0.0
0.0	0.0	0.0	0.0	0.0	0.0	0.0	0.0	0.0	0.0	0.0	0.0	1.0	1.5999890300771642	1.489348543735178	1.952783590842531	1.3527835909485182	1.000000000318285	1.000000000318273	1.0000000000005504	1.0	0.0	0.0	0.0
0.1	0.0	0.0	0.0	0.0	0.0	0.0	0.0	0.0	0.0	0.0	0.0	0.0	0.0	0.0	0.0	0.0	0.0	0.0	0.0	0.1	0.0	0.0	0.1
0.7	0.5000000000000917	0.3000000000002752	0.2500000062775849	0.45000000627740133	0.6500000062772182	0.8499999997005082	0.6499999998726668	0.4499999999192583	0.25	0.0	0.0	0.0	0.0	0.0	0.0	0.0	0.0	0.0	0.0	0.25	0.44999999953901826	0.2500000022016521	0.4499999999525127
0.05	0.0	0.0	0.0	0.05	0.29999999999963317	0.05	0.0	0.0	0.0	0.0	0.0	0.0	0.0	0.0	0.0	0.0	0.0	0.0	0.0	0.0	0.0	0.0	0.0
0.05	0.0	0.0	0.0	0.05	0.29999999999963317	0.05	0.0	0.0	0.0	0.0	0.0	0.0	0.0	0.0	0.0	0.0	0.0	0.0	0.0	0.0	0.0	0.0	0.0
0.0	0.0	0.0	0.0	0.0	0.0	0.0	0.0	0.0	0.0	0.0	0.0	1.0	1.599999999068642	2.19999999715748	2.1999999993570905	1.5999999994574032	1.0000000003853735	1.0000000003385126	1.0000000000005507	1.0	0.0	0.0	0.0
0.0	0.0	0.0	0.0	0.0	0.0	0.0	0.0	0.0	0.0	0.0	1.0	1.6999999999422433	1.6365787747511416	1.4893485985807084	2.002783618231637	1.3027836183376431	1.0000000003182825	1.0000000003182858	1.4663864493687329	2.166386449368549	2.4020907447937976	1.7020907453532739	2.399999999862752
0.08	0.0	0.0	0.0	0.08	0.29999999999963317	0.08	0.0	0.0	0.0	0.0	0.0	0.0	0.0	0.0	0.0	0.0	0.0	0.0	0.0	0.0	0.0	0.0	0.0
0.08	0.0	0.0	0.0	0.0	0.0	0.0	0.0	0.0	0.0	0.0	0.0	0.0	0.0	0.0	0.0	0.0	0.0	0.0	0.0	0.0	0.0	0.0	0.0
0.6499999999999999	0.44999999999999996	0.25	0.0	0.0	0.0	0.0	0.0	0.0	0.0	0.0	0.0	0.0	0.0	0.0	0.0	0.0	0.0	0.0	0.0	0.25	0.4499999995283618	0.2500000021216142	0.4499999999524019
0.08	0.0	0.0	0.0	0.0	0.0	0.0	0.0	0.0	0.0	0.0	0.0	0.0	0.0	0.0	0.0	0.0	0.0	0.0	0.0	0.0	0.0	0.0	0.0
0.7	0.5000000000000917	0.3000000000002752	0.25	0.0	0.0	0.0	0.0	0.0	0.0	0.0	0.0	0.0	0.0	0.0	0.0	0.0	0.0	0.0	0.0	0.25	0.44999999953901826	0.2500000022016521	0.4499999999525127
0.08	0.0	0.0	0.0	0.0	0.0	0.0	0.0	0.0	0.0	0.0	0.0	0.0	0.0	0.0	0.0	0.0	0.0	0.0	0.0	0.0	0.0	0.0	0.0
0.08	0.0	0.0	0.0	0.0	0.0	0.0	0.0	0.0	0.0	0.0	0.0	0.0	0.0	0.0	0.0	0.0	0.0	0.0	0.0	0.0	0.0	0.0	0.0
0.6499999999999999	0.44999999999999996	0.25	0.0	0.0	0.0	0.0	0.0	0.0	0.0	0.0	0.0	0.0	0.0	0.0	0.0	0.0	0.0	0.0	0.0	0.25	0.4499999995283618	0.2500000021216142	0.4499999999524019
1.5	1.0	0.5	0.0	0.0	0.0	0.0	0.0	0.0	0.0	0.0	0.5	0.9999999999434264	1.4999999916843147	1.9999996159984916	1.4999999974995797	0.9999999976040653	0.5000000003437033	0.5000000003971388	0.9999999997475681	1.4999999997473847	1.999999998881388	1.500000000402428	1.9999999993910096
1.5	1.0	0.5	0.0	0.0	0.0	0.0	0.0	0.0	0.0	0.0	0.5	0.999999999935943	0.5000000020064737	0.5000000028912492	1.0000000006849838	0.5000000008221862	0.5000000002743265	0.500000000274328	0.5000000009452942	1.0000000009451107	1.2215480137424448	0.9999999999812482	1.4999999996934792
0.6499999999999999	0.44999999999999996	0.25	0.0	0.0	0.0	0.0	0.0	0.0	0.0	0.0	0.0	0.0	0.0	0.0	0.0	0.0	0.0	0.0	0.0	0.25	0.4499999995283618	0.2500000021216142	0.4499999999524019
0.7	0.5000000000000917	0.3000000000002752	0.25	0.0	0.0	0.0	0.0	0.0	0.0	0.0	0.0	0.0	0.0	0.0	0.0	0.0	0.0	0.0	0.0	0.25	0.44999999953901826	0.2500000022016521	0.4499999999525127
1.2999999999999998	0.8999999999999999	0.5	0.0	0.0	0.0	0.0	0.0	0.0	0.0	0.0	0.5	0.8999999999361208	0.5000000020064094	0.5000000028949506	0.9000000006953544	0.500000000831769	0.500000000274326	0.5000000002743276	0.5000000009586344	0.9000000009584508	1.221547971178532	0.8999999999952302	1.299999999703756
1.2999999999999998	0.8999999999999999	0.5	0.0	0.0	0.0	0.0	0.0	0.0	0.0	0.0	0.0	0.0	0.0	0.0	0.0	0.0	0.0	0.0	0.5	0.8999999999998166	1.299999999482755	1.299999998667279	1.6999999980571674
0.75	0.5500000000000919	0.3500000000002753	0.25	0.0	0.0	0.0	0.0	0.0	0.0	0.0	0.0	0.0	0.0	0.0	0.0	0.0	0.0	0.0	0.0	0.25	0.44999999953901826	0.2500000022016521	0.4499999999525127
3.3600000000000003	2.5200000000000924	1.680000000000276	1.0	0.0	0.0	0.0	0.0	0.0	0.0	0.0	0.0	0.0	0.0	0.0	0.0	0.0	0.0	0.0	0.0	1.0	1.8399999997319183	2.67999999901056	3.5199999986345425
2.6799999999999997	1.8399999999999999	1.0	0.0	0.0	0.0	0.0	0.0	0.0	0.0	0.0	0.0	0.0	0.0	1.0	1.8399999998940646	1.0000000003182314	1.0000000003182776	1.000000000352349	1.8399999992553266	2.679999999255143	3.519999998182506	2.679999999422143	3.519999998420859
0.0	0.0	0.0	0.0	0.0	0.0	0.0	0.0	0.0	0.0	0.0	0.8	1.3999999999464858	1.9999999987066084	2.59999999510024	1.999999999544888	1.3999999996428873	0.8000000003984918	0.8000000003389123	0.8000000000005506	0.8	0.0	0.0	0.0
0.3	0.0	0.0	0.0	0.0	0.3	0.7999999991679632	0.799999999834043	0.3	0.0	0.0	0.0	0.0	0.0	0.0	0.0	0.0	0.0	0.0	0.3	0.7999999999996328	0.3000000027327602	0.3000000006423165	0.7999999998851102
0.1	0.0	0.0	0.0	0.0	0.0	0.0	0.0	0.0	0.0	0.0	0.0	0.0	0.0	0.0	0.0	0.0	0.0	0.0	0.0	0.1	0.0	0.0	0.1
0.05	0.0	0.0	0.0	0.05	0.29999999999963317	0.05	0.0	0.0	0.0	0.0	0.0	0.0	0.0	0.0	0.0	0.0	0.0	0.0	0.05	0.29999999999963267	0.05	0.0	0.0
0.05	0.0	0.0	0.0	0.0	0.0	0.0	0.0	0.0	0.0	0.0	0.0	0.0	0.0	0.0	0.0	0.0	0.0	0.0	0.0	0.0	0.0	0.0	0.0
0.0	0.0	0.0	0.0	0.0	0.25	0.44999999962629167	0.474884423185177	0.2748844232664594	0.25	0.0	0.0	0.0	0.0	0.0	0.0	0.0	0.0	0.0	0.0	0.25	0.25000000283289736	0.25000000064759065	0.44999999994343765
0.0	0.0	0.0	0.0	0.0	0.0	0.0	0.0	0.0	0.0	0.0	0.0	0.0	0.0	0.0	0.0	0.0	0.0	0.0	0.0	0.25	0.2500000007756686	0.25000000040314996	0.4499999999333709
0.0	0.0	0.0	0.0	0.0	0.0	0.0	0.0	0.0	0.0	0.0	0.0	1.5	1.6365795217252113	1.502178881679813	2.100000551005147	1.5000005511110783	1.50000000031771	1.5000000003177143	1.5165259105780304	2.1165259105778467	2.349105041189663	1.7491050417527432	1.5
0.0	0.0	0.0	0.0	0.0	0.25	0.44999999962629167	0.474884423185177	0.2748844232664594	0.25	0.0	0.0	0.0	0.0	0.0	0.0	0.0	0.0	0.0	0.0	0.25	0.25000000283289736	0.25000000064759065	0.44999999994343765
0.1	0.0	0.0	0.0	0.1	0.2999999999996331	0.1	0.0	0.0	0.0	0.0	0.0	0.0	0.0	0.0	0.1	0.0	0.0	0.0	0.0	0.1	0.0	0.0	0.1
0.0	0.0	0.0	0.0	0.0	0.0	0.0	0.0	0.0	0.0	0.0	0.0	0.0	0.0	0.0	0.0	0.0	0.0	0.0	1.0	1.5999999999998167	2.1999999994390635	1.8881497545733155	2.488149754011084
1.6	1.2000000000000919	0.8000000000002754	0.7847483026671057	1.184748302666922	1.584748302666739	1.2999999997951175	0.8999999999549217	0.5	0.0	0.0	0.0	0.0	0.0	0.0	0.0	0.0	0.0	0.0	0.5	0.8999999999998166	1.2999999995782345	1.3000000002604444	1.6999999994278385
0.08	0.0	0.0	0.0	0.0	0.0	0.0	0.0	0.0	0.0	0.0	0.0	0.0	0.0	0.0	0.0	0.0	0.0	0.0	0.0	0.0	0.0	0.0	0.0
0.2	0.0	0.0	0.0	0.2	0.4999999999996331	0.2	0.0	0.0	0.0	0.0	0.0	0.0	0.0	0.0	0.2	0.0	0.0	0.0	0.0	0.2	0.0	0.0	0.2
0.0	0.0	0.0	0.0	0.0	0.0	0.0	0.0	0.0	0.0	0.0	1.0	1.5999999999464083	2.1999999986802283	2.7999999949901104	2.199999999527969	1.5999999996261134	1.0000000003965952	1.0000000004464262	1.5999999999796226	2.1999999999794393	2.7999999990224804	2.199999999823711	2.1999999998717223
0.0	0.0	0.0	0.0	0.0	0.0	0.0	0.0	0.0	0.0	0.0	0.0	1.0	1.5999890300217643	1.4893485437352336	1.9527835908425253	1.3527835909485124	1.000000000318285	1.0000000003182719	1.5163859531446946	2.116385953144511	2.3491051236382816	1.749105124201443	2.199999999862575
0.0	0.0	0.0	0.0	0.0	0.0	0.0	0.0	0.0	0.0	0.0	0.0	1.0	1.599999999068642	2.19999999715748	2.1999999993570905	1.5999999994574032	1.0000000003853735	1.0000000004464262	1.5999999999796228	2.1999999999794393	2.7999999990224804	2.199999999823711	2.1999999998717223
0.08	0.0	0.0	0.0	0.0	0.0	0.0	0.0	0.0	0.0	0.0	0.0	0.0	0.0	0.0	0.0	0.0	0.0	0.0	0.0	0.0	0.0	0.0	0.0
0.0	0.0	0.0	0.0	0.0	0.25	0.44999999962629167	0.474884423185177	0.2748844232664594	0.25	0.0	0.0	0.0	0.0	0.0	0.0	0.0	0.0	0.0	0.0	0.25	0.25000000283289736	0.25000000064759065	0.44999999994343765
0.0	0.0	0.0	0.0	0.0	0.0	0.0	0.0	0.0	0.0	0.0	0.0	0.0	0.0	0.0	0.0	0.0	0.0	0.0	0.0	0.25	0.2500000007756686	0.25000000040314996	0.4499999999333709
0.08	0.0	0.0	0.0	0.0	0.0	0.0	0.0	0.0	0.0	0.0	0.0	0.0	0.0	0.0	0.0	0.0	0.0	0.0	0.0	0.0	0.0	0.0	0.0
0.25	0.0	0.0	0.0	0.25	0.4999999999996332	0.49999999752623936	0.25	0.0	0.0	0.0	0.0	0.0	0.0	0.25	0.25	0.0	0.0	0.0	0.0	0.25	0.25000000101047987	0.2500000004585875	0.49999999987351873
0.0	0.0	0.0	0.0	0.0	0.25	0.44999999962629167	0.474884423185177	0.2748844232664594	0.25	0.0	0.0	0.0	0.0	0.0	0.0	0.0	0.0	0.0	0.0	0.25	0.25000000283289736	0.25000000064759065	0.44999999994343765
0.0	0.0	0.0	0.0	0.0	0.0	0.0	0.0	0.0	0.0	0.0	0.0	0.0	0.0	0.0	0.0	0.0	0.0	0.0	0.0	0.25	0.2500000007756686	0.25000000040314996	0.4499999999333709
0.0	0.0	0.0	0.0	0.0	0.25	0.44999999962629167	0.474884423185177	0.2748844232664594	0.25	0.0	0.0	0.0	0.0	0.0	0.0	0.0	0.0	0.0	0.0	0.25	0.25000000283289736	0.25000000064759065	0.44999999994343765
0.25	0.0	0.0	0.0	0.25	0.4999999999996331	0.44776280540028446	0.25	0.0	0.0	0.0	0.0	0.0	0.0	0.25	0.25	0.0	0.0	0.0	0.0	0.25	0.2500000007755833	0.25000000040317044	0.4999999998667044
 
list 3: spolied wind power
1.104181296970315	1.1548071139944551	0.0	0.0	0.0	0.0	0.0	0.0	0.0	0.0	0.0	0.0	0.0	0.0	0.0	0.0	0.0	0.0	0.0	0.5484989071673438	0.0	0.0	0.0	1.8281503499385255e-13
1.104181296970315	1.1548071139944551	0.0	0.35197323761578225	0.0	0.0	0.0	0.0	0.0	0.0	1.8382778795659842e-13	0.0	0.0	0.0	1.8350917262259913e-13	0.0	0.0	0.0	0.0	1.2505487395844601	0.0	0.0	0.0	0.0
 
list 4: forced load curtailments
0.0	0.0	0.0	0.0	0.0	0.0	0.0	0.0	0.0	0.0	0.0	0.0	0.0	0.0	0.0	0.0	0.0	0.0	0.0	0.0	0.0	0.0	0.0	0.0
0.0	0.0	0.0	0.0	0.0	0.0	0.0	0.0	0.0	0.0	0.0	0.0	0.0	0.0	0.0	0.0	0.0	0.0	0.0	0.0	0.0	0.0	0.0	0.0
0.0	0.0	0.0	0.0	0.0	0.0	0.0	0.0	0.0	0.0	0.0	0.0	0.0	0.0	0.0	0.0	0.0	0.0	0.0	0.0	0.0	0.0	0.0	0.0
0.0	0.0	0.0	0.0	0.0	0.0	0.0	0.0	0.0	0.0	0.0	0.0	0.0	0.0	0.0	0.0	0.0	0.0	0.0	0.0	0.0	0.0	0.0	0.0
0.0	0.0	0.0	0.0	0.0	0.0	0.0	0.0	0.0	0.0	0.0	0.0	0.0	0.0	0.0	0.0	0.0	0.0	0.0	0.0	0.0	0.0	0.0	0.0
0.0	0.0	0.0	0.0	0.0	0.0	0.0	0.0	0.0	0.0	0.0	0.0	0.0	0.0	0.0	0.0	0.0	0.0	0.0	0.0	0.0	0.0	0.0	0.0
0.0	0.0	0.0	0.0	0.0	0.0	0.0	0.0	0.0	0.0	0.0	0.0	0.0	0.0	0.0	0.0	0.0	0.0	0.0	0.0	0.0	0.0	0.0	0.0
0.0	0.0	0.0	0.0	0.0	0.0	0.0	0.0	0.0	0.0	0.0	0.0	0.0	0.0	0.0	0.0	0.0	0.0	0.0	0.0	0.0	0.0	0.0	0.0
0.0	0.0	0.0	0.0	0.0	0.0	0.0	0.0	0.0	0.0	0.0	0.0	0.0	0.0	0.0	0.0	0.0	0.0	0.0	0.0	0.0	0.0	0.0	0.0
0.0	0.0	0.0	0.0	0.0	0.0	0.0	0.0	0.0	0.0	0.0	0.0	0.0	0.0	0.0	0.0	0.0	0.0	0.0	0.0	0.0	0.0	0.0	0.0
0.0	0.0	0.0	0.0	0.0	0.0	0.0	0.0	0.0	0.0	0.0	0.0	0.0	0.0	0.0	0.0	0.0	0.0	0.0	0.0	0.0	0.0	0.0	0.0
0.0	0.0	0.0	0.0	0.0	0.0	0.0	0.0	0.0	0.0	0.0	0.0	0.0	0.0	0.0	0.0	0.0	0.0	0.0	0.0	0.0	0.0	0.0	0.0
0.0	0.0	0.0	0.0	0.0	0.0	0.0	0.0	0.0	0.0	0.0	0.0	0.0	0.0	0.0	0.0	0.0	0.0	0.0	0.0	0.0	0.0	0.0	0.0
0.0	0.0	0.0	0.0	0.0	0.0	0.0	0.0	0.0	0.0	0.0	0.0	0.0	0.0	0.0	0.0	0.0	0.0	0.0	0.0	0.0	0.0	0.0	0.0
0.0	0.0	0.0	0.0	0.0	0.0	0.0	0.0	0.0	0.0	0.0	0.0	0.0	0.0	0.0	0.0	0.0	0.0	0.0	0.0	0.0	0.0	0.0	0.0
0.0	0.0	0.0	0.0	0.0	0.0	0.0	0.0	0.0	0.0	0.0	0.0	0.0	0.0	0.0	0.0	0.0	0.0	0.0	0.0	0.0	0.0	0.0	0.0
0.0	0.0	0.0	0.0	0.0	0.0	0.0	0.0	0.0	0.0	0.0	0.0	0.0	0.0	0.0	0.0	0.0	0.0	0.0	0.0	0.0	0.0	0.0	0.0
0.0	0.0	0.0	0.0	0.0	0.0	0.0	0.0	0.0	0.0	0.0	0.0	0.0	0.0	0.0	0.0	0.0	0.0	0.0	0.0	0.0	0.0	0.0	0.0
0.0	0.0	0.0	0.0	0.0	0.0	0.0	0.0	0.0	0.0	0.0	0.0	0.0	0.0	0.0	0.0	0.0	0.0	0.0	0.0	0.0	0.0	0.0	0.0
0.0	0.0	0.0	0.0	0.0	0.0	0.0	0.0	0.0	0.0	0.0	0.0	0.0	0.0	0.0	0.0	0.0	0.0	0.0	0.0	0.0	0.0	0.0	0.0
0.0	0.0	0.0	0.0	0.0	0.0	0.0	0.0	0.0	0.0	0.0	0.0	0.0	0.0	0.0	0.0	0.0	0.0	0.0	0.0	0.0	0.0	0.0	0.0
0.0	0.0	0.0	0.0	0.0	0.0	0.0	0.0	0.0	0.0	0.0	0.0	0.0	0.0	0.0	0.0	0.0	0.0	0.0	0.0	0.0	0.0	0.0	0.0
0.0	0.0	0.0	0.0	0.0	0.0	0.0	0.0	0.0	0.0	0.0	0.0	0.0	0.0	0.0	0.0	0.0	0.0	0.0	0.0	0.0	0.0	0.0	0.0
0.0	0.0	0.0	0.0	0.0	0.0	0.0	0.0	0.0	0.0	0.0	0.0	0.0	0.0	0.0	0.0	0.0	0.0	0.0	0.0	0.0	0.0	0.0	0.0
0.0	0.0	0.0	0.0	0.0	0.0	0.0	0.0	0.0	0.0	0.0	0.0	0.0	0.0	0.0	0.0	0.0	0.0	0.0	0.0	0.0	0.0	0.0	0.0
0.0	0.0	0.0	0.0	0.0	0.0	0.0	0.0	0.0	0.0	0.0	0.0	0.0	0.0	0.0	0.0	0.0	0.0	0.0	0.0	0.0	0.0	0.0	0.0
0.0	0.0	0.0	0.0	0.0	0.0	0.0	0.0	0.0	0.0	0.0	0.0	0.0	0.0	0.0	0.0	0.0	0.0	0.0	0.0	0.0	0.0	0.0	0.0
0.0	0.0	0.0	0.0	0.0	0.0	0.0	0.0	0.0	0.0	0.0	0.0	0.0	0.0	0.0	0.0	0.0	0.0	0.0	0.0	0.0	0.0	0.0	0.0
0.0	0.0	0.0	0.0	0.0	0.0	0.0	0.0	0.0	0.0	0.0	0.0	0.0	0.0	0.0	0.0	0.0	0.0	0.0	0.0	0.0	0.0	0.0	0.0
0.0	0.0	0.0	0.0	0.0	0.0	0.0	0.0	0.0	0.0	0.0	0.0	0.0	0.0	0.0	0.0	0.0	0.0	0.0	0.0	0.0	0.0	0.0	0.0
0.0	0.0	0.0	0.0	0.0	0.0	0.0	0.0	0.0	0.0	0.0	0.0	0.0	0.0	0.0	0.0	0.0	0.0	0.0	0.0	0.0	0.0	0.0	0.0
0.0	0.0	0.0	0.0	0.0	0.0	0.0	0.0	0.0	0.0	0.0	0.0	0.0	0.0	0.0	0.0	0.0	0.0	0.0	0.0	0.0	0.0	0.0	0.0
0.0	0.0	0.0	0.0	0.0	0.0	0.0	0.0	0.0	0.0	0.0	0.0	0.0	0.0	0.0	0.0	0.0	0.0	0.0	0.0	0.0	0.0	0.0	0.0
0.0	0.0	0.0	0.0	0.0	0.0	0.0	0.0	0.0	0.0	0.0	0.0	0.0	0.0	0.0	0.0	0.0	0.0	0.0	0.0	0.0	0.0	0.0	0.0
0.0	0.0	0.0	0.0	0.0	0.0	0.0	0.0	0.0	0.0	0.0	0.0	0.0	0.0	0.0	0.0	0.0	0.0	0.0	0.0	0.0	0.0	0.0	0.0
0.0	0.0	0.0	0.0	0.0	0.0	0.0	0.0	0.0	0.0	0.0	0.0	0.0	0.0	0.0	0.0	0.0	0.0	0.0	0.0	0.0	0.0	0.0	0.0
0.0	0.0	0.0	0.0	0.0	0.0	0.0	0.0	0.0	0.0	0.0	0.0	0.0	0.0	0.0	0.0	0.0	0.0	0.0	0.0	0.0	0.0	0.0	0.0
0.0	0.0	0.0	0.0	0.0	0.0	0.0	0.0	0.0	0.0	0.0	0.0	0.0	0.0	0.0	0.0	0.0	0.0	0.0	0.0	0.0	0.0	0.0	0.0
0.0	0.0	0.0	0.0	0.0	0.0	0.0	0.0	0.0	0.0	0.0	0.0	0.0	0.0	0.0	0.0	0.0	0.0	0.0	0.0	0.0	0.0	0.0	0.0
0.0	0.0	0.0	0.0	0.0	0.0	0.0	0.0	0.0	0.0	0.0	0.0	0.0	0.0	0.0	0.0	0.0	0.0	0.0	0.0	0.0	0.0	0.0	0.0
0.0	0.0	0.0	0.0	0.0	0.0	0.0	0.0	0.0	0.0	0.0	0.0	0.0	0.0	0.0	0.0	0.0	0.0	0.0	0.0	0.0	0.0	0.0	0.0
0.0	0.0	0.0	0.0	0.0	0.0	0.0	0.0	0.0	0.0	0.0	0.0	0.0	0.0	0.0	0.0	0.0	0.0	0.0	0.0	0.0	0.0	0.0	0.0
0.0	0.0	0.0	0.0	0.0	0.0	0.0	0.0	0.0	0.0	0.0	0.0	0.0	0.0	0.0	0.0	0.0	0.0	0.0	0.0	0.0	0.0	0.0	0.0
0.0	0.0	0.0	0.0	0.0	0.0	0.0	0.0	0.0	0.0	0.0	0.0	0.0	0.0	0.0	0.0	0.0	0.0	0.0	0.0	0.0	0.0	0.0	0.0
0.0	0.0	0.0	0.0	0.0	0.0	0.0	0.0	0.0	0.0	0.0	0.0	0.0	0.0	0.0	0.0	0.0	0.0	0.0	0.0	0.0	0.0	0.0	0.0
0.0	0.0	0.0	0.0	0.0	0.0	0.0	0.0	0.0	0.0	0.0	0.0	0.0	0.0	0.0	0.0	0.0	0.0	0.0	0.0	0.0	0.0	0.0	0.0
0.0	0.0	0.0	0.0	0.0	0.0	0.0	0.0	0.0	0.0	0.0	0.0	0.0	0.0	0.0	0.0	0.0	0.0	0.0	0.0	0.0	0.0	0.0	0.0
0.0	0.0	0.0	0.0	0.0	0.0	0.0	0.0	0.0	0.0	0.0	0.0	0.0	0.0	0.0	0.0	0.0	0.0	0.0	0.0	0.0	0.0	0.0	0.0
0.0	0.0	0.0	0.0	0.0	0.0	0.0	0.0	0.0	0.0	0.0	0.0	0.0	0.0	0.0	0.0	0.0	0.0	0.0	0.0	0.0	0.0	0.0	0.0
0.0	0.0	0.0	0.0	0.0	0.0	0.0	0.0	0.0	0.0	0.0	0.0	0.0	0.0	0.0	0.0	0.0	0.0	0.0	0.0	0.0	0.0	0.0	0.0
0.0	0.0	0.0	0.0	0.0	0.0	0.0	0.0	0.0	0.0	0.0	0.0	0.0	0.0	0.0	0.0	0.0	0.0	0.0	0.0	0.0	0.0	0.0	0.0
0.0	0.0	0.0	0.0	0.0	0.0	0.0	0.0	0.0	0.0	0.0	0.0	0.0	0.0	0.0	0.0	0.0	0.0	0.0	0.0	0.0	0.0	0.0	0.0
0.0	0.0	0.0	0.0	0.0	0.0	0.0	0.0	0.0	0.0	0.0	0.0	0.0	0.0	0.0	0.0	0.0	0.0	0.0	0.0	0.0	0.0	0.0	0.0
0.0	0.0	0.0	0.0	0.0	0.0	0.0	0.0	0.0	0.0	0.0	0.0	0.0	0.0	0.0	0.0	0.0	0.0	0.0	0.0	0.0	0.0	0.0	0.0
0.0	0.0	0.0	0.0	0.0	0.0	0.0	0.0	0.0	0.0	0.0	0.0	0.0	0.0	0.0	0.0	0.0	0.0	0.0	0.0	0.0	0.0	0.0	0.0
0.0	0.0	0.0	0.0	0.0	0.0	0.0	0.0	0.0	0.0	0.0	0.0	0.0	0.0	0.0	0.0	0.0	0.0	0.0	0.0	0.0	0.0	0.0	0.0
0.0	0.0	0.0	0.0	0.0	0.0	0.0	0.0	0.0	0.0	0.0	0.0	0.0	0.0	0.0	0.0	0.0	0.0	0.0	0.0	0.0	0.0	0.0	0.0
0.0	0.0	0.0	0.0	0.0	0.0	0.0	0.0	0.0	0.0	0.0	0.0	0.0	0.0	0.0	0.0	0.0	0.0	0.0	0.0	0.0	0.0	0.0	0.0
0.0	0.0	0.0	0.0	0.0	0.0	0.0	0.0	0.0	0.0	0.0	0.0	0.0	0.0	0.0	0.0	0.0	0.0	0.0	0.0	0.0	0.0	0.0	0.0
0.0	0.0	0.0	0.0	0.0	0.0	0.0	0.0	0.0	0.0	0.0	0.0	0.0	0.0	0.0	0.0	0.0	0.0	0.0	0.0	0.0	0.0	0.0	0.0
0.0	0.0	0.0	0.0	0.0	0.0	0.0	0.0	0.0	0.0	0.0	0.0	0.0	0.0	0.0	0.0	0.0	0.0	0.0	0.0	0.0	0.0	0.0	0.0
0.0	0.0	0.0	0.0	0.0	0.0	0.0	0.0	0.0	0.0	0.0	0.0	0.0	0.0	0.0	0.0	0.0	0.0	0.0	0.0	0.0	0.0	0.0	0.0
0.0	0.0	0.0	0.0	0.0	0.0	0.0	0.0	0.0	0.0	0.0	0.0	0.0	0.0	0.0	0.0	0.0	0.0	0.0	0.0	0.0	0.0	0.0	0.0
0.0	0.0	0.0	0.0	0.0	0.0	0.0	0.0	0.0	0.0	0.0	0.0	0.0	0.0	0.0	0.0	0.0	0.0	0.0	0.0	0.0	0.0	0.0	0.0
0.0	0.0	0.0	0.0	0.0	0.0	0.0	0.0	0.0	0.0	0.0	0.0	0.0	0.0	0.0	0.0	0.0	0.0	0.0	0.0	0.0	0.0	0.0	0.0
0.0	0.0	0.0	0.0	0.0	0.0	0.0	0.0	0.0	0.0	0.0	0.0	0.0	0.0	0.0	0.0	0.0	0.0	0.0	0.0	0.0	0.0	0.0	0.0
0.0	0.0	0.0	0.0	0.0	0.0	0.0	0.0	0.0	0.0	0.0	0.0	0.0	0.0	0.0	0.0	0.0	0.0	0.0	0.0	0.0	0.0	0.0	0.0
0.0	0.0	0.0	0.0	0.0	0.0	0.0	0.0	0.0	0.0	0.0	0.0	0.0	0.0	0.0	0.0	0.0	0.0	0.0	0.0	0.0	0.0	0.0	0.0
0.0	0.0	0.0	0.0	0.0	0.0	0.0	0.0	0.0	0.0	0.0	0.0	0.0	0.0	0.0	0.0	0.0	0.0	0.0	0.0	0.0	0.0	0.0	0.0
0.0	0.0	0.0	0.0	0.0	0.0	0.0	0.0	0.0	0.0	0.0	0.0	0.0	0.0	0.0	0.0	0.0	0.0	0.0	0.0	0.0	0.0	0.0	0.0
0.0	0.0	0.0	0.0	0.0	0.0	0.0	0.0	0.0	0.0	0.0	0.0	0.0	0.0	0.0	0.0	0.0	0.0	0.0	0.0	0.0	0.0	0.0	0.0
0.0	0.0	0.0	0.0	0.0	0.0	0.0	0.0	0.0	0.0	0.0	0.0	0.0	0.0	0.0	0.0	0.0	0.0	0.0	0.0	0.0	0.0	0.0	0.0
0.0	0.0	0.0	0.0	0.0	0.0	0.0	0.0	0.0	0.0	0.0	0.0	0.0	0.0	0.0	0.0	0.0	0.0	0.0	0.0	0.0	0.0	0.0	0.0
0.0	0.0	0.0	0.0	0.0	0.0	0.0	0.0	0.0	0.0	0.0	0.0	0.0	0.0	0.0	0.0	0.0	0.0	0.0	0.0	0.0	0.0	0.0	0.0
0.0	0.0	0.0	0.0	0.0	0.0	0.0	0.0	0.0	0.0	0.0	0.0	0.0	0.0	0.0	0.0	0.0	0.0	0.0	0.0	0.0	0.0	0.0	0.0
0.0	0.0	0.0	0.0	0.0	0.0	0.0	0.0	0.0	0.0	0.0	0.0	0.0	0.0	0.0	0.0	0.0	0.0	0.0	0.0	0.0	0.0	0.0	0.0
0.0	0.0	0.0	0.0	0.0	0.0	0.0	0.0	0.0	0.0	0.0	0.0	0.0	0.0	0.0	0.0	0.0	0.0	0.0	0.0	0.0	0.0	0.0	0.0
0.0	0.0	0.0	0.0	0.0	0.0	0.0	0.0	0.0	0.0	0.0	0.0	0.0	0.0	0.0	0.0	0.0	0.0	0.0	0.0	0.0	0.0	0.0	0.0
0.0	0.0	0.0	0.0	0.0	0.0	0.0	0.0	0.0	0.0	0.0	0.0	0.0	0.0	0.0	0.0	0.0	0.0	0.0	0.0	0.0	0.0	0.0	0.0
0.0	0.0	0.0	0.0	0.0	0.0	0.0	0.0	0.0	0.0	0.0	0.0	0.0	0.0	0.0	0.0	0.0	0.0	0.0	0.0	0.0	0.0	0.0	0.0
0.0	0.0	0.0	0.0	0.0	0.0	0.0	0.0	0.0	0.0	0.0	0.0	0.0	0.0	0.0	0.0	0.0	0.0	0.0	0.0	0.0	0.0	0.0	0.0
0.0	0.0	0.0	0.0	0.0	0.0	0.0	0.0	0.0	0.0	0.0	0.0	0.0	0.0	0.0	0.0	0.0	0.0	0.0	0.0	0.0	0.0	0.0	0.0
0.0	0.0	0.0	0.0	0.0	0.0	0.0	0.0	0.0	0.0	0.0	0.0	0.0	0.0	0.0	0.0	0.0	0.0	0.0	0.0	0.0	0.0	0.0	0.0
0.0	0.0	0.0	0.0	0.0	0.0	0.0	0.0	0.0	0.0	0.0	0.0	0.0	0.0	0.0	0.0	0.0	0.0	0.0	0.0	0.0	0.0	0.0	0.0
0.0	0.0	0.0	0.0	0.0	0.0	0.0	0.0	0.0	0.0	0.0	0.0	0.0	0.0	0.0	0.0	0.0	0.0	0.0	0.0	0.0	0.0	0.0	0.0
0.0	0.0	0.0	0.0	0.0	0.0	0.0	0.0	0.0	0.0	0.0	0.0	0.0	0.0	0.0	0.0	0.0	0.0	0.0	0.0	0.0	0.0	0.0	0.0
0.0	0.0	0.0	0.0	0.0	0.0	0.0	0.0	0.0	0.0	0.0	0.0	0.0	0.0	0.0	0.0	0.0	0.0	0.0	0.0	0.0	0.0	0.0	0.0
0.0	0.0	0.0	0.0	0.0	0.0	0.0	0.0	0.0	0.0	0.0	0.0	0.0	0.0	0.0	0.0	0.0	0.0	0.0	0.0	0.0	0.0	0.0	0.0
0.0	0.0	0.0	0.0	0.0	0.0	0.0	0.0	0.0	0.0	0.0	0.0	0.0	0.0	0.0	0.0	0.0	0.0	0.0	0.0	0.0	0.0	0.0	0.0
0.0	0.0	0.0	0.0	0.0	0.0	0.0	0.0	0.0	0.0	0.0	0.0	0.0	0.0	0.0	0.0	0.0	0.0	0.0	0.0	0.0	0.0	0.0	0.0
0.0	0.0	0.0	0.0	0.0	0.0	0.0	0.0	0.0	0.0	0.0	0.0	0.0	0.0	0.0	0.0	0.0	0.0	0.0	0.0	0.0	0.0	0.0	0.0
 
 
list 10: sr⁺
0.0	0.0	0.0	0.0	0.0	1.8341063087043606e-13	0.0	0.0	0.0	0.0	0.0	0.0	0.0	0.0	0.0	0.0	0.0	0.0	0.0	0.0	0.0	0.0	0.0	0.0
0.0	0.0	0.0	0.0	0.0	1.8341063087043606e-13	0.0	0.0	0.0	0.0	0.0	0.0	0.0	0.0	0.0	0.0	0.0	0.0	0.0	0.0	1.8366989984265e-13	0.0	0.0	0.0
0.0	0.0	0.0	0.0	0.0	1.8341063087043606e-13	0.0	0.0	0.0	0.0	0.0	0.0	0.0	0.0	0.0	0.0	0.0	0.0	0.0	0.0	0.0	0.0	0.0	0.0
0.0	0.0	0.0	0.0	0.0	0.0	0.0	0.0	0.0	0.0	0.0	0.0	0.0	0.08282419971994343	0.06218370249426923	0.060812114904422815	1.7983246501673301e-7	1.8157988618682262e-7	1.8163172988982536e-7	1.798395139201387e-7	0.06252782209385663	0.029983557024950713	0.034698669242930816	0.0
0.0	0.0	0.0	0.0	0.0	0.0	0.0	0.0	0.0	0.0	0.0	0.0	0.0	0.08509735165223208	0.08635072097290385	0.08242840407121876	1.817905630751787e-7	1.8221861428888196e-7	1.822764371204336e-7	1.817166950490487e-7	0.08384487076608439	0.033994072845990694	0.03564251907724328	0.04095955920007298
0.0	0.0	0.0	0.0	0.0	0.0	0.0	0.0	0.0	0.0	0.0	0.0	0.0	0.0	0.0	0.0	0.0	0.0	0.0	0.0	0.0	0.0	0.0	0.0
0.0	1.767046591910233e-7	1.7869504762141726e-7	0.0	0.0	0.0	0.0	0.0	0.0	0.0	0.0	0.0	0.0	0.0	0.0	0.0	0.0	0.0	0.0	0.0	0.0	0.033198805481976665	0.03399049866425566	0.03944526308468238
0.0	0.0	0.0	0.0	0.0	1.8341063087043606e-13	0.0	0.0	0.0	0.0	0.0	0.0	0.0	0.0	0.0	0.0	0.0	0.0	0.0	0.0	1.8366989984265e-13	0.035445016779788875	0.0	0.0
0.0	0.0	0.0	0.0	0.0	1.8341063087043606e-13	0.0	0.0	0.0	0.0	0.0	0.0	0.0	0.0	0.0	0.0	0.0	0.0	0.0	0.0	0.0	0.0	0.0	0.0
0.0	0.0	0.0	0.0	0.0	0.0	0.0	0.0	0.0	0.0	0.0	0.0	0.0	0.08508417426599804	0.08143782390016577	0.0796044602264169	1.813171113385957e-7	1.822184922526372e-7	1.8227622038209705e-7	1.8132220680973273e-7	0.08241866200428978	0.027596861520425117	0.03423002435394566	0.04095961859405822
0.0	0.0	0.0	0.0	0.0	0.0	0.0	0.0	0.0	0.0	0.0	0.0	0.15711600527514957	0.08625993952583805	0.08699319017928392	0.0836376155880017	1.8230233795461147e-7	1.8259955221385107e-7	1.826607889050111e-7	1.8251145945715608e-7	0.08509809726213077	0.0	0.0	0.0
0.0	0.0	0.0	0.0	0.0	0.0	0.0	0.0	0.0	0.0	0.0	0.0	0.0	0.0	0.0	0.0	0.0	0.0	0.0	0.0	0.0	0.0	0.0	0.0
0.0	0.0	0.0	0.0	0.0	0.0	0.0	0.0	0.0	0.0	0.0	0.0	0.0	0.0	0.0	0.0	0.0	0.0	0.0	0.0	0.0	0.0	0.0	0.0
0.0	0.0	0.0	0.0	0.0	0.0	0.0	0.0	0.0	0.0	0.0	0.0	0.0	0.0	0.0	0.0	0.0	0.0	0.0	0.0	0.0	0.033198864502016444	0.03399068551921846	0.03944526300619171
0.0	0.0	0.0	0.0	0.0	0.0	0.0	0.0	0.0	0.0	0.0	0.0	0.0	0.0	0.0	0.0	0.0	0.0	0.0	0.0	0.0	0.0	0.0	0.0
0.0	1.7596104572544023e-7	1.7830395454126189e-7	0.0	0.0	0.0	0.0	0.0	0.0	0.0	0.0	0.0	0.0	0.0	0.0	0.0	0.0	0.0	0.0	0.0	0.0	0.033198805481976665	0.03399049866425566	0.03944526308468238
0.0	0.0	0.0	0.0	0.0	0.0	0.0	0.0	0.0	0.0	0.0	0.0	0.0	0.0	0.0	0.0	0.0	0.0	0.0	0.0	0.0	0.0	0.0	0.0
0.0	0.0	0.0	0.0	0.0	1.8341062505619e-13	0.0	0.0	0.0	0.0	0.0	0.0	0.0	0.0	0.0	0.0	0.0	0.0	0.0	0.0	0.0	0.0	0.0	0.0
0.0	0.0	0.0	0.0	0.0	0.0	0.0	0.0	0.0	0.0	0.0	0.0	0.0	0.0	0.0	0.0	0.0	0.0	0.0	0.0	0.0	0.033198864502016444	0.03399068551921846	0.03944526300619171
0.0	0.0	0.0	0.0	0.0	0.0	0.0	0.0	0.0	0.0	0.0	0.0	0.1552729562207887	0.08328107453151741	0.07582274937692902	0.08163118440355978	1.8150178377691396e-7	1.8221855573608963e-7	1.8227626926641487e-7	1.8150281705868438e-7	0.0848931806988515	0.0327143418246547	0.03514573032061484	0.0389575364772834
0.0	0.0	0.0	0.0	0.0	0.0	0.0	0.0	0.0	0.0	0.0	0.0	0.15526944383233843	0.08604921818941831	0.0864203035836797	0.08368196142399281	1.821241498045108e-7	1.8221871147201455e-7	1.8227653525872118e-7	1.8213228800649647e-7	0.08673786171639257	0.03586872680625178	0.035937717466512274	0.041555902960372516
0.0	0.0	0.0	0.0	0.0	0.0	0.0	0.0	0.0	0.0	0.0	0.0	0.0	0.0	0.0	0.0	0.0	0.0	0.0	0.0	0.0	0.033198864502016444	0.03399068551921846	0.03944526300619171
0.0	1.7596104572544023e-7	1.7830395454126189e-7	0.0	0.0	0.0	0.0	0.0	0.0	0.0	0.0	0.0	0.0	0.0	0.0	0.0	0.0	0.0	0.0	0.0	0.0	0.033198805481976665	0.03399049866425566	0.03944526308468238
0.0	0.0	0.0	0.0	0.0	0.0	0.0	0.0	0.0	0.0	0.0	0.0	0.14997585589814255	0.08642990040560093	0.08684258686203293	0.08282246174827969	1.8149113611152026e-7	1.8158027552005515e-7	1.8163211900663082e-7	1.8149877479841736e-7	0.08575041586336275	0.035710535630816866	0.03598300577584177	0.04175681358178623
0.0	0.0	0.0	0.0	0.0	0.0	0.0	0.0	0.0	0.0	0.0	0.0	0.0	0.0	0.0	0.0	0.0	0.0	0.0	1.8369716487051261e-7	0.08546175888922378	0.034274925481237166	0.033678900997209625	0.03600092828668948
0.0	1.7647154554781383e-7	1.7857039571977614e-7	0.0	0.0	0.0	0.0	0.0	0.0	0.0	0.0	0.0	0.0	0.0	0.0	0.0	0.0	0.0	0.0	0.0	0.0	0.033198805481976665	0.03399049866425566	0.03944526308468238
0.0	1.8179131522694431e-7	1.8254137885257457e-7	1.8254902437099568e-7	1.818779031586678e-7	0.37049770633801316	2.590560234987525e-10	0.1721002996646512	1.8188653517544072e-7	1.827573140530947e-7	1.8516320472196628e-7	1.8241819988778433e-7	0.1523672107074439	0.0849910797996433	0.08474092864476687	0.0	0.0	0.0	0.0	0.0	0.0	0.0	0.0	0.0
0.0	0.0	0.0	0.0	0.0	0.0	0.0	0.0	0.0	0.0	0.0	0.0	0.0	0.0	0.0	0.0825570261915891	1.8283061209407132e-7	1.8293087617680644e-7	1.829948496652665e-7	1.8242295673784277e-7	0.08615459817265775	0.03416058819889874	0.03593966673347015	0.04037759206209275
0.0	0.0	0.0	0.0	0.0	0.0	0.0	0.0	0.0	0.0	0.0	0.0	0.1560061102941234	0.08352504113198318	0.06908248439834576	0.08171201252870472	1.8165418487189942e-7	1.8239191787548515e-7	1.8245124693023606e-7	1.8166103663743973e-7	0.08460862365491682	0.031535148418427764	0.03504092775990976	0.041555246493903034
0.0	0.0	0.0	0.0	0.0	0.0	4.1599146542628974e-10	8.297743072479425e-11	0.0	0.0	0.0	0.0	0.0	0.0	0.0	0.0	0.0	0.0	0.0	0.0	1.8361912658740552e-13	0.03267286952625045	0.03181360858758159	5.744350814224735e-11
0.0	0.0	0.0	0.0	0.0	0.0	0.0	0.0	0.0	0.0	0.0	0.0	0.0	0.0	0.0	0.0	0.0	0.0	0.0	0.0	0.0	0.0	0.0	0.0
0.0	0.0	0.0	0.0	1.8343633788800288e-7	1.8341063087043606e-13	0.0	0.0	0.0	0.0	0.0	0.0	0.0	0.0	0.0	0.0	0.0	0.0	0.0	0.0	0.0	0.0	0.0	0.0
0.0	0.0	0.0	0.0	0.0	0.0	0.0	0.0	0.0	0.0	0.0	0.0	0.0	0.0	0.0	0.0	0.0	0.0	0.0	0.0	0.0	0.0	0.0	0.0
0.0	0.0	0.0	0.0	0.0	0.6178962375133916	0.15773505080491318	0.14588422166601808	1.7893770725989404e-7	0.0	0.0	0.0	0.0	0.0	0.0	0.0	0.0	0.0	0.0	0.0	0.0	0.03454391326458152	0.033996590189568826	0.03944535904255642
0.0	0.0	0.0	0.0	0.0	0.0	0.0	0.0	0.0	0.0	0.0	0.0	0.0	0.0	0.0	0.0	0.0	0.0	0.0	0.0	0.0	0.03454643603972829	0.033993932728170875	0.03944501265265708
0.0	0.0	0.0	0.0	0.0	0.0	0.0	0.0	0.0	0.0	0.0	0.0	0.0	0.08585666937327265	0.08711458239504441	0.08038533405703217	1.812810113921518e-7	1.8158010608656394e-7	1.816319421093631e-7	1.8111767599959767e-7	0.08281665691321913	0.03415799489360813	0.03553483618321566	0.0
0.0	0.0	0.0	0.0	0.0	0.0	0.15773505080491318	0.14588422166601808	1.7893770725989404e-7	0.0	0.0	0.0	0.0	0.0	0.0	0.0	0.0	0.0	0.0	0.0	0.0	0.03454391326458152	0.033996590189568826	0.03944535904255642
0.0	0.0	0.0	0.0	0.0	1.834402626426091e-13	0.0	0.0	0.0	0.0	0.0	0.0	0.0	0.0	0.0	0.0	0.0	0.0	0.0	0.0	0.0	0.0	0.0	0.0
0.0	0.0	0.0	0.0	0.0	0.0	0.0	0.0	0.0	0.0	0.0	0.0	0.0	0.0	0.0	0.0	0.0	0.0	0.0	0.0	0.08620004714174365	0.034773490472158546	0.035439607026359427	0.039145074348725745
0.0	1.7933843332778915e-7	1.8088737273338037e-7	0.0	0.0	0.0	0.0	0.0	0.0	0.0	0.0	0.0	0.0	0.0	0.0	0.0	0.0	0.0	0.0	0.0	0.08546084692907674	0.03427326981238903	0.03367131240122022	0.0359751679209012
0.0	0.0	0.0	0.0	0.0	0.0	0.0	0.0	0.0	0.0	0.0	0.0	0.0	0.0	0.0	0.0	0.0	0.0	0.0	0.0	0.0	0.0	0.0	0.0
0.0	0.0	0.0	0.0	0.0	1.8341366085861074e-13	0.0	0.0	0.0	0.0	0.0	0.0	0.0	0.0	0.0	0.0	0.0	0.0	0.0	0.0	0.0	0.0	0.0	0.0
0.0	0.0	0.0	0.0	0.0	0.0	0.0	0.0	0.0	0.0	0.0	0.0	0.0	0.08508415704804442	0.08143777600445878	0.07960459435485188	1.813171066995792e-7	1.822184931220657e-7	1.822764252377675e-7	1.8213426989490474e-7	0.0	0.0	0.0	0.0
0.0	0.0	0.0	0.0	0.0	0.0	0.0	0.0	0.0	0.0	0.0	0.0	0.0	0.08509727568996275	0.08635035377337866	0.08242820912888693	1.817905622516526e-7	1.82218615304034e-7	1.822764639920253e-7	1.821342698958331e-7	0.0	0.0	0.0	0.0
0.0	0.0	0.0	0.0	0.0	0.0	0.0	0.0	0.0	0.0	0.0	0.0	0.0	0.08508415704804442	0.08143777600445878	0.07960459435485188	1.813171066995792e-7	1.822184931220657e-7	1.822764252377675e-7	1.8213426989490474e-7	0.0	0.0	0.0	0.0
0.0	0.0	0.0	0.0	0.0	0.0	0.0	0.0	0.0	0.0	0.0	0.0	0.0	0.0	0.0	0.0	0.0	0.0	0.0	0.0	0.0	0.0	0.0	0.0
0.0	0.0	0.0	0.0	0.0	0.0	0.15773505080491318	0.14588422166601808	1.7893770725989404e-7	0.0	0.0	0.0	0.0	0.0	0.0	0.0	0.0	0.0	0.0	0.0	0.0	0.03454391326458152	0.033996590189568826	0.03944535904255642
0.0	0.0	0.0	0.0	0.0	0.0	0.0	0.0	0.0	0.0	0.0	0.0	0.0	0.0	0.0	0.0	0.0	0.0	0.0	0.0	0.0	0.03454643603972829	0.033993932728170875	0.03944501265265708
0.0	0.0	0.0	0.0	0.0	0.0	0.0	0.0	0.0	0.0	0.0	0.0	0.0	0.0	0.0	0.0	0.0	0.0	0.0	0.0	0.0	0.0	0.0	0.0
0.0	0.0	0.0	0.0	0.0	1.8341365398791287e-13	0.0	0.0	0.0	0.0	0.0	0.0	0.0	0.0	0.0	0.07895826095752738	0.0	0.0	0.0	0.0	0.0	0.029398702957364138	0.027770463430021704	6.323895728097564e-11
0.0	0.0	0.0	0.0	0.0	0.0	0.15773505080491318	0.14588422166601808	1.7893770725989404e-7	0.0	0.0	0.0	0.0	0.0	0.0	0.0	0.0	0.0	0.0	0.0	0.0	0.03454391326458152	0.033996590189568826	0.03944535904255642
0.0	0.0	0.0	0.0	0.0	0.0	0.0	0.0	0.0	0.0	0.0	0.0	0.0	0.0	0.0	0.0	0.0	0.0	0.0	0.0	0.0	0.03454643603972829	0.033993932728170875	0.03944501265265708
0.0	0.0	0.0	0.0	0.0	0.0	0.15773505080491318	0.14588422166601808	1.7893770725989404e-7	0.0	0.0	0.0	0.0	0.0	0.0	0.0	0.0	0.0	0.0	0.0	0.0	0.03454391326458152	0.033996590189568826	0.03944535904255642
0.0	0.0	0.0	0.0	0.0	1.8344085188692213e-13	0.025134448879103925	0.0	0.0	0.0	0.0	0.0	0.0	0.0	0.0	0.0	0.0	0.0	0.0	0.0	0.0	0.029297090901923638	0.027762723640528543	6.664593546022154e-11
0.0	0.0	0.0	0.0	0.0	1.8341063087043606e-13	0.0	0.0	0.0	0.0	0.0	0.0	0.0	0.0	0.0	0.0	0.0	0.0	0.0	0.0	1.836698925896008e-13	0.029375931994970433	0.02777093525631161	6.288075321945263e-11
0.0	0.0	0.0	0.0	0.0	1.8341063087043606e-13	0.0	0.0	0.0	0.0	0.0	0.0	0.0	0.0	0.0	0.0	0.0	0.0	0.0	0.0	0.0	0.0	0.0	0.0
0.0	0.0	0.0	0.0	0.0	1.8341063087043606e-13	0.0	0.0	0.0	0.0	0.0	0.0	0.0	0.0	0.0	0.0	0.0	0.0	0.0	0.0	1.8366989984265e-13	0.0	0.0	0.0
0.0	0.0	0.0	0.0	0.0	0.0	0.0	0.0	0.0	1.817178731322602e-7	1.8347636606752467e-7	1.794743805208672e-7	0.08053571831930098	0.062125499555973435	0.08299074138971288	0.0	0.0	0.0	0.0	0.0	0.0	0.0	0.0	0.0
0.0	0.0	0.0	0.0	0.0	0.0	0.0	0.0	0.0	0.0	0.0	0.0	0.0	0.08509727568996275	0.08635035377337866	0.08242820912888693	1.817905622516526e-7	1.82218615304034e-7	1.822764639920253e-7	1.821342698958331e-7	0.0	0.0	0.0	0.0
0.0	0.0	0.0	0.0	0.0	0.0	0.0	0.0	0.0	0.0	0.0	0.0	0.0	0.0	0.0	0.0	0.0	0.0	0.0	0.0	0.0	0.0	0.0	0.0
0.0	1.7670465911180877e-7	1.786950489738646e-7	1.7900451578630394e-7	1.773065315475696e-7	0.16628412394151942	0.06475263530523695	0.11815990596221712	1.773806246096183e-7	1.8379699766345788e-7	0.0	0.0	0.0	0.0	0.0	0.0	0.0	0.0	0.0	0.0	0.0	0.033198805481976665	0.03399049866425566	0.03944526308468238
0.0	0.0	0.0	0.0	0.0	1.8341063087043606e-13	0.23314071419707572	0.0	0.0	0.0	0.0	0.0	0.0	0.0	0.0	0.0	0.0	0.0	0.0	0.0	0.0	0.0	0.0	0.0
0.0	0.0	0.0	0.0	0.0	1.8341063087043606e-13	0.0	0.0	0.0	0.0	0.0	0.0	0.0	0.0	0.0	0.0	0.0	0.0	0.0	0.0	0.0	0.0	0.0	0.0
0.0	0.0	0.0	0.0	0.0	0.0	0.0	0.0	0.0	0.0	0.0	0.0	0.0	0.08508415704804442	0.08143777600445877	0.07960459435485194	1.813171066995792e-7	1.822184931220657e-7	1.822764252377675e-7	1.8213426989490474e-7	0.0	0.0	0.0	0.0
0.0	0.0	0.0	0.0	0.0	0.0	0.0	0.0	0.0	0.0	0.0	0.0	0.15711600698413306	0.08626024427333862	0.08699375770456129	0.08363799447763158	1.8230233770945303e-7	1.8259955027862473e-7	1.8266076990801366e-7	1.8225569391376817e-7	0.0858127208147573	0.035508436922138904	0.03602757712841994	0.041750532871591944
0.0	0.0	0.0	0.0	0.0	1.8341062505619e-13	0.0	0.0	0.0	0.0	0.0	0.0	0.0	0.0	0.0	0.0	0.0	0.0	0.0	0.0	0.0	0.0	0.0	0.0
0.0	0.0	0.0	0.0	0.0	0.0	0.0	0.0	0.0	0.0	0.0	0.0	0.0	0.0	0.0	0.0	0.0	0.0	0.0	0.0	0.0	0.0	0.0	0.0
0.0	0.0	0.0	0.0	0.0	0.0	0.0	0.0	0.0	0.0	0.0	0.0	0.0	0.0	0.0	0.0	0.0	0.0	0.0	0.0	0.0	0.033198864502016444	0.03399068551921846	0.03944526300619171
0.0	0.0	0.0	0.0	0.0	0.0	0.0	0.0	0.0	0.0	0.0	0.0	0.0	0.0	0.0	0.0	0.0	0.0	0.0	0.0	0.0	0.0	0.0	0.0
0.0	1.767046591910233e-7	1.7869504762141726e-7	0.0	0.0	0.0	0.0	0.0	0.0	0.0	0.0	0.0	0.0	0.0	0.0	0.0	0.0	0.0	0.0	0.0	0.0	0.033198805481976665	0.03399049866425566	0.03944526308468238
0.0	0.0	0.0	0.0	0.0	0.0	0.0	0.0	0.0	0.0	0.0	0.0	0.0	0.0	0.0	0.0	0.0	0.0	0.0	0.0	0.0	0.0	0.0	0.0
0.0	0.0	0.0	0.0	0.0	0.0	0.0	0.0	0.0	0.0	0.0	0.0	0.0	0.0	0.0	0.0	0.0	0.0	0.0	0.0	0.0	0.0	0.0	0.0
0.0	0.0	0.0	0.0	0.0	0.0	0.0	0.0	0.0	0.0	0.0	0.0	0.0	0.0	0.0	0.0	0.0	0.0	0.0	0.0	0.0	0.033198864502016444	0.03399068551921846	0.03944526300619171
0.0	0.0	0.0	0.0	0.0	0.0	0.0	0.0	0.0	0.0	0.0	1.840945169443982e-7	0.15527295622078868	0.08328107453151742	0.07582274937692907	0.08163118440355968	1.8150178377691396e-7	1.8221855573608963e-7	1.8227626926641487e-7	1.8150281705868438e-7	0.0848931806988515	0.032714341824654665	0.03514573032061486	0.03895753647728341
0.0	0.0	0.0	0.0	0.0	0.0	0.0	0.0	0.0	0.0	0.0	0.0	0.15526944383233843	0.08604921818941831	0.0864203035836797	0.08368196142399281	1.821241498045108e-7	1.8221871147201455e-7	1.8227653525872118e-7	1.8213228800649647e-7	0.08673786171639257	0.03586872680625178	0.035937717466512274	0.041555902960372516
0.0	0.0	1.8386864910749286e-7	0.0	0.0	0.0	0.0	0.0	0.0	0.0	0.0	0.0	0.0	0.0	0.0	0.0	0.0	0.0	0.0	0.0	0.0	0.033198864502016444	0.03399068551921846	0.03944526300619171
0.0	1.767046591910233e-7	1.7869504762141726e-7	0.0	0.0	0.0	0.0	0.0	0.0	0.0	0.0	0.0	0.0	0.0	0.0	0.0	0.0	0.0	0.0	0.0	0.0	0.033198805481976665	0.03399049866425566	0.03944526308468238
0.0	0.0	0.0	0.0	0.0	0.0	0.0	0.0	0.0	0.0	0.0	0.0	0.1499758554428422	0.08642992171458341	0.08684272753820475	0.08282265296800081	1.8149113561054432e-7	1.8158027410435817e-7	1.8163211157248014e-7	1.814984541032732e-7	0.08580711347126999	0.03476741711475118	0.035390975071328594	0.040487854885598716
0.0	0.0	0.0	0.0	0.0	0.0	0.0	0.0	0.0	0.0	0.0	0.0	0.0	0.0	0.0	0.0	0.0	0.0	0.0	0.0	0.08546175888922378	0.034274925481237166	0.033678900997209625	0.03600092828668948
0.0	1.7596104572544023e-7	1.7830395454126189e-7	1.8365467937798513e-7	0.0	0.0	0.0	0.0	0.0	0.0	0.0	0.0	0.0	0.0	0.0	0.0	0.0	0.0	0.0	0.0	0.0	0.033198805481976665	0.03399049866425566	0.03944526308468238
0.0	1.8179131668327178e-7	1.8254137816403843e-7	0.0	0.0	0.0	0.0	0.0	0.0	0.0	0.0	0.0	0.0	0.0	0.0	0.0	0.0	0.0	0.0	0.0	0.0	0.03621214180991938	0.035928443092387075	0.04037749571475253
0.0	1.8381625578497003e-7	0.0	0.0	0.0	0.0	0.0	0.0	0.0	0.0	0.0	0.0	0.0	0.0	0.0	0.0825570261915891	1.8283061209407132e-7	1.8293087617680644e-7	1.829948496652665e-7	1.8242295673784277e-7	0.08615459817265764	0.034160588198898736	0.03593966673347021	0.040377592062092765
0.0	0.0	0.0	0.0	0.0	0.0	0.0	0.0	0.0	0.0	0.0	0.0	0.15600610921733096	0.08352501861450476	0.06908237742018274	0.08171226174896402	1.8165418232018218e-7	1.8239191989183014e-7	1.824514199274727e-7	1.823059460963984e-7	0.0	0.0	0.0	0.0
0.0	0.0	0.0	0.0	0.0	0.0	4.1599146542628974e-10	8.297743072479425e-11	0.0	0.0	0.0	0.0	0.0	0.0	0.0	0.0	0.0	0.0	0.0	0.0	1.8361912658740552e-13	0.03267286952625045	0.03181360858758159	5.744350814224735e-11
0.0	0.0	0.0	0.0	0.0	0.0	0.0	0.0	0.0	0.0	0.0	0.0	0.0	0.0	0.0	0.0	0.0	0.0	0.0	0.0	0.0	0.0	0.0	0.04189393138167403
0.0	0.0	0.0	0.0	0.0	1.8341063087043606e-13	0.0	0.0	0.0	0.0	0.0	0.0	0.0	0.0	0.0	0.0	0.0	0.0	0.0	0.0	1.8366989984265e-13	0.0	0.0	0.0
0.0	0.0	0.0	0.0	0.0	0.0	0.0	0.0	0.0	0.0	0.0	0.0	0.0	0.0	0.0	0.0	0.0	0.0	0.0	0.0	0.0	0.0	0.0	0.0
0.0	0.0	0.0	0.0	0.0	0.0	0.15773505080491318	0.14588422166601808	1.7893770725989404e-7	0.0	0.0	0.0	0.0	0.0	0.0	0.0	0.0	0.0	0.0	0.0	0.0	0.03454391326458152	0.033996590189568826	0.03944535904255642
0.0	0.0	0.0	0.0	0.0	0.0	0.0	0.0	0.0	0.0	0.0	0.0	0.0	0.0	0.0	0.0	0.0	0.0	0.0	0.0	0.0	0.03454643603972829	0.033993932728170875	0.03944501265265708
0.0	0.0	0.0	0.0	0.0	0.0	0.0	0.0	0.0	0.0	0.0	0.0	0.0	0.08585666937327265	0.08711458239504441	0.08038533405703217	1.812810113921518e-7	1.8158010608656394e-7	1.816319421093631e-7	1.8111767599959767e-7	0.08281665691321913	0.03415799489360813	0.03553483618321566	0.0
0.0	0.0	0.0	0.0	0.0	0.0	0.15773505080491318	0.14588422166601808	1.7893770725989404e-7	0.0	0.0	0.0	0.0	0.0	0.0	0.0	0.0	0.0	0.0	0.0	0.0	0.03454391326458152	0.033996590189568826	0.03944535904255642
0.0	0.0	0.0	0.0	0.0	1.834402626426091e-13	0.0	0.0	0.0	0.0	0.0	0.0	0.0	0.0	0.0	0.0	0.0	0.0	0.0	0.0	0.0	0.0	0.0	0.0
0.0	0.0	0.0	0.0	0.0	0.0	0.0	0.0	0.0	0.0	0.0	0.0	0.0	0.0	0.0	0.0	0.0	0.0	0.0	0.0	0.08620004714174365	0.034773490472158546	0.035439607026359427	0.039145074348725745
0.0	1.7933843210224767e-7	1.808873660070172e-7	1.80961213084823e-7	1.79545087350107e-7	0.19532211805040745	0.17448745004593483	0.18450576564177218	1.8319736776613418e-7	0.0	0.0	0.0	0.0	0.0	0.0	0.0	0.0	0.0	0.0	0.0	0.08546084692907674	0.03427326981238903	0.03367131240122022	0.0359751679209012
0.0	0.0	0.0	0.0	0.0	0.0	0.0	0.0	0.0	0.0	0.0	0.0	0.0	0.0	0.0	0.0	0.0	0.0	0.0	0.0	0.0	0.0	0.0	0.0
0.0	0.0	0.0	0.0	0.0	1.8341366085861074e-13	0.0	0.0	0.0	0.0	0.0	0.0	0.0	0.0	0.0	0.0	0.0	0.0	0.0	0.0	0.0	0.0	0.0	0.0
0.0	0.0	0.0	0.0	0.0	0.0	0.0	0.0	0.0	0.0	0.0	0.0	0.1543928306934436	0.08144556357568965	0.0515373857439771	0.07963810504457582	1.8131643792072447e-7	1.8221847507496488e-7	1.8227622018417595e-7	1.8132220676387098e-7	0.0824186403350141	0.027596882003839154	0.034230024502532964	0.040959618606356586
0.0	0.0	0.0	0.0	0.0	0.0	0.0	0.0	0.0	0.0	0.0	0.0	0.0	0.08509735165223209	0.08635072097290374	0.08242840407121864	1.817905630751787e-7	1.8221861428888196e-7	1.822764371204336e-7	1.8171669504904193e-7	0.08384487076612344	0.0339940728459912	0.035642519077243355	0.040959559200072965
0.0	0.0	0.0	0.0	0.0	0.0	0.0	0.0	0.0	0.0	0.0	0.0	0.16542373434862906	0.08508417426599804	0.08143782390016607	0.07960446022641691	1.813171113385957e-7	1.822184922526372e-7	1.8227622038209705e-7	1.8132220680973273e-7	0.08241866200428985	0.027596861520424985	0.03423002435394564	0.040959618594058216
0.0	0.0	0.0	0.0	0.0	0.0	0.0	0.0	0.0	0.0	0.0	0.0	0.0	0.0	0.0	0.0	0.0	0.0	0.0	0.0	0.0	0.0	0.0	0.0
0.0	0.0	0.0	0.0	0.0	0.0	0.15773505080491318	0.14588422166601808	1.7893770725989404e-7	0.0	0.0	0.0	0.0	0.0	0.0	0.0	0.0	0.0	0.0	0.0	0.0	0.03454391326458152	0.033996590189568826	0.03944535904255642
0.0	0.0	0.0	0.0	0.0	0.0	0.0	0.0	0.0	0.0	0.0	0.0	0.0	0.0	0.0	0.0	0.0	0.0	0.0	0.0	0.0	0.03454643603972829	0.033993932728170875	0.03944501265265708
0.0	0.0	0.0	0.0	0.0	0.0	0.0	0.0	0.0	0.0	0.0	0.0	0.0	0.0	0.0	0.0	0.0	0.0	0.0	0.0	0.0	0.0	0.0	0.0
0.0	0.0	0.0	0.0	0.0	1.8341365398791287e-13	1.2366438674579045e-9	0.0	0.0	0.0	0.0	0.0	0.0	0.0	0.08140412433591808	0.0	0.0	0.0	0.0	0.0	0.0	0.029398702957364138	0.027770463430021704	6.323895728097564e-11
0.0	0.0	0.0	0.0	0.0	0.75	0.15773505080491318	0.14588422166601808	1.7893770725989404e-7	0.0	0.0	0.0	0.0	0.0	0.0	0.0	0.0	0.0	0.0	0.0	0.0	0.03454391326458152	0.033996590189568826	0.03944535904255642
0.0	0.0	0.0	0.0	0.0	0.0	0.0	0.0	0.0	0.0	0.0	0.0	0.0	0.0	0.0	0.0	0.0	0.0	0.0	0.0	0.0	0.03454643603972829	0.033993932728170875	0.03944501265265708
0.0	0.0	0.0	0.0	0.0	0.0	0.15773505080491318	0.14588422166601808	1.7893770725989404e-7	0.0	0.0	0.0	0.0	0.0	0.0	0.0	0.0	0.0	0.0	0.0	0.0	0.03454391326458152	0.033996590189568826	0.03944535904255642
0.0	0.0	0.0	0.0	0.0	1.8344085188692213e-13	0.025134448879103925	0.166392027336206	0.0	0.0	0.0	0.0	0.0	0.0	0.0	0.0	0.0	0.0	0.0	0.0	0.0	0.029297090901923638	0.027762723640528543	6.664593546022154e-11
 
list 11: sr⁻
0.0	0.0	0.0	0.0	0.0	1.7072902142309724e-7	0.0	0.0	0.0	0.0	0.0	0.0	0.0	0.0	0.0	0.0	0.0	0.0	0.0	0.0	0.0	0.0	0.0	0.0
0.0	0.0	0.0	0.0	0.0	1.7072902142309724e-7	0.0	0.0	0.0	0.0	0.0	0.0	0.0	0.0	0.0	0.0	0.0	0.0	0.0	0.0	1.7072618913378964e-7	0.0	0.0	0.0
0.0	0.0	0.0	0.0	0.0	1.7072902142309724e-7	0.0	0.0	0.0	0.0	0.0	0.0	0.0	0.0	0.0	0.0	0.0	0.0	0.0	0.0	0.0	0.0	0.0	0.0
0.0	0.0	0.0	0.0	0.0	0.0	0.0	0.0	0.0	0.0	0.0	0.0	0.0	1.7780152583642697e-7	1.8081137955076784e-7	1.8083761638287848e-7	1.406859805095468e-7	1.9065813512136426e-10	1.9113704239899404e-10	0.023341775484836076	1.8085087104755795e-7	1.8083042300410553e-7	1.778114393029929e-7	0.0
0.0	0.0	0.0	0.0	0.0	0.0	0.0	0.0	0.0	0.0	0.0	0.0	0.0	1.7601583122297637e-7	1.7541259270959506e-7	1.7981441528986552e-7	1.3502724375991245e-7	1.5907371323267326e-10	1.5906716400741598e-10	0.021616656259435037	1.8014945878221187e-7	1.8110106314781063e-7	1.787355794182963e-7	1.8083809119665673e-7
0.0	0.0	0.0	0.0	0.0	0.0	0.0	0.0	0.0	0.0	0.0	0.0	0.0	0.0	0.0	0.0	0.0	0.0	0.0	0.0	0.0	0.0	0.0	0.0
0.0	0.013758418047856618	0.011824174209200355	0.0	0.0	0.0	0.0	0.0	0.0	0.0	0.0	0.0	0.0	0.0	0.0	0.0	0.0	0.0	0.0	0.0	0.0	1.683143339432626e-7	1.0975322444641615e-9	1.6834149001523652e-7
0.0	0.0	0.0	0.0	0.0	1.7072902142309724e-7	0.0	0.0	0.0	0.0	0.0	0.0	0.0	0.0	0.0	0.0	0.0	0.0	0.0	0.0	1.7072618913378964e-7	0.0	0.0	0.0
0.0	0.0	0.0	0.0	0.0	1.7072902142309724e-7	0.0	0.0	0.0	0.0	0.0	0.0	0.0	0.0	0.0	0.0	0.0	0.0	0.0	0.0	0.0	0.0	0.0	0.0
0.0	0.0	0.0	0.0	0.0	0.0	0.0	0.0	0.0	0.0	0.0	0.0	0.0	1.7780296839279457e-7	1.8081506517768543e-7	1.80839174005582e-7	1.4068790105897322e-7	1.925860462368229e-10	2.2307779368239457e-10	0.02334557211678336	1.8085695193777098e-7	1.8188512999769518e-7	1.8083803064665557e-7	1.8083813446910345e-7
0.0	0.0	0.0	0.0	0.0	0.0	0.0	0.0	0.0	0.0	0.0	0.0	1.7865706069186346e-7	1.7887536943693433e-7	1.7572111903452583e-7	1.801948285422712e-7	1.3464998168083607e-7	1.5907253911920412e-10	1.5906834639349857e-10	2.752647383672812e-13	0.0	0.0	0.0	0.0
0.0	0.0	0.0	0.0	0.0	0.0	0.0	0.0	0.0	0.0	0.0	0.0	0.0	0.0	0.0	0.0	0.0	0.0	0.0	0.0	0.0	0.0	0.0	0.0
0.0	0.0	0.0	0.0	0.0	0.0	0.0	0.0	0.0	0.0	0.0	0.0	0.0	0.0	0.0	0.0	0.0	0.0	0.0	0.0	0.0	0.0	0.0	0.0
0.0	0.0	0.0	0.0	0.0	0.0	0.0	0.0	0.0	0.0	0.0	0.0	0.0	0.0	0.0	0.0	0.0	0.0	0.0	0.0	0.0	1.6831347344376543e-7	1.057748440466365e-9	1.6834147889483911e-7
0.0	0.0	0.0	0.0	0.0	0.0	0.0	0.0	0.0	0.0	0.0	0.0	0.0	0.0	0.0	0.0	0.0	0.0	0.0	0.0	0.0	0.0	0.0	0.0
0.0	0.014126939781964505	0.013860302717470985	0.0	0.0	0.0	0.0	0.0	0.0	0.0	0.0	0.0	0.0	0.0	0.0	0.0	0.0	0.0	0.0	0.0	0.0	1.683143339432626e-7	1.0975322444641615e-9	1.6834149001523652e-7
0.0	0.0	0.0	0.0	0.0	0.0	0.0	0.0	0.0	0.0	0.0	0.0	0.0	0.0	0.0	0.0	0.0	0.0	0.0	0.0	0.0	0.0	0.0	0.0
0.0	0.0	0.0	0.0	0.0	1.6938447601575358e-7	0.0	0.0	0.0	0.0	0.0	0.0	0.0	0.0	0.0	0.0	0.0	0.0	0.0	0.0	0.0	0.0	0.0	0.0
0.0	0.0	0.0	0.0	0.0	0.0	0.0	0.0	0.0	0.0	0.0	0.0	0.0	0.0	0.0	0.0	0.0	0.0	0.0	0.0	0.0	1.6831347344376543e-7	1.057748440466365e-9	1.6834147889483911e-7
0.0	0.0	0.0	0.0	0.0	0.0	0.0	0.0	0.0	0.0	0.0	0.0	1.766756484352302e-7	1.8017022114508304e-7	1.8118708337455956e-7	1.8020375485372308e-7	1.3942358163375067e-7	1.7177147627961798e-10	1.984623257398023e-10	0.02252092604760173	1.8023165682085713e-7	1.8146630830626938e-7	1.802257724390556e-7	1.814688705261555e-7
0.0	0.017402754446183808	0.0	0.0	0.0	0.0	0.0	0.0	0.0	0.0	0.0	0.0	1.7667549428535077e-7	1.0005011139979424e-9	1.439944180070311e-9	1.7669225131884214e-7	4.105416520198425e-10	1.371121808603931e-10	1.3711292620422262e-10	4.723970950060113e-10	1.767031126506075e-7	1.789427773039626e-7	1.766804631370223e-7	1.8021165629730128e-7
0.0	0.0	0.0	0.0	0.0	0.0	0.0	0.0	0.0	0.0	0.0	0.0	0.0	0.0	0.0	0.0	0.0	0.0	0.0	0.0	0.0	1.6831347344376543e-7	1.057748440466365e-9	1.6834147889483911e-7
0.0	0.014126939781964505	0.013860302717470985	0.0	0.0	0.0	0.0	0.0	0.0	0.0	0.0	0.0	0.0	0.0	0.0	0.0	0.0	0.0	0.0	0.0	0.0	1.683143339432626e-7	1.0975322444641615e-9	1.6834149001523652e-7
0.0	0.0	0.0	0.0	0.0	0.0	0.0	0.0	0.0	0.0	0.0	0.0	1.7503360951146588e-7	1.000469129013047e-9	1.4417803442977602e-9	1.7506039829215262e-7	4.153201022534503e-10	1.3711191891029255e-10	1.3711266441085626e-10	4.789015443852284e-10	1.7507074399573518e-7	1.749345573754318e-7	4.80052496856469e-10	1.7502327012214802e-7
0.0	0.0	0.0	0.0	0.0	0.0	0.0	0.0	0.0	0.0	0.0	0.0	0.0	0.0	0.0	0.0	0.0	0.0	0.0	0.0	1.750390722248435e-7	1.7929326378149032e-7	1.792976295736013e-7	1.8083276179635133e-7
0.0	0.013884348275052005	0.012807054604615793	0.0	0.0	0.0	0.0	0.0	0.0	0.0	0.0	0.0	0.0	0.0	0.0	0.0	0.0	0.0	0.0	0.0	0.0	1.683143339432626e-7	1.0975322444641615e-9	1.6834149001523652e-7
0.21315440003007244	0.017573259813710537	0.01908604287783672	0.0627455518040391	1.8189660190140374e-7	1.8241501185059522e-7	1.8281951703513126e-7	1.8239715810771062e-7	1.816536112008246e-7	1.7860122253839263e-7	1.726657439858159e-7	1.8075964355976115e-7	1.8208617642203603e-7	1.8172731874893942e-7	1.7950270203275095e-7	0.0	0.0	0.0	0.0	0.0	0.0	0.0	0.0	0.0
0.0	0.0	0.0	0.0	0.0	0.0	0.0	0.0	0.0	0.0	0.0	0.0	0.0	0.0	0.0	1.7951699412595566e-7	1.59033092260644e-10	1.590701054287458e-10	1.7609028291518173e-10	0.02464589661357988	1.8175789413504124e-7	1.82485139308696e-7	1.8174602005388904e-7	1.8248674133702723e-7
0.0	0.0	0.0	0.0	0.0	0.0	0.0	0.0	0.0	0.0	0.0	0.0	1.778184358544973e-7	1.808254448987007e-7	1.8186791709186442e-7	1.8084078717747867e-7	1.4069045459699526e-7	1.9913816899743116e-10	2.248407783952791e-10	0.023345158841924004	1.8085668655316e-7	1.818847962140895e-7	1.8083780673945908e-7	1.8083814704901994e-7
0.0	0.0	0.0	0.0	0.0	0.0	1.766789943873873e-7	1.7667899028330262e-7	0.0	0.0	0.0	0.0	0.0	0.0	0.0	0.0	0.0	0.0	0.0	0.0	1.7668461400875983e-7	1.361305630830993e-9	3.208779321410945e-10	1.7666692050359053e-7
0.0	0.0	0.0	0.0	0.0	0.0	0.0	0.0	0.0	0.0	0.0	0.0	0.0	0.0	0.0	0.0	0.0	0.0	0.0	0.0	0.0	0.0	0.0	0.0
0.0	0.0	0.0	0.0	0.0	1.7072902142309724e-7	0.0	0.0	0.0	0.0	0.0	0.0	0.0	0.0	0.0	0.0	0.0	0.0	0.0	0.0	0.0	0.0	0.0	0.0
0.0	0.0	0.0	0.0	0.0	0.0	0.0	0.0	0.0	0.0	0.0	0.0	0.0	0.0	0.0	0.0	0.0	0.0	0.0	0.0	0.0	0.0	0.0	0.0
0.0	0.0	0.0	0.0	0.0	0.0	1.6835143229910338e-7	1.6963344900727573e-7	3.440934638097935e-7	0.0	0.0	0.0	0.0	0.0	0.0	0.0	0.0	0.0	0.0	0.0	0.0	1.4109955240201822e-9	3.235103768390218e-10	1.6834048935881031e-7
0.0	0.0	0.0	0.0	0.0	0.0	0.0	0.0	0.0	0.0	0.0	0.0	0.0	0.0	0.0	0.0	0.0	0.0	0.0	0.0	0.0	3.874254738141059e-10	2.0146454365916228e-10	1.683396567439427e-7
0.0	0.0	0.0	0.0	0.0	0.0	0.0	0.0	0.0	0.0	0.0	0.0	0.0	1.8759520281879782e-7	6.240764189918886e-7	1.7892304098012028e-7	1.341555674920607e-7	1.587865839575895e-10	1.5878859079217986e-10	0.006874463991516503	1.79670347336518e-7	1.7924192306058366e-7	1.6738640422437278e-7	0.0
0.0	0.0	0.0	0.0	0.0	0.0	1.6835143229910338e-7	1.6963344900727573e-7	3.440934638097935e-7	0.0	0.0	0.0	0.0	0.0	0.0	0.0	0.0	0.0	0.0	0.0	0.0	1.4109955240201822e-9	3.235103768390218e-10	1.6834048935881031e-7
0.0	0.0	0.0	0.0	0.0	1.6835894943948305e-7	0.0	0.0	0.0	0.0	0.0	0.0	0.0	0.0	0.0	0.0	0.0	0.0	0.0	0.0	0.0	0.0	0.0	0.0
0.0	0.0	0.0	0.0	0.0	0.0	0.0	0.0	0.0	0.0	0.0	0.0	0.0	0.0	0.0	0.0	0.0	0.0	0.0	0.0	1.778300425168245e-7	1.8083631650346458e-7	1.798033729403763e-7	1.8146717942152206e-7
0.0	0.016325899645475206	0.016303998229663323	0.0	0.0	0.0	0.0	0.0	0.0	0.0	0.0	0.0	0.0	0.0	0.0	0.0	0.0	0.0	0.0	0.0	1.750390227446414e-7	1.7929390731658126e-7	1.7930488969084555e-7	1.8083599319098184e-7
0.0	0.0	0.0	0.0	0.0	0.0	0.0	0.0	0.0	0.0	0.0	0.0	0.0	0.0	0.0	0.0	0.0	0.0	0.0	0.0	0.0	0.0	0.0	0.0
0.0	0.0	0.0	0.0	0.0	1.7253577526146839e-7	0.0	0.0	0.0	0.0	0.0	0.0	0.0	0.0	0.0	0.0	0.0	0.0	0.0	0.0	0.0	0.0	0.0	0.0
0.0	0.0	0.0	0.0	0.0	0.0	0.0	0.0	0.0	0.0	0.0	0.0	0.0	1.7780296839682645e-7	1.8081506519840047e-7	1.8083917548301752e-7	1.4068789988285103e-7	1.9258604476293264e-10	1.691784709191011e-10	2.7529320879812075e-13	0.0	0.0	0.0	0.0
0.0	0.0	0.0	0.0	0.0	0.0	0.0	0.0	0.0	0.0	0.0	0.0	0.0	1.760158393401541e-7	1.7541258903440042e-7	1.7981441482578633e-7	1.350272487967295e-7	1.5907371319674053e-10	1.5906770983726698e-10	2.75264737754056e-13	0.0	0.0	0.0	0.0
0.0	0.0	0.0	0.0	0.0	0.0	0.0	0.0	0.0	0.0	0.0	0.0	0.0	1.7780296839682645e-7	1.8081506519840047e-7	1.8083917548301752e-7	1.4068789988285103e-7	1.9258604476293264e-10	1.691784709191011e-10	2.7529320879812075e-13	0.0	0.0	0.0	0.0
0.0	0.0	0.0	0.0	0.0	0.0	0.0	0.0	0.0	0.0	0.0	0.0	0.0	0.0	0.0	0.0	0.0	0.0	0.0	0.0	0.0	0.0	0.0	0.0
0.0	0.0	0.0	0.0	0.0	0.0	1.6835143229910338e-7	1.6963344900727573e-7	3.440934638097935e-7	0.0	0.0	0.0	0.0	0.0	0.0	0.0	0.0	0.0	0.0	0.0	0.0	1.4109955240201822e-9	3.235103768390218e-10	1.6834048935881031e-7
0.0	0.0	0.0	0.0	0.0	0.0	0.0	0.0	0.0	0.0	0.0	0.0	0.0	0.0	0.0	0.0	0.0	0.0	0.0	0.0	0.0	3.874254738141059e-10	2.0146454365916228e-10	1.683396567439427e-7
0.0	0.0	0.0	0.0	0.0	0.0	0.0	0.0	0.0	0.0	0.0	0.0	0.0	0.0	0.0	0.0	0.0	0.0	0.0	0.0	0.0	0.0	0.0	0.0
0.0	0.0	0.0	0.0	0.0	1.707290214222231e-7	0.0	0.0	0.0	0.0	0.0	0.0	0.0	0.0	0.0	0.0	0.0	0.0	0.0	0.0	0.0	5.045461049081782e-10	2.2915086132616148e-10	1.7070562336102458e-7
0.0	0.0	0.0	0.0	0.0	0.0	1.6835143229910338e-7	1.6963344900727573e-7	3.440934638097935e-7	0.0	0.0	0.0	0.0	0.0	0.0	0.0	0.0	0.0	0.0	0.0	0.0	1.4109955240201822e-9	3.235103768390218e-10	1.6834048935881031e-7
0.0	0.0	0.0	0.0	0.0	0.0	0.0	0.0	0.0	0.0	0.0	0.0	0.0	0.0	0.0	0.0	0.0	0.0	0.0	0.0	0.0	3.874254738141059e-10	2.0146454365916228e-10	1.683396567439427e-7
0.0	0.0	0.0	0.0	0.0	0.0	1.6835143229910338e-7	1.6963344900727573e-7	3.440934638097935e-7	0.0	0.0	0.0	0.0	0.0	0.0	0.0	0.0	0.0	0.0	0.0	0.0	1.4109955240201822e-9	3.235103768390218e-10	1.6834048935881031e-7
0.0	0.0	0.0	0.0	0.0	1.707290666722478e-7	1.6847166372408481e-7	0.0	0.0	0.0	0.0	0.0	0.0	0.0	0.0	0.0	0.0	0.0	0.0	0.0	0.0	3.8738292667123453e-10	2.0147478631100997e-10	1.7070536197393477e-7
0.0	0.0	0.0	0.0	0.0	1.7072902142309724e-7	0.0	0.0	0.0	0.0	0.0	0.0	0.0	0.0	0.0	0.0	0.0	0.0	0.0	0.0	1.7072622949045757e-7	5.202333167979246e-10	2.3233299426891747e-10	1.7070573392567853e-7
0.0	0.0	0.0	0.0	0.0	1.7072902142309724e-7	0.0	0.0	0.0	0.0	0.0	0.0	0.0	0.0	0.0	0.0	0.0	0.0	0.0	0.0	0.0	0.0	0.0	0.0
0.0	0.0	0.0	0.0	0.0	1.7072902142309724e-7	0.0	0.0	0.0	0.0	0.0	0.0	0.0	0.0	0.0	0.0	0.0	0.0	0.0	0.0	1.7072618913378964e-7	0.0	0.0	0.0
0.0	0.0	0.0	0.0	0.0	0.0	0.0	0.0	0.0	1.6868512771441868e-10	1.7236096023122568e-7	1.7875136907989381e-7	1.8109079262025883e-7	1.8081678395766353e-7	1.778013979945845e-7	0.0	0.0	0.0	0.0	0.0	0.0	0.0	0.0	0.0
0.0	0.0	0.0	0.0	0.0	0.0	0.0	0.0	0.0	0.0	0.0	0.0	0.0	1.760158393401541e-7	1.7541258903440042e-7	1.7981441482578633e-7	1.350272487967295e-7	1.5907371319674053e-10	1.5906770983726698e-10	2.75264737754056e-13	0.0	0.0	0.0	0.0
0.0	0.0	0.0	0.0	0.0	0.0	0.0	0.0	0.0	0.0	0.0	0.0	0.0	0.0	0.0	0.0	0.0	0.0	0.0	0.0	0.0	0.0	0.0	0.0
0.0	0.013758413434086826	0.011822794569452212	3.1399761137560807e-9	1.686960368718385e-7	1.7516277101210006e-7	1.7782678835245083e-7	1.750364626368624e-7	1.6833892505187844e-7	0.0	0.0	0.0	0.0	0.0	0.0	0.0	0.0	0.0	0.0	0.0	0.0	1.683143339432626e-7	1.0975322444641615e-9	1.6834149001523652e-7
0.0	0.0	0.0	0.0	0.0	1.7072902142309724e-7	0.0	0.0	0.0	0.0	0.0	0.0	0.0	0.0	0.0	0.0	0.0	0.0	0.0	0.0	0.0	0.0	0.0	0.0
0.0	0.0	0.0	0.0	0.0	1.7072902142309724e-7	0.0	0.0	0.0	0.0	0.0	0.0	0.0	0.0	0.0	0.0	0.0	0.0	0.0	0.0	0.0	0.0	0.0	0.0
0.0	0.0	0.0	0.0	0.0	0.0	0.0	0.0	0.0	0.0	0.0	0.0	0.0	1.7780296839681967e-7	1.8081506519840047e-7	1.8083917548301752e-7	1.4068789988284426e-7	1.9258604476292602e-10	1.6917847091910771e-10	2.752932087980949e-13	0.0	0.0	0.0	0.0
0.0	0.0	0.0	0.0	0.0	0.0	0.0	0.0	0.0	0.0	0.0	0.0	1.7865706069143656e-7	1.7887537751235671e-7	1.7572112324260584e-7	1.801948288643741e-7	1.3464997933961668e-7	1.5907253914609741e-10	1.590741398615099e-10	0.021579584726146378	1.8047412766729093e-7	1.815333225940719e-7	1.796102740912167e-7	1.8128850579331537e-7
0.0	0.0	0.0	0.0	0.0	1.6938447601575358e-7	0.0	0.0	0.0	0.0	0.0	0.0	0.0	0.0	0.0	0.0	0.0	0.0	0.0	0.0	0.0	0.0	0.0	0.0
0.0	0.0	0.0	0.0	0.0	0.0	0.0	0.0	0.0	0.0	0.0	0.0	0.0	0.0	0.0	0.0	0.0	0.0	0.0	0.0	0.0	0.0	0.0	0.0
0.0	0.0	0.0	0.0	0.0	0.0	0.0	0.0	0.0	0.0	0.0	0.0	0.0	0.0	0.0	0.0	0.0	0.0	0.0	0.0	0.0	1.6831347344376543e-7	1.057748440466365e-9	1.6834147889483911e-7
0.0	0.0	0.0	0.0	0.0	0.0	0.0	0.0	0.0	0.0	0.0	0.0	0.0	0.0	0.0	0.0	0.0	0.0	0.0	0.0	0.0	0.0	0.0	0.0
0.0	0.013758418047856618	0.011824174209200355	0.0	0.0	0.0	0.0	0.0	0.0	0.0	0.0	0.0	0.0	0.0	0.0	0.0	0.0	0.0	0.0	0.0	0.0	1.683143339432626e-7	1.0975322444641615e-9	1.6834149001523652e-7
0.0	0.0	0.0	0.0	0.0	0.0	0.0	0.0	0.0	0.0	0.0	0.0	0.0	0.0	0.0	0.0	0.0	0.0	0.0	0.0	0.0	0.0	0.0	0.0
0.0	0.0	0.0	0.0	0.0	0.0	0.0	0.0	0.0	0.0	0.0	0.0	0.0	0.0	0.0	0.0	0.0	0.0	0.0	0.0	0.0	0.0	0.0	0.0
0.0	0.0	0.0	0.0	0.0	0.0	0.0	0.0	0.0	0.0	0.0	0.0	0.0	0.0	0.0	0.0	0.0	0.0	0.0	0.0	0.0	1.6831347344376543e-7	1.057748440466365e-9	1.6834147889483911e-7
0.0	0.0	0.0	0.0	0.0	0.0	0.0	0.0	0.0	0.0	0.0	0.0	1.766756484352302e-7	1.8017022114508304e-7	1.8118708337455956e-7	1.8020375485372308e-7	1.3942358163375067e-7	1.717714762796246e-10	1.9846232607666332e-10	0.02252092604760174	1.8023165682085036e-7	1.8146630830626938e-7	1.802257724390556e-7	1.814688705261555e-7
0.0	0.0	0.0	0.0	0.0	0.0	0.0	0.0	0.0	0.0	0.0	0.0	1.7667549428535077e-7	1.0005011139979424e-9	1.439944180070311e-9	1.7669225131884214e-7	4.105416520198425e-10	1.371121808603931e-10	1.3711292620422262e-10	4.723970950060113e-10	1.767031126506075e-7	1.789427773039626e-7	1.766804631370223e-7	1.8021165629730128e-7
0.0	0.0	0.0	0.0	0.0	0.0	0.0	0.0	0.0	0.0	0.0	0.0	0.0	0.0	0.0	0.0	0.0	0.0	0.0	0.0	0.0	1.6831347344376543e-7	1.057748440466365e-9	1.6834147889483911e-7
0.0	0.013758418047856618	0.011824174209200355	0.0	0.0	0.0	0.0	0.0	0.0	0.0	0.0	0.0	0.0	0.0	0.0	0.0	0.0	0.0	0.0	0.0	0.0	1.683143339432626e-7	1.0975322444641615e-9	1.6834149001523652e-7
0.0	0.0	0.0	0.0	0.0	0.0	0.0	0.0	0.0	0.0	0.0	0.0	1.7503360951595854e-7	1.0004691290167263e-9	1.4417803488010109e-9	1.7506039655387838e-7	4.153201018607711e-10	1.37111918918882e-10	1.3711266488942987e-10	4.790588114476232e-10	1.7507240728638162e-7	1.787274988602908e-7	1.750381036237761e-7	1.7929281785283662e-7
0.0	0.0	0.0	0.0	0.0	0.0	0.0	0.0	0.0	0.0	0.0	0.0	0.0	0.0	0.0	0.0	0.0	0.0	0.0	0.0	1.750390722248435e-7	1.7929326378149032e-7	1.792976295736013e-7	1.8083276179635133e-7
0.0	0.014126939781964505	0.013860302717470985	0.0	0.0	0.0	0.0	0.0	0.0	0.0	0.0	0.0	0.0	0.0	0.0	0.0	0.0	0.0	0.0	0.0	0.0	1.683143339432626e-7	1.0975322444641615e-9	1.6834149001523652e-7
0.0	0.0175735778215654	0.019085755821767785	0.0	0.0	0.0	0.0	0.0	0.0	0.0	0.0	0.0	0.0	0.0	0.0	0.0	0.0	0.0	0.0	0.0	0.0	1.79511006495588e-7	1.817450303144978e-7	1.8248670049433857e-7
0.0	0.0	0.0	0.0	0.0	0.0	0.0	0.0	0.0	0.0	0.0	0.0	0.0	0.0	0.0	1.7951699412595566e-7	1.59033092260644e-10	1.590701054287392e-10	1.7609028291422881e-10	0.024645896613579906	1.8175789413503446e-7	1.82485139308696e-7	1.8174602005388904e-7	1.8248674133702723e-7
0.0	0.0	0.0	0.0	0.0	0.0	0.0	0.0	0.0	0.0	0.0	0.0	1.7781843585394164e-7	1.8082544476263332e-7	1.818679169216921e-7	1.8084078891948663e-7	1.406904533296849e-7	1.9913817305546013e-10	1.69378104392537e-10	2.7529373678417117e-13	0.0	0.0	0.0	0.0
0.0	0.0	0.0	0.0	0.0	0.0	1.766789943873873e-7	1.7667899028330262e-7	0.0	0.0	0.0	0.0	0.0	0.0	0.0	0.0	0.0	0.0	0.0	0.0	1.7668461400875983e-7	1.361305630830993e-9	3.208779321410945e-10	1.7666692050359053e-7
0.0	0.0	0.0	0.0	0.0	0.0	0.0	0.0	0.0	0.0	0.0	0.0	0.0	0.0	0.0	0.0	0.0	0.0	0.0	0.0	0.0	0.0	0.0	0.0
0.0	0.0	0.0	0.0	0.0	1.7072902142309724e-7	0.0	0.0	0.0	0.0	0.0	0.0	0.0	0.0	0.0	0.0	0.0	0.0	0.0	0.0	1.7072618913378964e-7	0.0	0.0	0.0
0.0	0.0	0.0	0.0	0.0	0.0	0.0	0.0	0.0	0.0	0.0	0.0	0.0	0.0	0.0	0.0	0.0	0.0	0.0	0.0	0.0	0.0	0.0	0.0
0.0	0.0	0.0	0.0	0.0	0.0	1.6835143229910338e-7	1.6963344900727573e-7	3.440934638097935e-7	0.0	0.0	0.0	0.0	0.0	0.0	0.0	0.0	0.0	0.0	0.0	0.0	1.4109955240201822e-9	3.235103768390218e-10	1.6834048935881031e-7
0.0	0.0	0.0	0.0	0.0	0.0	0.0	0.0	0.0	0.0	0.0	0.0	0.0	0.0	0.0	0.0	0.0	0.0	0.0	0.0	0.0	3.874254738141059e-10	2.0146454365916228e-10	1.683396567439427e-7
0.0	0.0	0.0	0.0	0.0	0.0	0.0	0.0	0.0	0.0	0.0	0.0	0.0	1.8759520281879782e-7	6.240764189918886e-7	1.7892304098012028e-7	1.341555674920607e-7	1.587865839575895e-10	1.5878859079217986e-10	0.006874463991516503	1.79670347336518e-7	1.7924192306058366e-7	1.6738640422437278e-7	0.0
0.0	0.0	0.0	0.0	0.0	0.0	1.6835143229910338e-7	1.6963344900727573e-7	3.440934638097935e-7	0.0	0.0	0.0	0.0	0.0	0.0	0.0	0.0	0.0	0.0	0.0	0.0	1.4109955240201822e-9	3.235103768390218e-10	1.6834048935881031e-7
0.0	0.0	0.0	0.0	0.0	1.6835894943948305e-7	0.0	0.0	0.0	0.0	0.0	0.0	0.0	0.0	0.0	0.0	0.0	0.0	0.0	0.0	0.0	0.0	0.0	0.0
0.0	0.0	0.0	0.0	0.0	0.0	0.0	0.0	0.0	0.0	0.0	0.0	0.0	0.0	0.0	0.0	0.0	0.0	0.0	0.0	1.778300425168245e-7	1.8083631650346458e-7	1.798033729403763e-7	1.8146717942152206e-7
0.0	0.01632580285427153	0.01630304063914871	0.05339174845624417	1.7874714789809263e-7	1.8049556589675814e-7	1.793100703168814e-7	1.750387133450746e-7	0.0	0.0	0.0	0.0	0.0	0.0	0.0	0.0	0.0	0.0	0.0	0.0	1.750390227446414e-7	1.7929390731658126e-7	1.7930488969084555e-7	1.8083599319098184e-7
0.0	0.0	0.0	0.0	0.0	0.0	0.0	0.0	0.0	0.0	0.0	0.0	0.0	0.0	0.0	0.0	0.0	0.0	0.0	0.0	0.0	0.0	0.0	0.0
0.0	0.0	0.0	0.0	0.0	1.7253577526146839e-7	0.0	0.0	0.0	0.0	0.0	0.0	0.0	0.0	0.0	0.0	0.0	0.0	0.0	0.0	0.0	0.0	0.0	0.0
0.0	0.0	0.0	0.0	0.0	0.0	0.0	0.0	0.0	0.0	0.0	0.0	1.7781843274318265e-7	1.8082483522524937e-7	1.8186585410665153e-7	1.8084032780603263e-7	1.4068992112598212e-7	1.9819087411521824e-10	2.2307779385226438e-10	0.023345571103755042	1.8085695192482154e-7	1.8188513020415438e-7	1.8083803112814976e-7	1.808381344813075e-7
0.0	0.0	0.0	0.0	0.0	0.0	0.0	0.0	0.0	0.0	0.0	0.0	0.0	1.7601583122297637e-7	1.7541259270959506e-7	1.7981441528986552e-7	1.3502724375991245e-7	1.5907371323267987e-10	1.5906716400741598e-10	0.02161665625931316	1.8014945878221187e-7	1.8110106314781063e-7	1.7873557941828274e-7	1.8083809119665673e-7
0.0	0.0	0.0	0.0	0.0	0.0	0.0	0.0	0.0	0.0	0.0	0.0	0.0	1.7780296839279457e-7	1.8081506517768543e-7	1.80839174005582e-7	1.4068790105897322e-7	1.9258604623682952e-10	2.2307779368239457e-10	0.02334557211678338	1.8085695193777098e-7	1.8188512999769518e-7	1.8083803064665557e-7	1.8083813446910345e-7
0.0	0.0	0.0	0.0	0.0	0.0	0.0	0.0	0.0	0.0	0.0	0.0	0.0	0.0	0.0	0.0	0.0	0.0	0.0	0.0	0.0	0.0	0.0	0.0
0.0	0.0	0.0	0.0	0.0	0.0	1.6835143229910338e-7	1.6963344900727573e-7	3.440934638097935e-7	0.0	0.0	0.0	0.0	0.0	0.0	0.0	0.0	0.0	0.0	0.0	0.0	1.4109955240201822e-9	3.235103768390218e-10	1.6834048935881031e-7
0.0	0.0	0.0	0.0	0.0	0.0	0.0	0.0	0.0	0.0	0.0	0.0	0.0	0.0	0.0	0.0	0.0	0.0	0.0	0.0	0.0	3.874254738141059e-10	2.0146454365916228e-10	1.683396567439427e-7
0.0	0.0	0.0	0.0	0.0	0.0	0.0	0.0	0.0	0.0	0.0	0.0	0.0	0.0	0.0	0.0	0.0	0.0	0.0	0.0	0.0	0.0	0.0	0.0
0.0	0.0	0.0	0.0	0.0	1.707290214222231e-7	1.7065283753712882e-7	0.0	0.0	0.0	0.0	0.0	0.0	0.0	0.0	0.0	0.0	0.0	0.0	0.0	0.0	5.045461049081782e-10	2.2915086132616148e-10	1.7070562336102458e-7
0.0	0.0	0.0	0.0	0.0	0.0	1.6835143229910338e-7	1.6963344900727573e-7	3.440934638097935e-7	0.0	0.0	0.0	0.0	0.0	0.0	0.0	0.0	0.0	0.0	0.0	0.0	1.4109955240201822e-9	3.235103768390218e-10	1.6834048935881031e-7
0.0	0.0	0.0	0.0	0.0	0.0	0.0	0.0	0.0	0.0	0.0	0.0	0.0	0.0	0.0	0.0	0.0	0.0	0.0	0.0	0.0	3.874254738141059e-10	2.0146454365916228e-10	1.683396567439427e-7
0.0	0.0	0.0	0.0	0.0	0.0	1.6835143229910338e-7	1.6963344900727573e-7	3.440934638097935e-7	0.0	0.0	0.0	0.0	0.0	0.0	0.0	0.0	0.0	0.0	0.0	0.0	1.4109955240201822e-9	3.235103768390218e-10	1.6834048935881031e-7
0.0	0.0	0.0	0.0	0.0	1.707290666722478e-7	1.6847166372408481e-7	0.0	0.0	0.0	0.0	0.0	0.0	0.0	0.0	0.0	0.0	0.0	0.0	0.0	0.0	3.8738292667123453e-10	2.0147478631100997e-10	1.7070536197393477e-7
