 
su_cost	sd_cost	prod_cost	cr⁺	cr⁻	𝜟pd	𝜟pw
5790.0	3460.0	2.9465637401227886e6	84.0003410514594	0.0031238683862615194	0.0	5.8648601585524875e-12
 
list 1: units stutup/down states
0	0	0	0	0	0	0	0	0	0	0	0	0	0	0	0	0	0	0	0	0	0	0	0
0	0	0	0	0	0	0	0	0	0	0	0	0	0	0	0	0	0	0	0	0	0	0	0
0	0	0	0	0	0	0	0	0	0	0	0	0	0	0	0	0	0	0	0	0	0	0	0
1	1	1	0	0	0	0	0	0	0	0	1	1	1	1	1	1	1	1	1	1	1	1	1
0	0	0	0	0	0	0	1	1	1	1	1	1	1	1	1	1	1	1	1	1	1	1	1
0	0	0	0	0	0	0	0	0	0	0	0	0	0	0	0	0	0	1	1	1	1	1	0
0	0	0	0	0	0	0	0	0	0	0	0	0	0	0	0	0	0	0	0	0	0	0	0
0	0	0	0	0	0	0	0	0	0	0	0	0	0	0	0	0	0	0	0	0	0	0	0
0	0	0	0	0	0	0	0	0	0	0	0	0	0	0	0	0	0	0	0	0	0	0	0
1	1	1	1	1	1	1	1	1	1	1	1	1	1	1	1	1	1	1	1	1	1	1	1
1	1	0	0	0	0	0	0	0	0	1	1	1	1	1	1	1	1	1	1	1	1	1	1
0	0	0	0	0	0	0	0	0	0	0	0	0	0	0	0	0	0	1	1	1	0	0	0
0	0	0	0	0	0	0	0	0	0	0	0	0	0	0	0	0	0	1	1	1	0	0	0
0	0	0	0	0	0	0	0	0	0	0	0	0	0	0	0	0	0	0	0	0	0	0	0
0	0	0	0	0	0	0	0	0	0	0	0	0	0	0	0	0	0	1	1	1	0	0	0
0	0	0	0	0	0	0	0	0	0	0	0	0	0	0	0	0	0	0	0	0	0	0	0
0	0	0	0	0	0	0	0	0	0	0	0	0	0	0	0	0	0	1	1	1	0	0	0
0	0	0	0	0	0	0	0	0	0	0	0	0	0	0	0	0	0	1	1	1	0	0	0
0	0	0	0	0	0	0	0	0	0	0	0	0	0	0	0	0	0	0	0	0	0	0	0
1	1	1	1	1	1	1	1	1	1	1	1	1	1	1	1	1	1	1	1	1	1	1	1
0	0	0	0	0	0	0	1	1	1	1	1	1	1	1	1	1	1	1	1	1	1	0	0
0	0	0	0	0	0	0	0	0	0	0	0	0	0	0	0	0	0	0	0	0	0	0	0
0	0	0	0	0	0	0	0	0	0	0	0	0	0	0	0	0	0	0	0	0	0	0	0
0	0	0	0	0	0	0	1	1	1	1	1	1	1	1	0	0	0	0	0	0	0	0	0
0	0	0	0	0	0	0	1	1	1	1	1	1	1	1	1	1	1	1	1	1	1	1	1
0	0	0	0	0	0	0	0	0	0	0	0	0	0	0	0	0	0	0	0	0	0	0	0
1	1	1	1	1	1	1	1	1	1	1	1	1	1	1	1	1	1	1	1	1	1	1	1
1	1	1	1	1	1	1	1	1	1	1	1	1	1	1	1	1	1	1	1	1	1	1	1
1	1	1	1	1	1	1	1	1	1	1	1	1	1	1	1	1	1	1	1	1	1	1	1
1	1	0	0	0	0	0	1	1	1	1	1	0	0	0	0	0	0	0	0	0	0	0	0
0	0	0	0	0	0	0	0	0	0	0	0	0	0	0	0	0	0	1	1	1	1	1	0
0	0	0	0	0	0	0	0	0	0	0	0	0	0	0	0	0	0	0	0	0	0	0	0
0	0	0	0	0	0	0	0	0	0	0	0	0	0	0	0	0	0	0	0	0	0	0	0
0	0	0	0	0	0	0	0	0	0	0	0	0	0	0	0	0	0	0	0	0	0	0	0
0	0	0	0	0	0	0	0	0	0	0	0	0	0	0	0	0	0	0	0	0	0	0	0
1	1	0	0	0	0	0	0	0	0	1	1	1	1	1	1	1	1	1	1	1	1	1	1
0	0	0	0	0	0	0	0	0	0	0	0	0	0	0	0	0	0	0	0	0	0	0	0
0	0	0	0	0	0	0	0	0	0	0	0	0	0	0	0	0	0	0	0	0	0	0	0
0	0	0	0	0	0	0	1	1	1	1	1	1	1	1	1	1	1	1	1	1	1	1	1
0	0	0	0	0	0	0	0	0	0	0	0	0	0	0	0	0	0	0	0	0	0	0	0
0	0	0	0	0	0	0	0	0	0	0	0	0	0	0	0	0	0	0	0	0	0	0	0
0	0	0	0	0	0	0	0	0	0	0	0	1	0	0	0	0	0	0	0	0	0	0	0
0	0	0	0	0	0	0	1	1	1	1	1	1	1	1	1	1	1	1	1	1	1	1	1
0	0	0	0	0	0	0	1	1	1	1	1	1	1	1	1	1	1	1	1	1	1	1	1
0	0	0	0	0	0	0	1	1	1	1	1	1	1	1	1	1	1	1	1	1	1	1	1
0	0	0	0	0	0	0	0	0	0	0	0	0	0	0	0	0	0	0	0	0	0	0	0
0	0	0	0	0	0	0	0	0	0	0	0	0	0	0	0	0	0	0	0	0	0	0	0
0	0	0	0	0	0	0	0	0	0	0	0	0	0	0	0	0	0	0	0	0	0	0	0
0	0	0	0	0	0	0	0	0	0	0	0	0	0	0	0	0	0	0	0	0	0	0	0
0	0	0	0	0	0	0	0	0	0	0	0	0	0	0	0	0	0	0	0	0	0	0	0
0	0	0	0	0	0	0	0	0	0	0	0	0	0	0	0	0	0	0	0	0	0	0	0
0	0	0	0	0	0	0	0	0	0	0	0	0	0	0	0	0	0	0	0	0	0	0	0
0	0	0	0	0	0	0	0	0	0	0	0	0	0	0	0	0	0	0	0	0	0	0	0
1	1	0	0	0	0	0	0	1	1	1	0	0	0	0	0	0	0	0	0	0	0	0	0
0	0	0	0	0	0	0	0	0	0	0	0	0	0	0	0	0	0	0	0	0	0	0	0
0	0	0	0	0	0	0	0	0	0	0	0	0	0	0	0	0	0	0	0	0	0	0	0
0	0	0	0	0	0	0	0	0	0	0	0	0	0	0	0	0	0	0	0	0	0	0	0
1	1	1	1	0	0	0	0	0	0	0	0	0	0	0	1	1	1	1	1	1	1	1	1
0	0	0	0	0	0	0	1	1	1	1	1	1	1	1	1	1	1	1	1	1	1	1	1
0	0	0	0	0	0	0	0	0	0	0	0	0	0	0	0	0	0	1	1	1	1	1	0
0	0	0	0	0	0	0	0	0	0	0	0	0	0	0	0	0	0	0	0	0	0	0	0
0	0	0	0	0	0	0	0	0	0	0	0	0	0	0	0	0	0	0	0	0	0	0	0
0	0	0	0	0	0	0	0	0	0	0	0	0	0	0	0	0	0	0	0	0	0	0	0
0	0	0	0	0	0	0	1	1	1	1	1	1	1	1	1	1	1	1	1	1	1	1	1
1	1	0	0	0	0	0	0	0	0	1	1	1	1	1	1	1	1	1	1	1	1	1	1
0	0	0	0	0	0	0	0	0	0	0	0	0	0	0	0	0	0	1	1	1	0	0	0
0	0	0	0	0	0	0	0	0	0	0	0	0	0	0	0	0	0	1	1	1	0	0	0
0	0	0	0	0	0	0	0	0	0	0	0	0	0	0	0	0	0	0	0	0	0	0	0
0	0	0	0	0	0	0	0	0	0	0	0	0	0	0	0	0	0	1	1	1	0	0	0
0	0	0	0	0	0	0	0	0	0	0	0	0	0	0	0	0	0	0	0	0	0	0	0
0	0	0	0	0	0	0	0	0	0	0	0	0	0	0	0	0	0	1	1	1	0	0	0
0	0	0	0	0	0	0	0	0	0	0	0	0	0	0	0	0	0	1	1	1	0	0	0
0	0	0	0	0	0	0	0	0	0	0	0	0	0	0	0	0	0	0	0	0	0	0	0
1	1	1	1	1	1	1	1	1	1	1	1	1	1	1	1	1	1	1	1	1	1	1	1
0	0	0	0	0	0	0	1	1	1	1	1	1	1	1	1	1	1	1	1	1	1	0	0
0	0	0	0	0	0	0	0	0	0	0	0	0	0	0	0	0	0	0	0	0	0	0	0
0	0	0	0	0	0	0	0	0	0	0	0	0	0	0	0	0	0	0	0	0	0	0	0
0	0	0	0	0	0	0	1	1	1	1	1	1	1	1	0	0	0	0	0	0	0	0	0
0	0	0	0	0	0	0	1	1	1	1	1	1	1	1	1	1	1	1	1	1	1	1	1
0	0	0	0	0	0	0	0	0	0	0	0	0	0	0	0	0	0	0	0	0	0	0	0
1	1	1	1	1	1	1	1	1	1	1	1	1	1	1	1	1	1	1	1	1	1	1	1
1	1	1	1	1	1	1	1	1	1	1	1	1	1	1	1	1	1	1	1	1	1	1	1
1	1	1	1	1	1	1	1	1	1	1	1	1	1	1	1	1	1	1	1	1	1	1	1
1	1	0	0	0	0	0	1	1	1	1	0	0	0	0	0	0	0	0	0	0	0	0	0
0	0	0	0	0	0	0	0	0	0	0	0	0	0	0	0	0	0	1	1	1	1	1	0
0	0	0	0	0	0	0	0	0	0	0	0	0	0	0	0	0	0	0	0	0	0	0	0
0	0	0	0	0	0	0	0	0	0	0	0	0	0	0	0	0	0	0	0	0	0	0	0
0	0	0	0	0	0	0	0	0	0	0	0	0	0	0	0	0	0	0	0	0	0	0	0
0	0	0	0	0	0	0	0	0	0	0	0	0	0	0	0	0	0	0	0	0	0	0	0
1	0	0	0	0	0	0	0	0	1	1	1	1	1	1	1	1	1	1	1	1	1	1	1
0	0	0	0	0	0	0	0	0	0	0	0	0	0	0	0	0	0	0	0	0	0	0	0
0	0	0	0	0	0	0	0	0	0	0	0	0	0	0	0	0	0	0	0	0	0	0	0
0	0	0	0	0	0	0	1	1	1	1	1	1	1	1	1	1	1	1	1	1	1	1	1
0	0	0	0	0	0	0	1	1	1	1	1	1	1	1	1	1	1	1	1	1	1	1	1
0	0	0	0	0	0	0	0	0	0	0	0	0	0	0	0	0	0	0	0	0	0	0	0
0	1	0	0	0	0	0	0	0	0	0	0	1	0	0	0	0	0	0	0	0	0	0	0
0	0	0	0	0	0	0	1	1	1	1	1	1	1	1	1	1	1	1	1	1	1	1	1
0	0	0	0	0	0	0	1	1	1	1	1	1	1	1	1	1	1	1	1	1	1	1	1
0	0	0	0	0	0	0	1	1	1	1	1	1	1	1	1	1	1	1	1	1	1	1	1
0	0	0	0	0	0	0	0	0	0	0	0	0	0	0	0	0	0	0	0	0	0	0	0
0	0	0	0	0	0	0	0	0	0	0	0	0	0	0	0	0	0	0	0	0	0	0	0
0	0	0	0	0	0	0	0	0	0	0	0	0	0	0	0	0	0	0	0	0	0	0	0
0	0	0	0	0	0	0	0	0	0	0	0	0	0	0	0	0	0	0	0	0	0	0	0
1	1	0	0	0	0	0	0	0	0	0	0	0	0	0	0	0	0	0	0	0	0	0	0
0	0	0	0	0	0	0	0	0	0	0	0	0	0	0	0	0	0	0	0	0	0	0	0
0	0	0	0	0	0	0	0	0	0	0	0	0	0	0	0	0	0	0	0	0	0	0	0
0	0	0	0	0	0	0	0	0	0	0	0	0	0	0	0	0	0	0	0	0	0	0	0
1	1	0	0	0	0	0	0	1	1	1	0	0	0	0	0	0	0	0	0	0	0	0	0
 
list 2: units dispatching power in scenario NO.1
0.0	0.0	0.0	0.0	0.0	0.0	0.0	0.0	0.0	0.0	0.0	0.0	0.0	0.0	0.0	0.0	0.0	0.0	0.0	0.0	0.0	0.0	0.0	0.0
0.0	0.0	0.0	0.0	0.0	0.0	0.0	0.0	0.0	0.0	0.0	0.0	0.0	0.0	0.0	0.0	0.0	0.0	0.0	0.0	0.0	0.0	0.0	0.0
0.0	0.0	0.0	0.0	0.0	0.0	0.0	0.0	0.0	0.0	0.0	0.0	0.0	0.0	0.0	0.0	0.0	0.0	0.0	0.0	0.0	0.0	0.0	0.0
2.6999999632094753	2.0999999818270623	1.5	0.0	0.0	0.0	0.0	0.0	0.0	0.0	0.0	1.5	2.099999996331347	2.699999966056657	2.9999999366529226	2.9999999383546028	2.999999938447919	2.999999940332356	2.9999999388755576	2.999999993840235	2.999999939108257	2.999999968677941	2.9189135580840557	2.6999999537741495
0.0	0.0	0.0	0.0	0.0	0.0	0.0	1.0	1.5999999983338906	2.1999999899732674	2.7999996134345144	2.9999999907876784	2.999999990179969	2.5775729208042235	2.356804402607957	2.7626099881244564	2.786317911446805	2.9999965223055534	2.979072373853521	2.999999993144696	2.79999623919883	2.19999959597243	1.5999996263482108	1.0
0.0	0.0	0.0	0.0	0.0	0.0	0.0	0.0	0.0	0.0	0.0	0.0	0.0	0.0	0.0	0.0	0.0	0.0	0.1	0.11997016384312553	0.10000001029297001	0.10000001151832871	0.1	0.0
0.0	0.0	0.0	0.0	0.0	0.0	0.0	0.0	0.0	0.0	0.0	0.0	0.0	0.0	0.0	0.0	0.0	0.0	0.0	0.0	0.0	0.0	0.0	0.0
0.0	0.0	0.0	0.0	0.0	0.0	0.0	0.0	0.0	0.0	0.0	0.0	0.0	0.0	0.0	0.0	0.0	0.0	0.0	0.0	0.0	0.0	0.0	0.0
0.0	0.0	0.0	0.0	0.0	0.0	0.0	0.0	0.0	0.0	0.0	0.0	0.0	0.0	0.0	0.0	0.0	0.0	0.0	0.0	0.0	0.0	0.0	0.0
2.799999957888918	2.19999997662062	1.5999999950122543	1.00000000642683	1.0000000054112326	1.0000000057525893	1.5999999743205362	1.8000000054406087	2.4000000036447795	2.9999999807249544	2.9999999431460207	2.999999992001377	2.9999999915472184	2.9999999376011948	2.9999999366537455	2.999999938354465	2.999999938447781	2.999999940332228	2.9999999388753658	2.999999993840233	2.99999993910812	2.999999968677742	2.7999972750847464	2.1999999564122863
1.69999995562299	1.0	0.0	0.0	0.0	0.0	0.0	0.0	0.0	0.0	1.0	1.6999999976458162	2.3999999927661486	2.5775714410798205	2.3568037971851945	2.762613133796947	2.7863218368554286	3.2713644772384436	2.9794376882921254	3.4999999931199364	2.957639347816486	2.855944206652137	2.155944238584458	2.196909908998342
0.0	0.0	0.0	0.0	0.0	0.0	0.0	0.0	0.0	0.0	0.0	0.0	0.0	0.0	0.0	0.0	0.0	0.0	0.08	0.11996834197630593	0.08	0.0	0.0	0.0
0.0	0.0	0.0	0.0	0.0	0.0	0.0	0.0	0.0	0.0	0.0	0.0	0.0	0.0	0.0	0.0	0.0	0.0	0.08	0.11996834197630593	0.08	0.0	0.0	0.0
0.0	0.0	0.0	0.0	0.0	0.0	0.0	0.0	0.0	0.0	0.0	0.0	0.0	0.0	0.0	0.0	0.0	0.0	0.0	0.0	0.0	0.0	0.0	0.0
0.0	0.0	0.0	0.0	0.0	0.0	0.0	0.0	0.0	0.0	0.0	0.0	0.0	0.0	0.0	0.0	0.0	0.0	0.08	0.11996834197630593	0.08	0.0	0.0	0.0
0.0	0.0	0.0	0.0	0.0	0.0	0.0	0.0	0.0	0.0	0.0	0.0	0.0	0.0	0.0	0.0	0.0	0.0	0.0	0.0	0.0	0.0	0.0	0.0
0.0	0.0	0.0	0.0	0.0	0.0	0.0	0.0	0.0	0.0	0.0	0.0	0.0	0.0	0.0	0.0	0.0	0.0	0.08	0.11996834197630593	0.08	0.0	0.0	0.0
0.0	0.0	0.0	0.0	0.0	0.0	0.0	0.0	0.0	0.0	0.0	0.0	0.0	0.0	0.0	0.0	0.0	0.0	0.08	0.11996834197630593	0.08	0.0	0.0	0.0
0.0	0.0	0.0	0.0	0.0	0.0	0.0	0.0	0.0	0.0	0.0	0.0	0.0	0.0	0.0	0.0	0.0	0.0	0.0	0.0	0.0	0.0	0.0	0.0
1.9769058400645472	1.4769058824486054	0.9999999315736781	0.500000005402454	0.5000000052736533	0.5000000054350734	0.999999945320116	1.4999996354941758	1.999999633789904	2.499999624322221	2.397070122950802	2.4999999906275447	2.499999989997799	2.1796433867497766	2.1472077217011414	2.2068293198149664	2.210312226360883	2.2815752244834497	2.238684081744853	2.499999993056402	2.2354822474641702	2.419119034259528	1.9191190693948552	2.123716516264349
0.0	0.0	0.0	0.0	0.0	0.0	0.0	0.5	0.999999997324962	1.4230461488218986	0.9668126050046814	1.4668125950700222	1.1611577972175862	0.6611578076881305	0.500000032682902	0.5000000329959788	0.5000000330138468	0.5000000333911334	0.590113998491974	1.0901139877217614	0.5901139985065172	0.5	0.0	0.0
0.0	0.0	0.0	0.0	0.0	0.0	0.0	0.0	0.0	0.0	0.0	0.0	0.0	0.0	0.0	0.0	0.0	0.0	0.0	0.0	0.0	0.0	0.0	0.0
0.0	0.0	0.0	0.0	0.0	0.0	0.0	0.0	0.0	0.0	0.0	0.0	0.0	0.0	0.0	0.0	0.0	0.0	0.0	0.0	0.0	0.0	0.0	0.0
0.0	0.0	0.0	0.0	0.0	0.0	0.0	0.5	0.8999999973675583	1.2999996981415505	1.0168121987287755	1.4168121889261225	1.1111577574011329	0.711157767725147	0.5	0.0	0.0	0.0	0.0	0.0	0.0	0.0	0.0	0.0
0.0	0.0	0.0	0.0	0.0	0.0	0.0	0.5	0.8999999984087167	1.2999999909596167	1.6999998641452472	1.9999999908535664	1.9999999902549195	1.99999701988134	1.9998761160537664	1.9999981296846496	1.9999982132229035	1.99999906702761	1.9999984782134257	1.999999993181296	1.999998634497554	1.9999996820227122	1.599999720203843	1.2999998513329003
0.0	0.0	0.0	0.0	0.0	0.0	0.0	0.0	0.0	0.0	0.0	0.0	0.0	0.0	0.0	0.0	0.0	0.0	0.0	0.0	0.0	0.0	0.0	0.0
3.51999995488661	2.67999997448087	1.839999994300749	1.0000000063627346	1.000000005411233	1.0000000057439606	1.839999973507742	2.5200000009130177	3.359999999124746	4.199999978799588	4.199999936015069	4.199999991873967	4.199999991404801	4.199999928905127	4.199999927672583	4.19999992988134	4.199999930002047	4.19999993242891	4.199999930554112	4.199999993764948	4.199999930854732	4.199999966218945	3.360001341507097	4.199999924871101
1.8400003175643276	1.0000003625316758	1.0059028576161695	1.0000000050876918	1.0000000050876894	1.000000005087691	1.098381187358171	1.936819674654385	2.776819672965402	3.616819664190664	4.057478115856872	4.199999990678977	4.1999999899560105	3.3600004874884664	2.5200032711682687	2.7626144185794668	2.7863214902264324	3.2713695985630022	3.360001072820816	4.199999993040357	3.360001164275722	2.9259448692458117	2.0859449013293707	2.1969118987270573
2.599999958833873	1.9999999773387622	1.3999999952984137	0.8000000064630315	0.8000000054176178	0.8000000057670476	1.3999999750005616	1.8000000054371967	2.4000000036413702	2.9999999807248443	2.9999999431459896	2.999999992001376	2.9999999915472175	2.9999999376011557	2.9999999366537047	2.999999938354428	2.9999999384477434	2.9999999403321933	2.9999999388753142	2.999999993840233	2.9999999391080827	2.9999999686773897	2.5999990007732534	1.9999999578822198
0.30000001889834	0.3	0.0	0.0	0.0	0.0	0.0	0.3	0.7999999927274581	0.3000000474157122	0.3000000170164207	0.3	0.0	0.0	0.0	0.0	0.0	0.0	0.0	0.0	0.0	0.0	0.0	0.0
0.0	0.0	0.0	0.0	0.0	0.0	0.0	0.0	0.0	0.0	0.0	0.0	0.0	0.0	0.0	0.0	0.0	0.0	0.1	0.11997016384312553	0.10000001029297001	0.10000001151832871	0.1	0.0
0.0	0.0	0.0	0.0	0.0	0.0	0.0	0.0	0.0	0.0	0.0	0.0	0.0	0.0	0.0	0.0	0.0	0.0	0.0	0.0	0.0	0.0	0.0	0.0
0.0	0.0	0.0	0.0	0.0	0.0	0.0	0.0	0.0	0.0	0.0	0.0	0.0	0.0	0.0	0.0	0.0	0.0	0.0	0.0	0.0	0.0	0.0	0.0
0.0	0.0	0.0	0.0	0.0	0.0	0.0	0.0	0.0	0.0	0.0	0.0	0.0	0.0	0.0	0.0	0.0	0.0	0.0	0.0	0.0	0.0	0.0	0.0
0.0	0.0	0.0	0.0	0.0	0.0	0.0	0.0	0.0	0.0	0.0	0.0	0.0	0.0	0.0	0.0	0.0	0.0	0.0	0.0	0.0	0.0	0.0	0.0
2.099999953895933	1.5	0.0	0.0	0.0	0.0	0.0	0.0	0.0	0.0	1.5	2.099999997637595	2.699999992742779	2.577571336896507	2.356804813659723	2.762610200344053	2.7863181170031197	2.999996522386697	2.9790714058050662	2.9999999931447032	2.9576089023568866	2.8059430841169233	2.205943115942911	2.0999947841822153
0.0	0.0	0.0	0.0	0.0	0.0	0.0	0.0	0.0	0.0	0.0	0.0	0.0	0.0	0.0	0.0	0.0	0.0	0.0	0.0	0.0	0.0	0.0	0.0
0.0	0.0	0.0	0.0	0.0	0.0	0.0	0.0	0.0	0.0	0.0	0.0	0.0	0.0	0.0	0.0	0.0	0.0	0.0	0.0	0.0	0.0	0.0	0.0
0.0	0.0	0.0	0.0	0.0	0.0	0.0	1.0	1.5999999983338906	2.1999999899732674	2.7999996134345144	2.9999999907876784	2.999999990179969	2.5775729208042235	2.356804402607957	2.7626099881244564	2.7863179114468046	2.999996522305554	2.9790723738535227	2.9999999931446966	2.79999623919883	2.19999959597243	1.5999996263482108	1.0
0.0	0.0	0.0	0.0	0.0	0.0	0.0	0.0	0.0	0.0	0.0	0.0	0.0	0.0	0.0	0.0	0.0	0.0	0.0	0.0	0.0	0.0	0.0	0.0
0.0	0.0	0.0	0.0	0.0	0.0	0.0	0.0	0.0	0.0	0.0	0.0	0.0	0.0	0.0	0.0	0.0	0.0	0.0	0.0	0.0	0.0	0.0	0.0
0.0	0.0	0.0	0.0	0.0	0.0	0.0	0.0	0.0	0.0	0.0	0.0	0.2	0.0	0.0	0.0	0.0	0.0	0.0	0.0	0.0	0.0	0.0	0.0
0.0	0.0	0.0	0.0	0.0	0.0	0.0	1.0	1.5999999985751114	2.1999999932174807	2.7999999653074226	2.999999992001368	2.9999999915472184	2.9999999376011948	2.9999999366537455	2.999999938354465	2.999999938447781	2.999999940332228	2.999999938875366	2.999999993840233	2.99999993910812	2.999999968677742	2.7999972750847464	2.1999999564122863
0.0	0.0	0.0	0.0	0.0	0.0	0.0	1.0	1.5999999983338906	2.1999999899732674	2.7999996134345144	2.9999999907876784	2.999999990179969	2.5775729208042235	2.356804402607957	2.7626099881244564	2.7863179114468046	2.9999965223055534	2.979072373853527	2.999999993144696	2.79999623919883	2.19999959597243	1.5999996263482108	1.0
0.0	0.0	0.0	0.0	0.0	0.0	0.0	1.0	1.5999999985751114	2.1999999932174807	2.7999999653074226	2.999999992001368	2.9999999915472184	2.9999999376011948	2.9999999366537455	2.999999938354465	2.999999938447781	2.999999940332228	2.999999938875366	2.999999993840233	2.99999993910812	2.999999968677742	2.7999972750847464	2.1999999564122863
0.0	0.0	0.0	0.0	0.0	0.0	0.0	0.0	0.0	0.0	0.0	0.0	0.0	0.0	0.0	0.0	0.0	0.0	0.0	0.0	0.0	0.0	0.0	0.0
0.0	0.0	0.0	0.0	0.0	0.0	0.0	0.0	0.0	0.0	0.0	0.0	0.0	0.0	0.0	0.0	0.0	0.0	0.0	0.0	0.0	0.0	0.0	0.0
0.0	0.0	0.0	0.0	0.0	0.0	0.0	0.0	0.0	0.0	0.0	0.0	0.0	0.0	0.0	0.0	0.0	0.0	0.0	0.0	0.0	0.0	0.0	0.0
0.0	0.0	0.0	0.0	0.0	0.0	0.0	0.0	0.0	0.0	0.0	0.0	0.0	0.0	0.0	0.0	0.0	0.0	0.0	0.0	0.0	0.0	0.0	0.0
0.0	0.0	0.0	0.0	0.0	0.0	0.0	0.0	0.0	0.0	0.0	0.0	0.0	0.0	0.0	0.0	0.0	0.0	0.0	0.0	0.0	0.0	0.0	0.0
0.0	0.0	0.0	0.0	0.0	0.0	0.0	0.0	0.0	0.0	0.0	0.0	0.0	0.0	0.0	0.0	0.0	0.0	0.0	0.0	0.0	0.0	0.0	0.0
0.0	0.0	0.0	0.0	0.0	0.0	0.0	0.0	0.0	0.0	0.0	0.0	0.0	0.0	0.0	0.0	0.0	0.0	0.0	0.0	0.0	0.0	0.0	0.0
0.0	0.0	0.0	0.0	0.0	0.0	0.0	0.0	0.0	0.0	0.0	0.0	0.0	0.0	0.0	0.0	0.0	0.0	0.0	0.0	0.0	0.0	0.0	0.0
0.25	0.25	0.0	0.0	0.0	0.0	0.0	0.0	0.25	0.25000001268134026	0.25	0.0	0.0	0.0	0.0	0.0	0.0	0.0	0.0	0.0	0.0	0.0	0.0	0.0
0.0	0.0	0.0	0.0	0.0	0.0	0.0	0.0	0.0	0.0	0.0	0.0	0.0	0.0	0.0	0.0	0.0	0.0	0.0	0.0	0.0	0.0	0.0	0.0
0.0	0.0	0.0	0.0	0.0	0.0	0.0	0.0	0.0	0.0	0.0	0.0	0.0	0.0	0.0	0.0	0.0	0.0	0.0	0.0	0.0	0.0	0.0	0.0
0.0	0.0	0.0	0.0	0.0	0.0	0.0	0.0	0.0	0.0	0.0	0.0	0.0	0.0	0.0	0.0	0.0	0.0	0.0	0.0	0.0	0.0	0.0	0.0
2.999999962072258	2.50255121323109	2.099999968351077	1.5	0.0	0.0	0.0	0.0	0.0	0.0	0.0	0.0	0.0	0.0	0.0	1.5	2.099999985700184	2.6999999567131736	2.9999999388743914	2.999999993840235	2.999999939108257	2.999999968677941	2.918913558091033	2.6999999537741495
0.0	0.0	0.0	0.0	0.0	0.0	0.0	1.0	1.5999999983338906	2.1999999899732674	2.7999996134345144	2.9999999907876784	2.999999990179969	2.5775729208042226	2.3568044026079504	2.7626099881242627	2.786317911446249	2.999996522305274	2.9790720804921293	2.9999999931447014	2.9576090062142804	2.7981301632946263	2.198130195425926	1.5999987346834024
0.0	0.0	0.0	0.0	0.0	0.0	0.0	0.0	0.0	0.0	0.0	0.0	0.0	0.0	0.0	0.0	0.0	0.0	0.1	0.11997016384312553	0.10000001029297001	0.10000001151832871	0.1	0.0
0.0	0.0	0.0	0.0	0.0	0.0	0.0	0.0	0.0	0.0	0.0	0.0	0.0	0.0	0.0	0.0	0.0	0.0	0.0	0.0	0.0	0.0	0.0	0.0
0.0	0.0	0.0	0.0	0.0	0.0	0.0	0.0	0.0	0.0	0.0	0.0	0.0	0.0	0.0	0.0	0.0	0.0	0.0	0.0	0.0	0.0	0.0	0.0
0.0	0.0	0.0	0.0	0.0	0.0	0.0	0.0	0.0	0.0	0.0	0.0	0.0	0.0	0.0	0.0	0.0	0.0	0.0	0.0	0.0	0.0	0.0	0.0
0.0	0.0	0.0	0.0	0.0	0.0	0.0	1.0	1.5999999985751114	2.1999999932174807	2.7999999653074226	2.999999992001368	2.9999999915472184	2.9999999376011948	2.9999999366537455	2.999999938354465	2.999999938447781	2.999999940332228	2.999999938875366	2.999999993840233	2.99999993910812	2.999999968677742	2.7999972750847464	2.1999999564122863
1.69999995562299	1.0	0.0	0.0	0.0	0.0	0.0	0.0	0.0	0.0	1.0	1.6999999976458162	2.3999999927661486	2.5775714410798205	2.3568037971851945	2.762613133796947	2.7863218368554286	3.2713644772384436	2.9794376882921254	3.4999999931199364	2.957639347816486	2.855944206652119	2.155944238584439	2.196909908998342
0.0	0.0	0.0	0.0	0.0	0.0	0.0	0.0	0.0	0.0	0.0	0.0	0.0	0.0	0.0	0.0	0.0	0.0	0.08	0.11996834197630593	0.08	0.0	0.0	0.0
0.0	0.0	0.0	0.0	0.0	0.0	0.0	0.0	0.0	0.0	0.0	0.0	0.0	0.0	0.0	0.0	0.0	0.0	0.08	0.11996834197630593	0.08	0.0	0.0	0.0
0.0	0.0	0.0	0.0	0.0	0.0	0.0	0.0	0.0	0.0	0.0	0.0	0.0	0.0	0.0	0.0	0.0	0.0	0.0	0.0	0.0	0.0	0.0	0.0
0.0	0.0	0.0	0.0	0.0	0.0	0.0	0.0	0.0	0.0	0.0	0.0	0.0	0.0	0.0	0.0	0.0	0.0	0.08	0.11996834197630593	0.08	0.0	0.0	0.0
0.0	0.0	0.0	0.0	0.0	0.0	0.0	0.0	0.0	0.0	0.0	0.0	0.0	0.0	0.0	0.0	0.0	0.0	0.0	0.0	0.0	0.0	0.0	0.0
0.0	0.0	0.0	0.0	0.0	0.0	0.0	0.0	0.0	0.0	0.0	0.0	0.0	0.0	0.0	0.0	0.0	0.0	0.08	0.11996834197630593	0.08	0.0	0.0	0.0
0.0	0.0	0.0	0.0	0.0	0.0	0.0	0.0	0.0	0.0	0.0	0.0	0.0	0.0	0.0	0.0	0.0	0.0	0.08	0.11996834197630593	0.08	0.0	0.0	0.0
0.0	0.0	0.0	0.0	0.0	0.0	0.0	0.0	0.0	0.0	0.0	0.0	0.0	0.0	0.0	0.0	0.0	0.0	0.0	0.0	0.0	0.0	0.0	0.0
1.9769057980836153	1.4769058404679682	0.9999999315711101	0.5000000054024533	0.5000000052736533	0.500000005435076	0.9999999453189323	1.4999996354978393	1.9999996337935682	2.499999624325901	2.397070122950578	2.4999999906275443	2.499999989997799	2.1796433867497758	2.147207721701137	2.2068293198149664	2.210312226360883	2.28157522448345	2.2386840817448523	2.4999999930564014	2.2354822474641702	2.419119034259528	1.919119069394855	2.1237165162643494
0.0	0.0	0.0	0.0	0.0	0.0	0.0	0.5	0.999999997324962	1.4230461488218988	0.9668126050046815	1.4668125950700222	1.1611577972175864	0.6611578076881304	0.500000032682902	0.5000000329959788	0.5000000330138468	0.5000000333911334	0.590113998491974	1.0901139877217614	0.5901139985065171	0.5	0.0	0.0
0.0	0.0	0.0	0.0	0.0	0.0	0.0	0.0	0.0	0.0	0.0	0.0	0.0	0.0	0.0	0.0	0.0	0.0	0.0	0.0	0.0	0.0	0.0	0.0
0.0	0.0	0.0	0.0	0.0	0.0	0.0	0.0	0.0	0.0	0.0	0.0	0.0	0.0	0.0	0.0	0.0	0.0	0.0	0.0	0.0	0.0	0.0	0.0
0.0	0.0	0.0	0.0	0.0	0.0	0.0	0.5	0.8999999973675583	1.2999996981415505	1.0168121987287755	1.4168121889261225	1.1111577574011329	0.711157767725147	0.5	0.0	0.0	0.0	0.0	0.0	0.0	0.0	0.0	0.0
0.0	0.0	0.0	0.0	0.0	0.0	0.0	0.5	0.8999999984087167	1.2999999909596167	1.6999998641452472	1.9999999908535666	1.9999999902549195	1.9999970198808652	1.999876113232135	1.9999981296846243	1.9999982132229328	1.9999990670276167	1.999998478343369	1.9999999931812518	1.699999766519697	1.2999999466097298	0.8999999676366096	0.5
0.0	0.0	0.0	0.0	0.0	0.0	0.0	0.0	0.0	0.0	0.0	0.0	0.0	0.0	0.0	0.0	0.0	0.0	0.0	0.0	0.0	0.0	0.0	0.0
3.5199999548866097	2.67999997448087	1.839999994300749	1.0000000063627346	1.000000005411233	1.0000000057439606	1.839999973507742	2.5200000009130177	3.359999999124746	4.199999978799588	4.199999936015069	4.199999991873967	4.199999991404801	4.199999928905127	4.199999927672583	4.19999992988134	4.199999930002047	4.19999993242891	4.199999930554112	4.199999993764948	4.199999930854732	4.199999966218945	3.3600013415070973	4.199999924871101
1.8400003175643276	1.0000003625316758	1.0059028576161695	1.0000000050876918	1.0000000050876894	1.000000005087691	1.0983811873581706	1.936819674654385	2.776819672965402	3.616819664190664	4.057478115856872	4.199999990678977	4.1999999899560105	3.3600004874884664	2.5200032711682687	2.7626144185794663	2.7863214902264324	3.2713695985630022	3.360001072820816	4.199999993040357	3.360001164275722	2.9259448692458117	2.0859449013293707	2.1969118987270573
2.599999958833873	1.9999999773387622	1.3999999952984137	0.8000000064630315	0.8000000054176178	0.8000000057670476	1.3999999750005616	1.8000000054371967	2.4000000036413702	2.9999999807248443	2.9999999431459896	2.999999992001376	2.9999999915472175	2.9999999376011557	2.9999999366537047	2.999999938354428	2.9999999384477434	2.9999999403321933	2.9999999388753142	2.999999993840233	2.9999999391080827	2.9999999686773897	2.5999990007732534	1.9999999578822198
0.30000001889834	0.3	0.0	0.0	0.0	0.0	0.0	0.3	0.7999999927274581	0.3000000474157122	0.3	0.0	0.0	0.0	0.0	0.0	0.0	0.0	0.0	0.0	0.0	0.0	0.0	0.0
0.0	0.0	0.0	0.0	0.0	0.0	0.0	0.0	0.0	0.0	0.0	0.0	0.0	0.0	0.0	0.0	0.0	0.0	0.1	0.11997016384312553	0.10000001029297001	0.10000001151832871	0.1	0.0
0.0	0.0	0.0	0.0	0.0	0.0	0.0	0.0	0.0	0.0	0.0	0.0	0.0	0.0	0.0	0.0	0.0	0.0	0.0	0.0	0.0	0.0	0.0	0.0
0.0	0.0	0.0	0.0	0.0	0.0	0.0	0.0	0.0	0.0	0.0	0.0	0.0	0.0	0.0	0.0	0.0	0.0	0.0	0.0	0.0	0.0	0.0	0.0
0.0	0.0	0.0	0.0	0.0	0.0	0.0	0.0	0.0	0.0	0.0	0.0	0.0	0.0	0.0	0.0	0.0	0.0	0.0	0.0	0.0	0.0	0.0	0.0
0.0	0.0	0.0	0.0	0.0	0.0	0.0	0.0	0.0	0.0	0.0	0.0	0.0	0.0	0.0	0.0	0.0	0.0	0.0	0.0	0.0	0.0	0.0	0.0
1.5	0.0	0.0	0.0	0.0	0.0	0.0	0.0	0.0	1.5	2.0999999954927966	2.6999999909000145	2.99999999017995	2.5775731986135257	2.3568048142087106	2.7626102009651645	2.786318116996922	2.9999965223864344	2.979071411930294	2.9999999931447032	2.9576089024055117	2.8059430841168664	2.205943115942854	2.099994784182215
0.0	0.0	0.0	0.0	0.0	0.0	0.0	0.0	0.0	0.0	0.0	0.0	0.0	0.0	0.0	0.0	0.0	0.0	0.0	0.0	0.0	0.0	0.0	0.0
0.0	0.0	0.0	0.0	0.0	0.0	0.0	0.0	0.0	0.0	0.0	0.0	0.0	0.0	0.0	0.0	0.0	0.0	0.0	0.0	0.0	0.0	0.0	0.0
0.0	0.0	0.0	0.0	0.0	0.0	0.0	1.0	1.5999999983338906	2.1999999899732674	2.7999996134345144	2.9999999907876784	2.999999990179969	2.5775729208042226	2.356804402607951	2.7626099881242627	2.7863179114462486	2.999996522305274	2.97907208049213	2.999999993144701	2.9576090062142804	2.7981301632946267	2.1981301954259265	1.5999987346834024
0.0	0.0	0.0	0.0	0.0	0.0	0.0	0.5	0.899999998592804	1.2999999934164481	1.6999999680521287	1.999999992104481	1.9999999916623439	1.9999999433731948	1.9999999425940167	1.9999999439942457	1.9999999440712783	1.9999999456314896	1.9999999444246994	1.9999999939015616	1.6999999548092553	1.299999981768627	0.8999999911584429	0.5
0.0	0.0	0.0	0.0	0.0	0.0	0.0	0.0	0.0	0.0	0.0	0.0	0.0	0.0	0.0	0.0	0.0	0.0	0.0	0.0	0.0	0.0	0.0	0.0
0.0	0.2	0.0	0.0	0.0	0.0	0.0	0.0	0.0	0.0	0.0	0.0	0.2	0.0	0.0	0.0	0.0	0.0	0.0	0.0	0.0	0.0	0.0	0.0
0.0	0.0	0.0	0.0	0.0	0.0	0.0	1.0	1.5999999985751114	2.1999999932174807	2.7999999653074226	2.999999992001368	2.9999999915472184	2.9999999376011948	2.9999999366537455	2.999999938354465	2.999999938447781	2.999999940332228	2.999999938875366	2.999999993840233	2.99999993910812	2.999999968677742	2.7999972750847464	2.1999999564122863
0.0	0.0	0.0	0.0	0.0	0.0	0.0	1.0	1.5999999983338906	2.1999999899732674	2.7999996134345144	2.9999999907876784	2.999999990179969	2.5775729208042226	2.3568044026079504	2.7626099881242627	2.786317911446249	2.999996522305274	2.979072080492129	2.999999993144701	2.9576090062142804	2.798130163294629	2.1981301954259287	1.5999987346834024
0.0	0.0	0.0	0.0	0.0	0.0	0.0	1.0	1.5999999985751114	2.1999999932174807	2.7999999653074226	2.999999992001368	2.9999999915472184	2.9999999376011948	2.9999999366537455	2.999999938354465	2.999999938447781	2.999999940332228	2.999999938875366	2.999999993840233	2.99999993910812	2.999999968677742	2.7999972750847464	2.1999999564122863
0.0	0.0	0.0	0.0	0.0	0.0	0.0	0.0	0.0	0.0	0.0	0.0	0.0	0.0	0.0	0.0	0.0	0.0	0.0	0.0	0.0	0.0	0.0	0.0
0.0	0.0	0.0	0.0	0.0	0.0	0.0	0.0	0.0	0.0	0.0	0.0	0.0	0.0	0.0	0.0	0.0	0.0	0.0	0.0	0.0	0.0	0.0	0.0
0.0	0.0	0.0	0.0	0.0	0.0	0.0	0.0	0.0	0.0	0.0	0.0	0.0	0.0	0.0	0.0	0.0	0.0	0.0	0.0	0.0	0.0	0.0	0.0
0.0	0.0	0.0	0.0	0.0	0.0	0.0	0.0	0.0	0.0	0.0	0.0	0.0	0.0	0.0	0.0	0.0	0.0	0.0	0.0	0.0	0.0	0.0	0.0
0.25	0.25	0.0	0.0	0.0	0.0	0.0	0.0	0.0	0.0	0.0	0.0	0.0	0.0	0.0	0.0	0.0	0.0	0.0	0.0	0.0	0.0	0.0	0.0
0.0	0.0	0.0	0.0	0.0	0.0	0.0	0.0	0.0	0.0	0.0	0.0	0.0	0.0	0.0	0.0	0.0	0.0	0.0	0.0	0.0	0.0	0.0	0.0
0.0	0.0	0.0	0.0	0.0	0.0	0.0	0.0	0.0	0.0	0.0	0.0	0.0	0.0	0.0	0.0	0.0	0.0	0.0	0.0	0.0	0.0	0.0	0.0
0.0	0.0	0.0	0.0	0.0	0.0	0.0	0.0	0.0	0.0	0.0	0.0	0.0	0.0	0.0	0.0	0.0	0.0	0.0	0.0	0.0	0.0	0.0	0.0
0.25	0.25	0.0	0.0	0.0	0.0	0.0	0.0	0.25	0.25000001268134026	0.25	0.0	0.0	0.0	0.0	0.0	0.0	0.0	0.0	0.0	0.0	0.0	0.0	0.0
 
list 3: spolied wind power
0.0	0.0	0.0	0.0	0.0	0.0	0.0	0.0	0.0	0.0	0.0	2.9314944946642487e-12	0.0	0.0	0.0	2.933365663888239e-12	0.0	0.0	0.0	0.0	0.0	0.0	0.0	0.0
0.0	0.0	0.0	0.0	0.0	0.0	0.0	0.0	0.0	0.0	0.0	0.0	0.0	0.0	0.0	0.0	0.0	0.0	0.0	0.0	0.0	0.0	0.0	0.0
 
list 4: forced load curtailments
0.0	0.0	0.0	0.0	0.0	0.0	0.0	0.0	0.0	0.0	0.0	0.0	0.0	0.0	0.0	0.0	0.0	0.0	0.0	0.0	0.0	0.0	0.0	0.0
0.0	0.0	0.0	0.0	0.0	0.0	0.0	0.0	0.0	0.0	0.0	0.0	0.0	0.0	0.0	0.0	0.0	0.0	0.0	0.0	0.0	0.0	0.0	0.0
0.0	0.0	0.0	0.0	0.0	0.0	0.0	0.0	0.0	0.0	0.0	0.0	0.0	0.0	0.0	0.0	0.0	0.0	0.0	0.0	0.0	0.0	0.0	0.0
0.0	0.0	0.0	0.0	0.0	0.0	0.0	0.0	0.0	0.0	0.0	0.0	0.0	0.0	0.0	0.0	0.0	0.0	0.0	0.0	0.0	0.0	0.0	0.0
0.0	0.0	0.0	0.0	0.0	0.0	0.0	0.0	0.0	0.0	0.0	0.0	0.0	0.0	0.0	0.0	0.0	0.0	0.0	0.0	0.0	0.0	0.0	0.0
0.0	0.0	0.0	0.0	0.0	0.0	0.0	0.0	0.0	0.0	0.0	0.0	0.0	0.0	0.0	0.0	0.0	0.0	0.0	0.0	0.0	0.0	0.0	0.0
0.0	0.0	0.0	0.0	0.0	0.0	0.0	0.0	0.0	0.0	0.0	0.0	0.0	0.0	0.0	0.0	0.0	0.0	0.0	0.0	0.0	0.0	0.0	0.0
0.0	0.0	0.0	0.0	0.0	0.0	0.0	0.0	0.0	0.0	0.0	0.0	0.0	0.0	0.0	0.0	0.0	0.0	0.0	0.0	0.0	0.0	0.0	0.0
0.0	0.0	0.0	0.0	0.0	0.0	0.0	0.0	0.0	0.0	0.0	0.0	0.0	0.0	0.0	0.0	0.0	0.0	0.0	0.0	0.0	0.0	0.0	0.0
0.0	0.0	0.0	0.0	0.0	0.0	0.0	0.0	0.0	0.0	0.0	0.0	0.0	0.0	0.0	0.0	0.0	0.0	0.0	0.0	0.0	0.0	0.0	0.0
0.0	0.0	0.0	0.0	0.0	0.0	0.0	0.0	0.0	0.0	0.0	0.0	0.0	0.0	0.0	0.0	0.0	0.0	0.0	0.0	0.0	0.0	0.0	0.0
0.0	0.0	0.0	0.0	0.0	0.0	0.0	0.0	0.0	0.0	0.0	0.0	0.0	0.0	0.0	0.0	0.0	0.0	0.0	0.0	0.0	0.0	0.0	0.0
0.0	0.0	0.0	0.0	0.0	0.0	0.0	0.0	0.0	0.0	0.0	0.0	0.0	0.0	0.0	0.0	0.0	0.0	0.0	0.0	0.0	0.0	0.0	0.0
0.0	0.0	0.0	0.0	0.0	0.0	0.0	0.0	0.0	0.0	0.0	0.0	0.0	0.0	0.0	0.0	0.0	0.0	0.0	0.0	0.0	0.0	0.0	0.0
0.0	0.0	0.0	0.0	0.0	0.0	0.0	0.0	0.0	0.0	0.0	0.0	0.0	0.0	0.0	0.0	0.0	0.0	0.0	0.0	0.0	0.0	0.0	0.0
0.0	0.0	0.0	0.0	0.0	0.0	0.0	0.0	0.0	0.0	0.0	0.0	0.0	0.0	0.0	0.0	0.0	0.0	0.0	0.0	0.0	0.0	0.0	0.0
0.0	0.0	0.0	0.0	0.0	0.0	0.0	0.0	0.0	0.0	0.0	0.0	0.0	0.0	0.0	0.0	0.0	0.0	0.0	0.0	0.0	0.0	0.0	0.0
0.0	0.0	0.0	0.0	0.0	0.0	0.0	0.0	0.0	0.0	0.0	0.0	0.0	0.0	0.0	0.0	0.0	0.0	0.0	0.0	0.0	0.0	0.0	0.0
0.0	0.0	0.0	0.0	0.0	0.0	0.0	0.0	0.0	0.0	0.0	0.0	0.0	0.0	0.0	0.0	0.0	0.0	0.0	0.0	0.0	0.0	0.0	0.0
0.0	0.0	0.0	0.0	0.0	0.0	0.0	0.0	0.0	0.0	0.0	0.0	0.0	0.0	0.0	0.0	0.0	0.0	0.0	0.0	0.0	0.0	0.0	0.0
0.0	0.0	0.0	0.0	0.0	0.0	0.0	0.0	0.0	0.0	0.0	0.0	0.0	0.0	0.0	0.0	0.0	0.0	0.0	0.0	0.0	0.0	0.0	0.0
0.0	0.0	0.0	0.0	0.0	0.0	0.0	0.0	0.0	0.0	0.0	0.0	0.0	0.0	0.0	0.0	0.0	0.0	0.0	0.0	0.0	0.0	0.0	0.0
0.0	0.0	0.0	0.0	0.0	0.0	0.0	0.0	0.0	0.0	0.0	0.0	0.0	0.0	0.0	0.0	0.0	0.0	0.0	0.0	0.0	0.0	0.0	0.0
0.0	0.0	0.0	0.0	0.0	0.0	0.0	0.0	0.0	0.0	0.0	0.0	0.0	0.0	0.0	0.0	0.0	0.0	0.0	0.0	0.0	0.0	0.0	0.0
0.0	0.0	0.0	0.0	0.0	0.0	0.0	0.0	0.0	0.0	0.0	0.0	0.0	0.0	0.0	0.0	0.0	0.0	0.0	0.0	0.0	0.0	0.0	0.0
0.0	0.0	0.0	0.0	0.0	0.0	0.0	0.0	0.0	0.0	0.0	0.0	0.0	0.0	0.0	0.0	0.0	0.0	0.0	0.0	0.0	0.0	0.0	0.0
0.0	0.0	0.0	0.0	0.0	0.0	0.0	0.0	0.0	0.0	0.0	0.0	0.0	0.0	0.0	0.0	0.0	0.0	0.0	0.0	0.0	0.0	0.0	0.0
0.0	0.0	0.0	0.0	0.0	0.0	0.0	0.0	0.0	0.0	0.0	0.0	0.0	0.0	0.0	0.0	0.0	0.0	0.0	0.0	0.0	0.0	0.0	0.0
0.0	0.0	0.0	0.0	0.0	0.0	0.0	0.0	0.0	0.0	0.0	0.0	0.0	0.0	0.0	0.0	0.0	0.0	0.0	0.0	0.0	0.0	0.0	0.0
0.0	0.0	0.0	0.0	0.0	0.0	0.0	0.0	0.0	0.0	0.0	0.0	0.0	0.0	0.0	0.0	0.0	0.0	0.0	0.0	0.0	0.0	0.0	0.0
0.0	0.0	0.0	0.0	0.0	0.0	0.0	0.0	0.0	0.0	0.0	0.0	0.0	0.0	0.0	0.0	0.0	0.0	0.0	0.0	0.0	0.0	0.0	0.0
0.0	0.0	0.0	0.0	0.0	0.0	0.0	0.0	0.0	0.0	0.0	0.0	0.0	0.0	0.0	0.0	0.0	0.0	0.0	0.0	0.0	0.0	0.0	0.0
0.0	0.0	0.0	0.0	0.0	0.0	0.0	0.0	0.0	0.0	0.0	0.0	0.0	0.0	0.0	0.0	0.0	0.0	0.0	0.0	0.0	0.0	0.0	0.0
0.0	0.0	0.0	0.0	0.0	0.0	0.0	0.0	0.0	0.0	0.0	0.0	0.0	0.0	0.0	0.0	0.0	0.0	0.0	0.0	0.0	0.0	0.0	0.0
0.0	0.0	0.0	0.0	0.0	0.0	0.0	0.0	0.0	0.0	0.0	0.0	0.0	0.0	0.0	0.0	0.0	0.0	0.0	0.0	0.0	0.0	0.0	0.0
0.0	0.0	0.0	0.0	0.0	0.0	0.0	0.0	0.0	0.0	0.0	0.0	0.0	0.0	0.0	0.0	0.0	0.0	0.0	0.0	0.0	0.0	0.0	0.0
0.0	0.0	0.0	0.0	0.0	0.0	0.0	0.0	0.0	0.0	0.0	0.0	0.0	0.0	0.0	0.0	0.0	0.0	0.0	0.0	0.0	0.0	0.0	0.0
0.0	0.0	0.0	0.0	0.0	0.0	0.0	0.0	0.0	0.0	0.0	0.0	0.0	0.0	0.0	0.0	0.0	0.0	0.0	0.0	0.0	0.0	0.0	0.0
0.0	0.0	0.0	0.0	0.0	0.0	0.0	0.0	0.0	0.0	0.0	0.0	0.0	0.0	0.0	0.0	0.0	0.0	0.0	0.0	0.0	0.0	0.0	0.0
0.0	0.0	0.0	0.0	0.0	0.0	0.0	0.0	0.0	0.0	0.0	0.0	0.0	0.0	0.0	0.0	0.0	0.0	0.0	0.0	0.0	0.0	0.0	0.0
0.0	0.0	0.0	0.0	0.0	0.0	0.0	0.0	0.0	0.0	0.0	0.0	0.0	0.0	0.0	0.0	0.0	0.0	0.0	0.0	0.0	0.0	0.0	0.0
0.0	0.0	0.0	0.0	0.0	0.0	0.0	0.0	0.0	0.0	0.0	0.0	0.0	0.0	0.0	0.0	0.0	0.0	0.0	0.0	0.0	0.0	0.0	0.0
0.0	0.0	0.0	0.0	0.0	0.0	0.0	0.0	0.0	0.0	0.0	0.0	0.0	0.0	0.0	0.0	0.0	0.0	0.0	0.0	0.0	0.0	0.0	0.0
0.0	0.0	0.0	0.0	0.0	0.0	0.0	0.0	0.0	0.0	0.0	0.0	0.0	0.0	0.0	0.0	0.0	0.0	0.0	0.0	0.0	0.0	0.0	0.0
0.0	0.0	0.0	0.0	0.0	0.0	0.0	0.0	0.0	0.0	0.0	0.0	0.0	0.0	0.0	0.0	0.0	0.0	0.0	0.0	0.0	0.0	0.0	0.0
0.0	0.0	0.0	0.0	0.0	0.0	0.0	0.0	0.0	0.0	0.0	0.0	0.0	0.0	0.0	0.0	0.0	0.0	0.0	0.0	0.0	0.0	0.0	0.0
0.0	0.0	0.0	0.0	0.0	0.0	0.0	0.0	0.0	0.0	0.0	0.0	0.0	0.0	0.0	0.0	0.0	0.0	0.0	0.0	0.0	0.0	0.0	0.0
0.0	0.0	0.0	0.0	0.0	0.0	0.0	0.0	0.0	0.0	0.0	0.0	0.0	0.0	0.0	0.0	0.0	0.0	0.0	0.0	0.0	0.0	0.0	0.0
0.0	0.0	0.0	0.0	0.0	0.0	0.0	0.0	0.0	0.0	0.0	0.0	0.0	0.0	0.0	0.0	0.0	0.0	0.0	0.0	0.0	0.0	0.0	0.0
0.0	0.0	0.0	0.0	0.0	0.0	0.0	0.0	0.0	0.0	0.0	0.0	0.0	0.0	0.0	0.0	0.0	0.0	0.0	0.0	0.0	0.0	0.0	0.0
0.0	0.0	0.0	0.0	0.0	0.0	0.0	0.0	0.0	0.0	0.0	0.0	0.0	0.0	0.0	0.0	0.0	0.0	0.0	0.0	0.0	0.0	0.0	0.0
0.0	0.0	0.0	0.0	0.0	0.0	0.0	0.0	0.0	0.0	0.0	0.0	0.0	0.0	0.0	0.0	0.0	0.0	0.0	0.0	0.0	0.0	0.0	0.0
0.0	0.0	0.0	0.0	0.0	0.0	0.0	0.0	0.0	0.0	0.0	0.0	0.0	0.0	0.0	0.0	0.0	0.0	0.0	0.0	0.0	0.0	0.0	0.0
0.0	0.0	0.0	0.0	0.0	0.0	0.0	0.0	0.0	0.0	0.0	0.0	0.0	0.0	0.0	0.0	0.0	0.0	0.0	0.0	0.0	0.0	0.0	0.0
0.0	0.0	0.0	0.0	0.0	0.0	0.0	0.0	0.0	0.0	0.0	0.0	0.0	0.0	0.0	0.0	0.0	0.0	0.0	0.0	0.0	0.0	0.0	0.0
0.0	0.0	0.0	0.0	0.0	0.0	0.0	0.0	0.0	0.0	0.0	0.0	0.0	0.0	0.0	0.0	0.0	0.0	0.0	0.0	0.0	0.0	0.0	0.0
0.0	0.0	0.0	0.0	0.0	0.0	0.0	0.0	0.0	0.0	0.0	0.0	0.0	0.0	0.0	0.0	0.0	0.0	0.0	0.0	0.0	0.0	0.0	0.0
0.0	0.0	0.0	0.0	0.0	0.0	0.0	0.0	0.0	0.0	0.0	0.0	0.0	0.0	0.0	0.0	0.0	0.0	0.0	0.0	0.0	0.0	0.0	0.0
0.0	0.0	0.0	0.0	0.0	0.0	0.0	0.0	0.0	0.0	0.0	0.0	0.0	0.0	0.0	0.0	0.0	0.0	0.0	0.0	0.0	0.0	0.0	0.0
0.0	0.0	0.0	0.0	0.0	0.0	0.0	0.0	0.0	0.0	0.0	0.0	0.0	0.0	0.0	0.0	0.0	0.0	0.0	0.0	0.0	0.0	0.0	0.0
0.0	0.0	0.0	0.0	0.0	0.0	0.0	0.0	0.0	0.0	0.0	0.0	0.0	0.0	0.0	0.0	0.0	0.0	0.0	0.0	0.0	0.0	0.0	0.0
0.0	0.0	0.0	0.0	0.0	0.0	0.0	0.0	0.0	0.0	0.0	0.0	0.0	0.0	0.0	0.0	0.0	0.0	0.0	0.0	0.0	0.0	0.0	0.0
0.0	0.0	0.0	0.0	0.0	0.0	0.0	0.0	0.0	0.0	0.0	0.0	0.0	0.0	0.0	0.0	0.0	0.0	0.0	0.0	0.0	0.0	0.0	0.0
0.0	0.0	0.0	0.0	0.0	0.0	0.0	0.0	0.0	0.0	0.0	0.0	0.0	0.0	0.0	0.0	0.0	0.0	0.0	0.0	0.0	0.0	0.0	0.0
0.0	0.0	0.0	0.0	0.0	0.0	0.0	0.0	0.0	0.0	0.0	0.0	0.0	0.0	0.0	0.0	0.0	0.0	0.0	0.0	0.0	0.0	0.0	0.0
0.0	0.0	0.0	0.0	0.0	0.0	0.0	0.0	0.0	0.0	0.0	0.0	0.0	0.0	0.0	0.0	0.0	0.0	0.0	0.0	0.0	0.0	0.0	0.0
0.0	0.0	0.0	0.0	0.0	0.0	0.0	0.0	0.0	0.0	0.0	0.0	0.0	0.0	0.0	0.0	0.0	0.0	0.0	0.0	0.0	0.0	0.0	0.0
0.0	0.0	0.0	0.0	0.0	0.0	0.0	0.0	0.0	0.0	0.0	0.0	0.0	0.0	0.0	0.0	0.0	0.0	0.0	0.0	0.0	0.0	0.0	0.0
0.0	0.0	0.0	0.0	0.0	0.0	0.0	0.0	0.0	0.0	0.0	0.0	0.0	0.0	0.0	0.0	0.0	0.0	0.0	0.0	0.0	0.0	0.0	0.0
0.0	0.0	0.0	0.0	0.0	0.0	0.0	0.0	0.0	0.0	0.0	0.0	0.0	0.0	0.0	0.0	0.0	0.0	0.0	0.0	0.0	0.0	0.0	0.0
0.0	0.0	0.0	0.0	0.0	0.0	0.0	0.0	0.0	0.0	0.0	0.0	0.0	0.0	0.0	0.0	0.0	0.0	0.0	0.0	0.0	0.0	0.0	0.0
0.0	0.0	0.0	0.0	0.0	0.0	0.0	0.0	0.0	0.0	0.0	0.0	0.0	0.0	0.0	0.0	0.0	0.0	0.0	0.0	0.0	0.0	0.0	0.0
0.0	0.0	0.0	0.0	0.0	0.0	0.0	0.0	0.0	0.0	0.0	0.0	0.0	0.0	0.0	0.0	0.0	0.0	0.0	0.0	0.0	0.0	0.0	0.0
0.0	0.0	0.0	0.0	0.0	0.0	0.0	0.0	0.0	0.0	0.0	0.0	0.0	0.0	0.0	0.0	0.0	0.0	0.0	0.0	0.0	0.0	0.0	0.0
0.0	0.0	0.0	0.0	0.0	0.0	0.0	0.0	0.0	0.0	0.0	0.0	0.0	0.0	0.0	0.0	0.0	0.0	0.0	0.0	0.0	0.0	0.0	0.0
0.0	0.0	0.0	0.0	0.0	0.0	0.0	0.0	0.0	0.0	0.0	0.0	0.0	0.0	0.0	0.0	0.0	0.0	0.0	0.0	0.0	0.0	0.0	0.0
0.0	0.0	0.0	0.0	0.0	0.0	0.0	0.0	0.0	0.0	0.0	0.0	0.0	0.0	0.0	0.0	0.0	0.0	0.0	0.0	0.0	0.0	0.0	0.0
0.0	0.0	0.0	0.0	0.0	0.0	0.0	0.0	0.0	0.0	0.0	0.0	0.0	0.0	0.0	0.0	0.0	0.0	0.0	0.0	0.0	0.0	0.0	0.0
0.0	0.0	0.0	0.0	0.0	0.0	0.0	0.0	0.0	0.0	0.0	0.0	0.0	0.0	0.0	0.0	0.0	0.0	0.0	0.0	0.0	0.0	0.0	0.0
0.0	0.0	0.0	0.0	0.0	0.0	0.0	0.0	0.0	0.0	0.0	0.0	0.0	0.0	0.0	0.0	0.0	0.0	0.0	0.0	0.0	0.0	0.0	0.0
0.0	0.0	0.0	0.0	0.0	0.0	0.0	0.0	0.0	0.0	0.0	0.0	0.0	0.0	0.0	0.0	0.0	0.0	0.0	0.0	0.0	0.0	0.0	0.0
0.0	0.0	0.0	0.0	0.0	0.0	0.0	0.0	0.0	0.0	0.0	0.0	0.0	0.0	0.0	0.0	0.0	0.0	0.0	0.0	0.0	0.0	0.0	0.0
0.0	0.0	0.0	0.0	0.0	0.0	0.0	0.0	0.0	0.0	0.0	0.0	0.0	0.0	0.0	0.0	0.0	0.0	0.0	0.0	0.0	0.0	0.0	0.0
0.0	0.0	0.0	0.0	0.0	0.0	0.0	0.0	0.0	0.0	0.0	0.0	0.0	0.0	0.0	0.0	0.0	0.0	0.0	0.0	0.0	0.0	0.0	0.0
0.0	0.0	0.0	0.0	0.0	0.0	0.0	0.0	0.0	0.0	0.0	0.0	0.0	0.0	0.0	0.0	0.0	0.0	0.0	0.0	0.0	0.0	0.0	0.0
0.0	0.0	0.0	0.0	0.0	0.0	0.0	0.0	0.0	0.0	0.0	0.0	0.0	0.0	0.0	0.0	0.0	0.0	0.0	0.0	0.0	0.0	0.0	0.0
0.0	0.0	0.0	0.0	0.0	0.0	0.0	0.0	0.0	0.0	0.0	0.0	0.0	0.0	0.0	0.0	0.0	0.0	0.0	0.0	0.0	0.0	0.0	0.0
0.0	0.0	0.0	0.0	0.0	0.0	0.0	0.0	0.0	0.0	0.0	0.0	0.0	0.0	0.0	0.0	0.0	0.0	0.0	0.0	0.0	0.0	0.0	0.0
0.0	0.0	0.0	0.0	0.0	0.0	0.0	0.0	0.0	0.0	0.0	0.0	0.0	0.0	0.0	0.0	0.0	0.0	0.0	0.0	0.0	0.0	0.0	0.0
0.0	0.0	0.0	0.0	0.0	0.0	0.0	0.0	0.0	0.0	0.0	0.0	0.0	0.0	0.0	0.0	0.0	0.0	0.0	0.0	0.0	0.0	0.0	0.0
0.0	0.0	0.0	0.0	0.0	0.0	0.0	0.0	0.0	0.0	0.0	0.0	0.0	0.0	0.0	0.0	0.0	0.0	0.0	0.0	0.0	0.0	0.0	0.0
 
 
list 10: sr⁺
0.0	0.0	0.0	0.0	0.0	0.0	0.0	0.0	0.0	0.0	0.0	0.0	0.0	0.0	0.0	0.0	0.0	0.0	0.0	0.0	0.0	0.0	0.0	0.0
0.0	0.0	0.0	0.0	0.0	0.0	0.0	0.0	0.0	0.0	0.0	0.0	0.0	0.0	0.0	0.0	0.0	0.0	0.0	0.0	0.0	0.0	0.0	0.0
0.0	0.0	0.0	0.0	0.0	0.0	0.0	0.0	0.0	0.0	0.0	0.0	0.0	0.0	0.0	0.0	0.0	0.0	0.0	0.0	0.0	0.0	0.0	0.0
0.09461007184392878	0.16583517693116048	0.18716525179976334	0.0	0.0	0.0	0.0	0.0	0.0	0.0	0.0	0.270597229577918	0.2269497431715975	0.08432888991544255	3.167283123750324e-8	3.0822227898227234e-8	3.077559640903621e-8	2.9833681985536183e-8	3.056187911534224e-8	3.079881524371936e-9	3.044534841814705e-8	1.5660863359447037e-8	0.026920867787153545	0.07388070117299025
0.0	0.0	0.0	0.0	0.0	0.0	0.0	0.0	0.07727139115698552	0.08804793259755733	0.06713167738460431	4.6061548393924035e-9	4.9100091270612305e-9	0.09804200328508239	0.1194468323480436	0.08849544863117256	0.08444499097996935	1.7386724978529398e-6	0.010382077264852326	3.4276504625363403e-9	0.07864813345223474	0.13277512582369763	0.07945316153557723	0.0
0.0	0.0	0.0	0.0	0.0	0.0	0.0	0.0	0.0	0.0	0.0	0.0	0.0	0.0	0.0	0.0	0.0	0.0	0.0	0.08559948641145736	0.07864169799793011	0.07098107540523464	0.0	0.0
0.0	0.0	0.0	0.0	0.0	0.0	0.0	0.0	0.0	0.0	0.0	0.0	0.0	0.0	0.0	0.0	0.0	0.0	0.0	0.0	0.0	0.0	0.0	0.0
0.0	0.0	0.0	0.0	0.0	0.0	0.0	0.0	0.0	0.0	0.0	0.0	0.0	0.0	0.0	0.0	0.0	0.0	0.0	0.0	0.0	0.0	0.0	0.0
0.0	0.0	0.0	0.0	0.0	0.0	0.0	0.0	0.0	0.0	0.0	0.0	0.0	0.0	0.0	0.0	0.0	0.0	0.0	0.0	0.0	0.0	0.0	0.0
0.07305867497653105	0.15926655616853266	0.18520396078059048	2.9384770113268866e-6	2.937961168003806e-6	2.938121246411692e-6	0.22442230281763895	2.937326569313586e-6	0.0698891345290107	9.637463192835237e-9	2.8426449128251515e-8	3.999307118694684e-9	4.2263859778117584e-9	3.119874011199035e-8	3.1672421203557964e-8	3.0822296532960514e-8	3.077566504539664e-8	2.9833746015832666e-8	3.056197477930217e-8	3.079882231822218e-9	3.044541667613532e-8	1.5660962764311675e-8	0.0563786615313557	0.09344659940874468
0.15396345794817934	0.2065243458633407	0.0	0.0	0.0	0.0	0.0	0.0	0.0	0.0	0.0	0.267524597155609	0.24075955099617058	0.12372351803333795	0.13664984948381548	0.15872965089095525	0.16446479194596442	0.10109207413235986	0.1875816255661672	3.4400304075841935e-9	0.13877555331379482	0.12321915377168649	0.08165367841937651	0.09453254500766198
0.0	0.0	0.0	0.0	0.0	0.0	0.0	0.0	0.0	0.0	0.0	0.0	0.0	0.0	0.0	0.0	0.0	0.0	0.0	0.08559710921823842	0.17978386397292948	0.0	0.0	0.0
0.0	0.0	0.0	0.0	0.0	0.0	0.0	0.0	0.0	0.0	0.0	0.0	0.0	0.0	0.0	0.0	0.0	0.0	0.0	0.08559710921823842	0.0	0.0	0.0	0.0
0.0	0.0	0.0	0.0	0.0	0.0	0.0	0.0	0.0	0.0	0.0	0.0	0.0	0.0	0.0	0.0	0.0	0.0	0.0	0.0	0.0	0.0	0.0	0.0
0.0	0.0	0.0	0.0	0.0	0.0	0.0	0.0	0.0	0.0	0.0	0.0	0.0	0.0	0.0	0.0	0.0	0.0	0.0	0.08559710921823842	0.0	0.0	0.0	0.0
0.0	0.0	0.0	0.0	0.0	0.0	0.0	0.0	0.0	0.0	0.0	0.0	0.0	0.0	0.0	0.0	0.0	0.0	0.0	0.0	0.0	0.0	0.0	0.0
0.0	0.0	0.0	0.0	0.0	0.0	0.0	0.0	0.0	0.0	0.0	0.0	0.0	0.0	0.0	0.0	0.0	0.0	0.0	0.08559710921823842	0.0	0.0	0.0	0.0
0.0	0.0	0.0	0.0	0.0	0.0	0.0	0.0	0.0	0.0	0.0	0.0	0.0	0.0	0.0	0.0	0.0	0.0	0.0	0.08559710921823842	0.0	0.0	0.0	0.0
0.0	0.0	0.0	0.0	0.0	0.0	0.0	0.0	0.0	0.0	0.0	0.0	0.0	0.0	0.0	0.0	0.0	0.0	0.0	0.0	0.0	0.0	0.0	0.0
0.12809635676690234	0.17762979580398977	0.19055524473522772	2.93847720980034e-6	2.9379612908278117e-6	2.938121400645685e-6	0.2273976019906242	2.937019634866164e-6	0.06785944365985007	1.879730122488266e-7	0.04166908778740963	4.68622139405733e-9	5.001093734375659e-9	0.08719654593263132	0.09539801788230366	0.10110455924255475	0.1040576215693079	0.09692756721364075	0.10974759098564814	3.4717977143852296e-9	0.09358632130644697	0.0359790350216557	0.07739980205665731	0.08575130317645345
0.0	0.0	0.0	0.0	0.0	0.0	0.0	0.0	0.07751548944317438	0.07137724935121174	0.1363449677349703	0.28746987075122304	0.3265028529493983	0.15871372761083233	0.13422951825004734	0.17945244401458943	0.18973670026504594	0.48555604061641544	0.36152091001332465	0.4508168992800783	0.18770641239851907	0.1521040759037157	0.0	0.0
0.0	0.0	0.0	0.0	0.0	0.0	0.0	0.0	0.0	0.0	0.0	0.0	0.0	0.0	0.0	0.0	0.0	0.0	0.0	0.0	0.0	0.0	0.0	0.0
0.0	0.0	0.0	0.0	0.0	0.0	0.0	0.0	0.0	0.0	0.0	0.0	0.0	0.0	0.0	0.0	0.0	0.0	0.0	0.0	0.0	0.0	0.0	0.0
0.0	0.0	0.0	0.0	0.0	0.0	0.0	0.0	0.07620545397170907	0.09020666515307221	0.13307864180684242	0.18267208379623243	0.21385584019458861	0.12400416765978911	0.0	0.0	0.0	0.0	0.0	0.0	0.0	0.0	0.0	0.0
0.0	0.0	0.0	0.0	0.0	0.0	0.0	2.9388345864792085e-6	0.07629209064374322	0.09071869508843788	0.08391029934370642	4.573210765550328e-9	4.872533805982918e-9	1.4905250536961464e-6	6.307824011014167e-5	9.348854771271565e-7	8.931237117010867e-7	4.66458709044956e-7	7.609748488650021e-7	3.4093506031922523e-9	6.826496815516304e-7	1.5896393260399517e-7	0.07066004375387905	0.09308762289492335
0.0	0.0	0.0	0.0	0.0	0.0	0.0	0.0	0.0	0.0	0.0	0.0	0.0	0.0	0.0	0.0	0.0	0.0	0.0	0.0	0.0	0.0	0.0	0.0
0.13835527993340593	0.18084866050445098	0.19581920527572513	2.93883488743015e-6	2.9383129277915534e-6	2.9384749817436794e-6	0.23703940539878954	2.9377712249128193e-6	0.07423125740224136	1.0600135748513396e-8	3.199178184560317e-8	4.063011880353385e-9	4.297594760912685e-9	3.554657670962842e-8	3.61627866156232e-8	3.505872118565222e-8	3.499840183373591e-8	3.378536556730768e-8	3.472249374746171e-8	3.117525139247147e-9	3.4571959719603706e-8	1.6890335511169546e-8	0.07782479984745694	3.756315415862241e-8
0.15504527948042057	0.18978411778350904	0.20321421934255354	2.9388349129258148e-6	2.938312939966656e-6	2.938474994493897e-6	0.24537540432930305	2.938057541985355e-6	0.0768577792898135	0.09343336901719376	0.05435183183340092	4.66050525915674e-9	5.021987667184754e-9	0.12134438597837445	0.13860669919287244	0.17062723417464196	0.1674835998969273	0.29908051187000567	0.1593359703185165	3.479820509899181e-9	0.11074729558129431	0.1670740278663119	0.07633960096639529	0.09123560029787273
0.10964830049778902	0.16908244963111413	0.18805329316315136	2.9385635185406054e-6	2.9380462701063628e-6	2.938206798116193e-6	0.22798096528722483	2.93732652355299e-6	0.06949608687055796	9.637518056042474e-9	2.842646486841617e-8	3.9993074401989565e-9	4.226386336052697e-9	3.119875932107807e-8	3.167244151947422e-8	3.0822315214038384e-8	3.077568370870164e-8	2.983376342515833e-8	3.056200073473584e-8	3.079882424642386e-9	3.04454351818761e-8	1.566113873622809e-8	0.06953600117085253	0.09461684212421792
0.1290834170409079	0.0	0.0	0.0	0.0	0.0	0.0	0.0	3.636257613252515e-9	0.0956402339472991	0.10849662729998748	0.0	0.0	0.0	0.0	0.0	0.0	0.0	0.0	0.0	0.0	0.0	0.0	0.0
0.0	0.0	0.0	0.0	0.0	0.0	0.0	0.0	0.0	0.0	0.0	0.0	0.0	0.0	0.0	0.0	0.0	0.0	0.0	0.08559948641145736	0.07864169799793011	0.07098107540523464	0.0	0.0
0.0	0.0	0.0	0.0	0.0	0.0	0.0	0.0	0.0	0.0	0.0	0.0	0.0	0.0	0.0	0.0	0.0	0.0	0.0	0.0	0.0	0.0	0.0	0.0
0.0	0.0	0.0	0.0	0.0	0.0	0.0	0.0	0.0	0.0	0.0	0.0	0.0	0.0	0.0	0.0	0.0	0.0	0.0	0.0	0.0	0.0	0.0	0.0
0.0	0.0	0.0	0.0	0.0	0.0	0.0	0.0	0.0	0.0	0.0	0.0	0.0	0.0	0.0	0.0	0.0	0.0	0.0	0.0	0.0	0.0	0.0	0.0
0.0	0.0	0.0	0.0	0.0	0.0	0.0	0.0	0.0	0.0	0.0	0.0	0.0	0.0	0.0	0.0	0.0	0.0	0.0	0.0	0.0	0.0	0.0	0.0
0.14681176270124563	0.0	0.0	0.0	0.0	0.0	0.0	0.0	0.0	0.0	0.0	0.23220322259665832	0.1200146154980768	0.09989248730142747	0.11921430713885914	0.0881519348091354	0.0843001076549309	1.7386368763144247e-6	0.010382725402459214	3.4276471815536368e-9	0.020117418335109535	0.0716089855323571	0.08027485983322234	0.09371439649521932
0.0	0.0	0.0	0.0	0.0	0.0	0.0	0.0	0.0	0.0	0.0	0.0	0.0	0.0	0.0	0.0	0.0	0.0	0.0	0.0	0.0	0.0	0.0	0.0
0.0	0.0	0.0	0.0	0.0	0.0	0.0	0.0	0.0	0.0	0.0	0.0	0.0	0.0	0.0	0.0	0.0	0.0	0.0	0.0	0.0	0.0	0.0	0.0
0.0	0.0	0.0	0.0	0.0	0.0	0.0	0.0	0.07727139115698552	0.08804793259755729	0.06713167738460468	4.6061548393924035e-9	4.910009127061336e-9	0.09804200328508304	0.11944683234805242	0.08849544863117109	0.08444499097996917	1.738672497853021e-6	0.010382077264851368	3.4276504625363403e-9	0.07864813345223245	0.13277512582369752	0.07945316153557724	0.09665771192504069
0.0	0.0	0.0	0.0	0.0	0.0	0.0	0.0	0.0	0.0	0.0	0.0	0.0	0.0	0.0	0.0	0.0	0.0	0.0	0.0	0.0	0.0	0.0	0.0
0.0	0.0	0.0	0.0	0.0	0.0	0.0	0.0	0.0	0.0	0.0	0.0	0.0	0.0	0.0	0.0	0.0	0.0	0.0	0.0	0.0	0.0	0.0	0.0
0.0	0.0	0.0	0.0	0.0	0.0	0.0	0.0	0.0	0.0	0.0	0.0	0.0	0.0	0.0	0.0	0.0	0.0	0.0	0.0	0.0	0.0	0.0	0.0
0.0	0.0	0.0	0.0	0.0	0.0	0.0	0.0	0.07727617406652927	0.08808057708986701	0.06713900316954353	3.99931142289197e-9	4.226385978037493e-9	3.119874011194927e-8	3.167242119981281e-8	3.082229653303378e-8	3.077566504540638e-8	2.983374601582462e-8	3.0561974779100155e-8	3.079882231822165e-9	3.0445416676129815e-8	1.566096276430744e-8	0.05637866154323016	0.09344659948006774
0.0	0.0	0.0	0.0	0.0	0.0	0.0	0.0	0.07727139115698557	0.08804793259755732	0.06713167738460374	4.6061548393924035e-9	4.9100091270612305e-9	0.09804200328508302	0.11944683234805226	0.08849544863117016	0.08444499097997055	1.7386724978530482e-6	0.010382077264849332	3.4276504625363403e-9	0.0786481334522323	0.13277512582369724	0.07945316153557726	0.0
0.0	0.0	0.0	0.0	0.0	0.0	0.0	0.0	0.0772761740665293	0.08808057708986688	0.06713900316954566	3.99931142289197e-9	4.226385978037493e-9	3.1198740111949695e-8	3.167242119981281e-8	3.082229653303378e-8	3.077566504540638e-8	2.983374601582504e-8	3.0561974779100155e-8	3.079882231822165e-9	3.044541667612897e-8	1.566096276430744e-8	0.056378661543231075	0.09344659948006781
0.0	0.0	0.0	0.0	0.0	0.0	0.0	0.0	0.0	0.0	0.0	0.0	0.0	0.0	0.0	0.0	0.0	0.0	0.0	0.0	0.0	0.0	0.0	0.0
0.0	0.0	0.0	0.0	0.0	0.0	0.0	0.0	0.0	0.0	0.0	0.0	0.0	0.0	0.0	0.0	0.0	0.0	0.0	0.0	0.0	0.0	0.0	0.0
0.0	0.0	0.0	0.0	0.0	0.0	0.0	0.0	0.0	0.0	0.0	0.0	0.0	0.0	0.0	0.0	0.0	0.0	0.0	0.0	0.0	0.0	0.0	0.0
0.0	0.0	0.0	0.0	0.0	0.0	0.0	0.0	0.0	0.0	0.0	0.0	0.0	0.0	0.0	0.0	0.0	0.0	0.0	0.0	0.0	0.0	0.0	0.0
0.0	0.0	0.0	0.0	0.0	0.0	0.0	0.0	0.0	0.0	0.0	0.0	0.0	0.0	0.0	0.0	0.0	0.0	0.0	0.0	0.0	0.0	0.0	0.0
0.0	0.0	0.0	0.0	0.0	0.0	0.0	0.0	0.0	0.0	0.0	0.0	0.0	0.0	0.0	0.0	0.0	0.0	0.0	0.0	0.0	0.0	0.0	0.0
0.0	0.0	0.0	0.0	0.0	0.0	0.0	0.0	0.0	0.0	0.0	0.0	0.0	0.0	0.0	0.0	0.0	0.0	0.0	0.0	0.0	0.0	0.0	0.0
0.0	0.0	0.0	0.0	0.0	0.0	0.0	0.0	0.0	0.0	0.0	0.0	0.0	0.0	0.0	0.0	0.0	0.0	0.0	0.0	0.0	0.0	0.0	0.0
0.0	0.0	0.0	0.0	0.0	0.0	0.0	0.0	0.0	0.07304845586350094	0.14610625919791725	0.0	0.0	0.0	0.0	0.0	0.0	0.0	0.0	0.0	0.0	0.0	0.0	0.0
0.0	0.0	0.0	0.0	0.0	0.0	0.0	0.0	0.0	0.0	0.0	0.0	0.0	0.0	0.0	0.0	0.0	0.0	0.0	0.0	0.0	0.0	0.0	0.0
0.0	0.0	0.0	0.0	0.0	0.0	0.0	0.0	0.0	0.0	0.0	0.0	0.0	0.0	0.0	0.0	0.0	0.0	0.0	0.0	0.0	0.0	0.0	0.0
0.0	0.0	0.0	0.0	0.0	0.0	0.0	0.0	0.0	0.0	0.0	0.0	0.0	0.0	0.0	0.0	0.0	0.0	0.0	0.0	0.0	0.0	0.0	0.0
1.8963669043085576e-8	0.13293442715857645	0.172083400801703	2.9381604090561193e-6	0.0	0.0	0.0	0.0	0.0	0.0	0.0	0.0	0.0	0.0	0.0	0.1730804838266935	0.17327062245209487	0.1346753348319235	3.0562462452879044e-8	3.079881526326729e-9	3.044534843566581e-8	1.5660863353537288e-8	0.02692116926844995	0.07388077593082863
0.0	0.0	0.0	0.0	0.0	0.0	0.0	0.0	0.07727139110303424	0.0880479324740161	0.06713167656924489	4.606154839392827e-9	4.910009127062819e-9	0.09804199570076562	0.11944678690616299	0.08849492820849941	0.08444307068691809	1.7386726399071413e-6	0.010382182025458223	3.4276480968399166e-9	0.020142703580663703	0.0719342974724641	0.07835027996630829	0.09403836834498437
0.0	0.0	0.0	0.0	0.0	0.0	0.0	0.0	0.0	0.0	0.0	0.0	0.0	0.0	0.0	0.0	0.0	0.0	0.0	0.08559948641145736	0.07864169799793011	0.07098107540523464	0.07860605085067147	0.0
0.0	0.0	0.0	0.0	0.0	0.0	0.0	0.0	0.0	0.0	0.0	0.0	0.0	0.0	0.0	0.0	0.0	0.0	0.0	0.0	0.0	0.0	0.0	0.0
0.0	0.0	0.0	0.0	0.0	0.0	0.0	0.0	0.0	0.0	0.0	0.0	0.0	0.0	0.0	0.0	0.0	0.0	0.0	0.0	0.0	0.0	0.0	0.0
0.0	0.0	0.0	0.0	0.0	0.0	0.0	0.0	0.0	0.0	0.0	0.0	0.0	0.0	0.0	0.0	0.0	0.0	0.0	0.0	0.0	0.0	0.0	0.0
0.0	0.0	0.0	0.0	0.0	0.0	0.0	0.0	0.07727617406652927	0.08808057708986662	0.06713900316954363	3.99931142289197e-9	4.22638597803744e-9	3.1198740111949695e-8	3.167242119981281e-8	3.0822296533034205e-8	3.07756650454068e-8	2.983374601582504e-8	3.0561974779100155e-8	3.079882231822165e-9	3.044541667612897e-8	1.5660962764307228e-8	0.056378661543230034	0.09344659948006771
0.15396345794817934	0.0	0.0	0.0	0.0	0.0	0.0	0.0	0.0	0.0	0.0	0.2675245971556089	0.24075955099617016	0.12372351803333786	0.1366498494838152	0.158729650890955	0.16446479194595956	0.10109207413235956	0.18758162556616448	3.4400304075841935e-9	0.13877555331379324	0.12321915377168849	0.081653678419377	0.09453254500766269
0.0	0.0	0.0	0.0	0.0	0.0	0.0	0.0	0.0	0.0	0.0	0.0	0.0	0.0	0.0	0.0	0.0	0.0	0.0	0.08559710921823842	0.0	0.0	0.0	0.0
0.0	0.0	0.0	0.0	0.0	0.0	0.0	0.0	0.0	0.0	0.0	0.0	0.0	0.0	0.0	0.0	0.0	0.0	0.0	0.08559710921823842	0.0	0.0	0.0	0.0
0.0	0.0	0.0	0.0	0.0	0.0	0.0	0.0	0.0	0.0	0.0	0.0	0.0	0.0	0.0	0.0	0.0	0.0	0.0	0.0	0.0	0.0	0.0	0.0
0.0	0.0	0.0	0.0	0.0	0.0	0.0	0.0	0.0	0.0	0.0	0.0	0.0	0.0	0.0	0.0	0.0	0.0	0.0	0.08559710921823842	0.0	0.0	0.0	0.0
0.0	0.0	0.0	0.0	0.0	0.0	0.0	0.0	0.0	0.0	0.0	0.0	0.0	0.0	0.0	0.0	0.0	0.0	0.0	0.0	0.0	0.0	0.0	0.0
0.0	0.0	0.0	0.0	0.0	0.0	0.0	0.0	0.0	0.0	0.0	0.0	0.0	0.0	0.0	0.0	0.0	0.0	0.0	0.08559710921823842	0.0	0.0	0.0	0.0
0.0	0.0	0.0	0.0	0.0	0.0	0.0	0.0	0.0	0.0	0.0	0.0	0.0	0.0	0.0	0.0	0.0	0.0	0.18057056315064826	0.08559710921823842	0.0	0.0	0.0	0.0
0.0	0.0	0.0	0.0	0.0	0.0	0.0	0.0	0.0	0.0	0.0	0.0	0.0	0.0	0.0	0.0	0.0	0.0	0.0	0.0	0.0	0.0	0.0	0.0
0.12836326978798687	0.1783821777024978	0.19082164136803534	2.9384772094149603e-6	2.9379612908175118e-6	2.9381214005959203e-6	0.2273914781969553	2.9370196351227403e-6	0.06785979835686472	1.8797116909200097e-7	0.04166874407455077	4.686221394068659e-9	5.001093734375553e-9	0.08719654587341934	0.09539801783370826	0.10110455921685078	0.10405762155699524	0.09692756720627449	0.10974759098084962	3.4717977143852826e-9	0.09358632130612753	0.03597903502164236	0.0773998020565873	0.08575130317640907
0.0	0.0	0.0	0.0	0.0	0.0	0.0	0.0	0.07751548944317434	0.07137724935121183	0.13634496773497054	0.2874698707511865	0.32650285294939546	0.1587137276108319	0.1342295182500474	0.1794524440145893	0.18973670026504608	0.485556040616414	0.3615209100133245	0.45081689928007757	0.18770641239851926	0.0	0.0	0.0
0.0	0.0	0.0	0.0	0.0	0.0	0.0	0.0	0.0	0.0	0.0	0.0	0.0	0.0	0.0	0.0	0.0	0.0	0.0	0.0	0.0	0.0	0.0	0.0
0.0	0.0	0.0	0.0	0.0	0.0	0.0	0.0	0.0	0.0	0.0	0.0	0.0	0.0	0.0	0.0	0.0	0.0	0.0	0.0	0.0	0.0	0.0	0.0
0.0	0.0	0.0	0.0	0.0	0.0	0.0	0.0	0.07620545397170907	0.09020666515307221	0.13307864180684242	0.18267208379623243	0.21385584019458861	0.12400416765978911	0.13586616038972651	0.0	0.0	0.0	0.0	0.0	0.0	0.0	0.0	0.0
0.0	0.0	0.0	0.0	0.0	0.0	0.0	0.0	0.07629209052320507	0.09071869427709367	0.08391029767680032	4.573210765549799e-9	4.8725338059810124e-9	1.4905253003946414e-6	6.307953229309454e-5	9.348854910862865e-7	8.931236990090773e-7	4.664587060522395e-7	7.609082716056716e-7	3.409372735621169e-9	0.10303428739202994	0.127020349187016	0.0794942972867851	0.0
0.0	0.0	0.0	0.0	0.0	0.0	0.0	0.0	0.0	0.0	0.0	0.0	0.0	0.0	0.0	0.0	0.0	0.0	0.0	0.0	0.0	0.0	0.0	0.0
0.13835527993340604	0.18084866050445103	0.19581920527572524	2.93883488743015e-6	2.9383129277915534e-6	2.9384749817436794e-6	0.2370394053987895	2.9377712249128193e-6	0.07423125740224135	1.0600135748513396e-8	3.199178184560359e-8	4.063011880353385e-9	4.297594760912685e-9	3.554657670962884e-8	3.61627866156232e-8	3.5058721185652645e-8	3.4998401833736335e-8	3.378536556730726e-8	3.472249374746171e-8	3.117525139247147e-9	3.457195971960328e-8	1.6890335511174628e-8	0.07782479984745709	3.7563154158597e-8
0.15504527948042057	0.18978411778350912	0.20321421934255388	2.9388349129258148e-6	2.938312939966656e-6	2.938474994493897e-6	0.24537540432930352	2.938057541985355e-6	0.07685777928981305	0.09343336901719211	0.05435183183340066	4.66050525915674e-9	5.021987667184648e-9	0.12134438597837478	0.1386066991928725	0.17062723417464148	0.1674835998969286	0.29908051186999435	0.159335970318515	3.479820509899181e-9	0.1107472955812947	0.16707402786631276	0.07633960096639512	0.0912356002978729
0.10964830049778923	0.16908244963111418	0.18805329316314973	2.9385635185406054e-6	2.938046270106417e-6	2.938206798116193e-6	0.22798096528722536	2.93732652355299e-6	0.06949608687055796	9.637518056042474e-9	2.842646486841617e-8	3.999307440199009e-9	4.226386336052697e-9	3.119875932107849e-8	3.167244151947422e-8	3.082231521403923e-8	3.077568370870164e-8	2.983376342515875e-8	3.056200073473584e-8	3.079882424642386e-9	3.04454351818761e-8	1.566113873622809e-8	0.06953600117085255	0.09461684212421793
0.1290834170409079	0.0	0.0	0.0	0.0	0.0	0.0	0.0	3.636257613252515e-9	0.0956402339472991	0.0	0.0	0.0	0.0	0.0	0.0	0.0	0.0	0.0	0.0	0.0	0.0	0.0	0.0
0.0	0.0	0.0	0.0	0.0	0.0	0.0	0.0	0.0	0.0	0.0	0.0	0.0	0.0	0.0	0.0	0.0	0.0	0.19999999999999998	0.08559948641145736	0.07864169799793011	0.07098107540523464	0.0	0.0
0.0	0.0	0.0	0.0	0.0	0.0	0.0	0.0	0.0	0.0	0.0	0.0	0.0	0.0	0.0	0.0	0.0	0.0	0.0	0.0	0.0	0.0	0.0	0.0
0.0	0.0	0.0	0.0	0.0	0.0	0.0	0.0	0.0	0.0	0.0	0.0	0.0	0.0	0.0	0.0	0.0	0.0	0.0	0.0	0.0	0.0	0.0	0.0
0.0	0.0	0.0	0.0	0.0	0.0	0.0	0.0	0.0	0.0	0.0	0.0	0.0	0.0	0.0	0.0	0.0	0.0	0.0	0.0	0.0	0.0	0.0	0.0
0.0	0.0	0.0	0.0	0.0	0.0	0.0	0.0	0.0	0.0	0.0	0.0	0.0	0.0	0.0	0.0	0.0	0.0	0.0	0.0	0.0	0.0	0.0	0.0
0.0	0.0	0.0	0.0	0.0	0.0	0.0	0.0	0.0	0.01156418210999632	0.12407596471824213	0.12186927916033882	4.91001853423053e-9	0.09756154879839153	0.11834690602861161	0.08796936522245588	0.08428043178306398	1.7386370179512355e-6	0.010382746070535631	3.427647181542996e-9	0.020117433507388364	0.07160898331749053	0.08027485724862438	0.09371439615893985
0.0	0.0	0.0	0.0	0.0	0.0	0.0	0.0	0.0	0.0	0.0	0.0	0.0	0.0	0.0	0.0	0.0	0.0	0.0	0.0	0.0	0.0	0.0	0.0
0.0	0.0	0.0	0.0	0.0	0.0	0.0	0.0	0.0	0.0	0.0	0.0	0.0	0.0	0.0	0.0	0.0	0.0	0.0	0.0	0.0	0.0	0.0	0.0
0.0	0.0	0.0	0.0	0.0	0.0	0.0	0.0	0.07727139110303424	0.08804793247401606	0.06713167656924521	4.606154839392827e-9	4.9100091270629246e-9	0.0980419957007655	0.11944678690616306	0.08849492820849938	0.08444307068692135	1.7386726399072226e-6	0.010382182025458191	3.4276480968399166e-9	0.020142703580663734	0.07193429747246571	0.07835027996630817	0.09403836834498432
0.0	0.0	0.0	0.0	0.0	0.0	0.0	0.0	0.07653136308683617	0.09089854993451911	0.0841295521747914	3.947754973939008e-9	4.168823328155369e-9	2.831285690670838e-8	2.8702412250126818e-8	2.8002488391563544e-8	2.7963993915430566e-8	2.7184138654118426e-8	2.778737124791003e-8	3.0492180947170635e-9	0.10437841008920404	0.1270631930378626	0.07966076646761192	0.0
0.0	0.0	0.0	0.0	0.0	0.0	0.0	0.0	0.0	0.0	0.0	0.0	0.0	0.0	0.0	0.0	0.0	0.0	0.0	0.0	0.0	0.0	0.0	0.0
0.0	0.0	0.0	0.0	0.0	0.0	0.0	0.0	0.0	0.0	0.0	0.0	0.19080197616676553	0.0	0.0	0.0	0.0	0.0	0.0	0.0	0.0	0.0	0.0	0.0
0.0	0.0	0.0	0.0	0.0	0.0	0.0	0.0	0.07727617406652926	0.08808057708986654	0.06713900316954413	3.99931142289197e-9	4.226385978037546e-9	3.1198740111949695e-8	3.167242119981281e-8	3.082229653303378e-8	3.07756650454068e-8	2.9833746015824196e-8	3.0561974779100155e-8	3.079882231822165e-9	3.0445416676129815e-8	1.5660962764307228e-8	0.05637866154323124	0.09344659948006775
0.0	0.0	0.0	0.0	0.0	0.0	0.0	0.0	0.07727139110303426	0.08804793247401614	0.06713167656924494	4.606154839392721e-9	4.910009127062819e-9	0.09804199570076433	0.11944678690616224	0.08849492820849962	0.0844430706869208	1.7386726399071955e-6	0.010382182025458599	3.4276480968399166e-9	0.020142703580663588	0.07193429747246398	0.07835027996630807	0.0940383683449843
0.0	0.0	0.0	0.0	0.0	0.0	0.0	0.0	0.07727617406652923	0.08808057708986668	0.0671390031695434	3.99931142289197e-9	4.226385978037493e-9	3.1198740111949695e-8	3.1672421199812385e-8	3.082229653303378e-8	3.0775665045405955e-8	2.983374601582462e-8	3.0561974779100155e-8	3.079882231822165e-9	3.044541667612939e-8	1.566096276430744e-8	0.056378661543230055	0.09344659948006769
0.0	0.0	0.0	0.0	0.0	0.0	0.0	0.0	0.0	0.0	0.0	0.0	0.0	0.0	0.0	0.0	0.0	0.0	0.0	0.0	0.0	0.0	0.0	0.0
0.0	0.0	0.0	0.0	0.0	0.0	0.0	0.0	0.0	0.0	0.0	0.0	0.0	0.0	0.0	0.0	0.0	0.0	0.0	0.0	0.0	0.0	0.0	0.0
0.0	0.0	0.0	0.0	0.0	0.0	0.0	0.0	0.0	0.0	0.0	0.0	0.0	0.0	0.0	0.0	0.0	0.0	0.0	0.0	0.0	0.0	0.0	0.0
0.0	0.0	0.0	0.0	0.0	0.0	0.0	0.0	0.0	0.0	0.0	0.0	0.0	0.0	0.0	0.0	0.0	0.0	0.0	0.0	0.0	0.0	0.0	0.0
0.15687131428599568	0.0	0.0	0.0	0.0	0.0	0.0	0.0	0.0	0.0	0.0	0.0	0.0	0.0	0.0	0.0	0.0	0.0	0.0	0.0	0.0	0.0	0.0	0.0
0.0	0.0	0.0	0.0	0.0	0.0	0.0	0.0	0.0	0.0	0.0	0.0	0.0	0.0	0.0	0.0	0.0	0.0	0.0	0.0	0.0	0.0	0.0	0.0
0.0	0.0	0.0	0.0	0.0	0.0	0.0	0.0	0.0	0.0	0.0	0.0	0.0	0.0	0.0	0.0	0.0	0.0	0.0	0.0	0.0	0.0	0.0	0.0
0.0	0.0	0.0	0.0	0.0	0.0	0.0	0.0	0.0	0.0	0.0	0.0	0.0	0.0	0.0	0.0	0.0	0.0	0.0	0.0	0.0	0.0	0.0	0.0
0.0	0.0	0.0	0.0	0.0	0.0	0.0	0.0	0.06665770527375904	0.07304845586350094	0.0	0.0	0.0	0.0	0.0	0.0	0.0	0.0	0.0	0.0	0.0	0.0	0.0	0.0
 
list 11: sr⁻
0.0	0.0	0.0	0.0	0.0	0.0	0.0	0.0	0.0	0.0	0.0	0.0	0.0	0.0	0.0	0.0	0.0	0.0	0.0	0.0	0.0	0.0	0.0	0.0
0.0	0.0	0.0	0.0	0.0	0.0	0.0	0.0	0.0	0.0	0.0	0.0	0.0	0.0	0.0	0.0	0.0	0.0	0.0	0.0	0.0	0.0	0.0	0.0
0.0	0.0	0.0	0.0	0.0	0.0	0.0	0.0	0.0	0.0	0.0	0.0	0.0	0.0	0.0	0.0	0.0	0.0	0.0	0.0	0.0	0.0	0.0	0.0
2.9370331234302165e-6	2.9354924993009153e-6	0.0	0.0	0.0	0.0	0.0	0.0	0.0	0.0	0.0	0.0	2.9354696056501815e-6	2.9370014659449353e-6	2.937308498181701e-6	2.937317199224192e-6	2.9373249613343197e-6	2.9373294047821538e-6	2.937326198383032e-6	2.937333316230576e-6	2.937330520617822e-6	2.937318753959265e-6	2.9372849897594416e-6	2.937020806815366e-6
0.0	0.0	0.0	0.0	0.0	0.0	0.0	0.0	2.935478737233312e-6	2.937011786777286e-6	2.9375120578579777e-6	2.937616913812138e-6	2.937617252443713e-6	2.937375720541758e-6	2.937196731073329e-6	2.937495002861511e-6	2.937516107963281e-6	2.9376266233719544e-6	2.9375710463665e-6	2.937641586125701e-6	2.937519284233563e-6	2.9370057284189895e-6	2.935458661517754e-6	0.0
0.0	0.0	0.0	0.0	0.0	0.0	0.0	0.0	0.0	0.0	0.0	0.0	0.0	0.0	0.0	0.0	0.0	0.0	0.0	2.7121460768758394e-6	5.141978330843744e-9	5.753520767241245e-9	0.0	0.0
0.0	0.0	0.0	0.0	0.0	0.0	0.0	0.0	0.0	0.0	0.0	0.0	0.0	0.0	0.0	0.0	0.0	0.0	0.0	0.0	0.0	0.0	0.0	0.0
0.0	0.0	0.0	0.0	0.0	0.0	0.0	0.0	0.0	0.0	0.0	0.0	0.0	0.0	0.0	0.0	0.0	0.0	0.0	0.0	0.0	0.0	0.0	0.0
0.0	0.0	0.0	0.0	0.0	0.0	0.0	0.0	0.0	0.0	0.0	0.0	0.0	0.0	0.0	0.0	0.0	0.0	0.0	0.0	0.0	0.0	0.0	0.0
2.9375469774716194e-6	2.9370271102825544e-6	2.935493285377794e-6	3.211657990894309e-9	2.7043707816652056e-9	2.874886841178005e-9	2.935475447319452e-6	2.9362681432190956e-6	2.937231243455864e-6	2.9376276631624954e-6	2.9376165829898e-6	2.9376169178638558e-6	2.9376172609220656e-6	2.937617334121325e-6	2.9376168165442954e-6	2.9376256314126727e-6	2.9376334800755815e-6	2.9376379543675037e-6	2.9376347276142208e-6	2.937641589215135e-6	2.93763909915755e-6	2.937627039998052e-6	2.937511208978363e-6	2.937020890442536e-6
2.935934757113698e-6	0.0	0.0	0.0	0.0	0.0	0.0	0.0	0.0	0.0	0.0	2.9359058495248645e-6	2.937221342373035e-6	2.9373676731545115e-6	2.9371981691988266e-6	2.9375123701491862e-6	2.9375385044976693e-6	2.9377575676006675e-6	2.9378211585555977e-6	2.937826817840704e-6	2.9376929591865626e-6	2.93760241889293e-6	2.937073957949034e-6	2.937033634852393e-6
0.0	0.0	0.0	0.0	0.0	0.0	0.0	0.0	0.0	0.0	0.0	0.0	0.0	0.0	0.0	0.0	0.0	0.0	0.0	2.9041292689279167e-6	0.0	0.0	0.0	0.0
0.0	0.0	0.0	0.0	0.0	0.0	0.0	0.0	0.0	0.0	0.0	0.0	0.0	0.0	0.0	0.0	0.0	0.0	0.0	2.9041292689279167e-6	0.0	0.0	0.0	0.0
0.0	0.0	0.0	0.0	0.0	0.0	0.0	0.0	0.0	0.0	0.0	0.0	0.0	0.0	0.0	0.0	0.0	0.0	0.0	0.0	0.0	0.0	0.0	0.0
0.0	0.0	0.0	0.0	0.0	0.0	0.0	0.0	0.0	0.0	0.0	0.0	0.0	0.0	0.0	0.0	0.0	0.0	0.0	2.9041292689279167e-6	0.0	0.0	0.0	0.0
0.0	0.0	0.0	0.0	0.0	0.0	0.0	0.0	0.0	0.0	0.0	0.0	0.0	0.0	0.0	0.0	0.0	0.0	0.0	0.0	0.0	0.0	0.0	0.0
0.0	0.0	0.0	0.0	0.0	0.0	0.0	0.0	0.0	0.0	0.0	0.0	0.0	0.0	0.0	0.0	0.0	0.0	0.0	2.9041292689279167e-6	0.0	0.0	0.0	0.0
0.0	0.0	0.0	0.0	0.0	0.0	0.0	0.0	0.0	0.0	0.0	0.0	0.0	0.0	0.0	0.0	0.0	0.0	0.0	2.9041292689279167e-6	0.0	0.0	0.0	0.0
0.0	0.0	0.0	0.0	0.0	0.0	0.0	0.0	0.0	0.0	0.0	0.0	0.0	0.0	0.0	0.0	0.0	0.0	0.0	0.0	0.0	0.0	0.0	0.0
2.9373187113688765e-6	2.936669187407026e-6	2.93486604765683e-6	2.699985490419943e-9	2.6356436287805088e-9	2.716280119364855e-9	2.9348561892711834e-6	2.9367239119753815e-6	2.9373170346116734e-6	2.937626640848643e-6	2.9375684961207866e-6	2.9376169099691292e-6	2.9376172661441796e-6	2.9374421840563545e-6	2.937416198065543e-6	2.937467938112523e-6	2.9374764935086064e-6	2.937529304403695e-6	2.9375298913262952e-6	2.9376415948516852e-6	2.9375115315807138e-6	2.9375898437363564e-6	2.937252523149312e-6	2.937422681856315e-6
0.0	0.0	0.0	0.0	0.0	0.0	0.0	0.0	2.9348693942564115e-6	2.9365598733649954e-6	2.934636950668759e-6	2.9366388575102287e-6	2.9357608267254853e-6	2.927442370180154e-6	1.6296013386342312e-8	1.645167728686519e-8	1.6460561215561574e-8	1.6648138914852654e-8	2.9216601582648266e-6	2.9354924760472724e-6	2.9216584872073285e-6	0.0	0.0	0.0
0.0	0.0	0.0	0.0	0.0	0.0	0.0	0.0	0.0	0.0	0.0	0.0	0.0	0.0	0.0	0.0	0.0	0.0	0.0	0.0	0.0	0.0	0.0	0.0
0.0	0.0	0.0	0.0	0.0	0.0	0.0	0.0	0.0	0.0	0.0	0.0	0.0	0.0	0.0	0.0	0.0	0.0	0.0	0.0	0.0	0.0	0.0	0.0
0.0	0.0	0.0	0.0	0.0	0.0	0.0	0.0	2.9339594309569844e-6	2.936236021029205e-6	2.9349679860385565e-6	2.9365230001681167e-6	2.9355276793429546e-6	2.9299622593406617e-6	0.0	0.0	0.0	0.0	0.0	0.0	0.0	0.0	0.0	0.0
0.0	0.0	0.0	0.0	0.0	0.0	0.0	0.0	2.9339596834445226e-6	2.936243838308635e-6	2.936999310769483e-6	2.9373089047132262e-6	2.937309244362542e-6	2.93728899860825e-6	2.937217696144317e-6	2.9373042311710198e-6	2.937311806739068e-6	2.937322404073493e-6	2.937316471033084e-6	2.9373333121009582e-6	2.937320941302562e-6	2.937314616512424e-6	2.9368646214713028e-6	2.936247255794764e-6
0.0	0.0	0.0	0.0	0.0	0.0	0.0	0.0	0.0	0.0	0.0	0.0	0.0	0.0	0.0	0.0	0.0	0.0	0.0	0.0	0.0	0.0	0.0	0.0
2.9378410562091637e-6	2.937467132198431e-6	2.936368536039021e-6	3.1796452274770395e-9	2.7043709871737157e-9	2.8705767462691106e-9	2.936353381114234e-6	2.9373593921290693e-6	2.9377681707581254e-6	2.937975109153961e-6	2.9379640470186493e-6	2.9379641886345892e-6	2.9379645355008424e-6	2.9379648424980543e-6	2.937964307965892e-6	2.9379732604333485e-6	2.937981224231047e-6	2.9379857546254443e-6	2.937982497931539e-6	2.937989144061095e-6	2.9379869098925156e-6	2.93797453631699e-6	2.9377771213752284e-6	2.9379850784578263e-6
2.9363919676916894e-6	1.7568019910725865e-7	1.4872957669477115e-6	2.5427448009404544e-9	2.5427436849246774e-9	2.542744404567787e-9	2.9212689073841204e-6	2.9366058936939818e-6	2.937511721322545e-6	2.937846432444211e-6	2.937939544256959e-6	2.9379641847023506e-6	2.9379645306626986e-6	2.9377611856508086e-6	2.937347934251237e-6	2.9375237876234114e-6	2.9375441121889554e-6	2.937776356631112e-6	2.937785390793961e-6	2.9379891416459803e-6	2.937788429215689e-6	2.937640489610732e-6	2.9370006151572333e-6	2.9370711834906366e-6
2.9375469556021773e-6	2.93702711431313e-6	2.9354934758076597e-6	3.2297388981964494e-9	2.707560399083377e-9	2.8821089175972043e-9	2.9354766086211927e-6	2.9367281847818283e-6	2.9373960843051138e-6	2.937711800440803e-6	2.937700736009368e-6	2.9377010115237885e-6	2.9377013545657353e-6	2.937701501713112e-6	2.9377009793837535e-6	2.93770982679267e-6	2.9377177013046934e-6	2.937722187349855e-6	2.9377189548192924e-6	2.9377257529110043e-6	2.9377233378655187e-6	2.9377112065261286e-6	2.937519170914324e-6	2.9370209318019757e-6
9.433977846031516e-9	0.0	0.0	0.0	0.0	0.0	0.0	0.0	2.934868455442064e-6	2.361222175477353e-8	8.495893107316885e-9	0.0	0.0	0.0	0.0	0.0	0.0	0.0	0.0	0.0	0.0	0.0	0.0	0.0
0.0	0.0	0.0	0.0	0.0	0.0	0.0	0.0	0.0	0.0	0.0	0.0	0.0	0.0	0.0	0.0	0.0	0.0	0.0	2.7121460768758394e-6	5.141978330843744e-9	5.753520767241245e-9	0.0	0.0
0.0	0.0	0.0	0.0	0.0	0.0	0.0	0.0	0.0	0.0	0.0	0.0	0.0	0.0	0.0	0.0	0.0	0.0	0.0	0.0	0.0	0.0	0.0	0.0
0.0	0.0	0.0	0.0	0.0	0.0	0.0	0.0	0.0	0.0	0.0	0.0	0.0	0.0	0.0	0.0	0.0	0.0	0.0	0.0	0.0	0.0	0.0	0.0
0.0	0.0	0.0	0.0	0.0	0.0	0.0	0.0	0.0	0.0	0.0	0.0	0.0	0.0	0.0	0.0	0.0	0.0	0.0	0.0	0.0	0.0	0.0	0.0
0.0	0.0	0.0	0.0	0.0	0.0	0.0	0.0	0.0	0.0	0.0	0.0	0.0	0.0	0.0	0.0	0.0	0.0	0.0	0.0	0.0	0.0	0.0	0.0
2.935496898763589e-6	0.0	0.0	0.0	0.0	0.0	0.0	0.0	0.0	0.0	0.0	2.935469426809136e-6	2.937001600904904e-6	2.9368198558811964e-6	2.93643880900984e-6	2.9370768536405873e-6	2.937109851829079e-6	2.9373093680080476e-6	2.937213250847864e-6	2.9373333091922606e-6	2.9372454720173356e-6	2.9372084799843094e-6	2.9361905304462247e-6	2.935283540265077e-6
0.0	0.0	0.0	0.0	0.0	0.0	0.0	0.0	0.0	0.0	0.0	0.0	0.0	0.0	0.0	0.0	0.0	0.0	0.0	0.0	0.0	0.0	0.0	0.0
0.0	0.0	0.0	0.0	0.0	0.0	0.0	0.0	0.0	0.0	0.0	0.0	0.0	0.0	0.0	0.0	0.0	0.0	0.0	0.0	0.0	0.0	0.0	0.0
0.0	0.0	0.0	0.0	0.0	0.0	0.0	0.0	2.935478737233312e-6	2.937011786777286e-6	2.9375120578579777e-6	2.937616913812138e-6	2.937617252443713e-6	2.937375720541758e-6	2.937196731073329e-6	2.937495002861511e-6	2.937516107963281e-6	2.9376266233719544e-6	2.9375710463665e-6	2.937641586125701e-6	2.937519284233563e-6	2.9370057284189895e-6	2.935458661517754e-6	0.0
0.0	0.0	0.0	0.0	0.0	0.0	0.0	0.0	0.0	0.0	0.0	0.0	0.0	0.0	0.0	0.0	0.0	0.0	0.0	0.0	0.0	0.0	0.0	0.0
0.0	0.0	0.0	0.0	0.0	0.0	0.0	0.0	0.0	0.0	0.0	0.0	0.0	0.0	0.0	0.0	0.0	0.0	0.0	0.0	0.0	0.0	0.0	0.0
0.0	0.0	0.0	0.0	0.0	0.0	0.0	0.0	0.0	0.0	0.0	0.0	0.0	0.0	0.0	0.0	0.0	0.0	0.0	0.0	0.0	0.0	0.0	0.0
0.0	0.0	0.0	0.0	0.0	0.0	0.0	0.0	2.935478760953433e-6	2.937011851929163e-6	2.9375139870697594e-6	2.9376169231942273e-6	2.9376172612084034e-6	2.937617333799371e-6	2.9376168162976936e-6	2.9376256312588786e-6	2.937633480000392e-6	2.9376379543354114e-6	2.937634727601644e-6	2.9376415892126955e-6	2.937639099155978e-6	2.9376270399976727e-6	2.9375112089782005e-6	2.937020890442536e-6
0.0	0.0	0.0	0.0	0.0	0.0	0.0	0.0	2.935478737233312e-6	2.937011786777286e-6	2.9375120578579777e-6	2.937616913812138e-6	2.937617252443713e-6	2.937375720541758e-6	2.937196731073329e-6	2.937495002861511e-6	2.937516107963281e-6	2.9376266233719544e-6	2.9375710463665e-6	2.937641586125701e-6	2.937519284233563e-6	2.9370057284189895e-6	2.935458661517754e-6	0.0
0.0	0.0	0.0	0.0	0.0	0.0	0.0	0.0	2.935478760953433e-6	2.937011851929163e-6	2.9375139870697594e-6	2.9376169231942273e-6	2.9376172612084034e-6	2.937617333799371e-6	2.9376168162976936e-6	2.9376256312588786e-6	2.9376334800004463e-6	2.9376379543354656e-6	2.937634727601644e-6	2.9376415892126955e-6	2.937639099155978e-6	2.9376270399976727e-6	2.9375112089782005e-6	2.937020890442536e-6
0.0	0.0	0.0	0.0	0.0	0.0	0.0	0.0	0.0	0.0	0.0	0.0	0.0	0.0	0.0	0.0	0.0	0.0	0.0	0.0	0.0	0.0	0.0	0.0
0.0	0.0	0.0	0.0	0.0	0.0	0.0	0.0	0.0	0.0	0.0	0.0	0.0	0.0	0.0	0.0	0.0	0.0	0.0	0.0	0.0	0.0	0.0	0.0
0.0	0.0	0.0	0.0	0.0	0.0	0.0	0.0	0.0	0.0	0.0	0.0	0.0	0.0	0.0	0.0	0.0	0.0	0.0	0.0	0.0	0.0	0.0	0.0
0.0	0.0	0.0	0.0	0.0	0.0	0.0	0.0	0.0	0.0	0.0	0.0	0.0	0.0	0.0	0.0	0.0	0.0	0.0	0.0	0.0	0.0	0.0	0.0
0.0	0.0	0.0	0.0	0.0	0.0	0.0	0.0	0.0	0.0	0.0	0.0	0.0	0.0	0.0	0.0	0.0	0.0	0.0	0.0	0.0	0.0	0.0	0.0
0.0	0.0	0.0	0.0	0.0	0.0	0.0	0.0	0.0	0.0	0.0	0.0	0.0	0.0	0.0	0.0	0.0	0.0	0.0	0.0	0.0	0.0	0.0	0.0
0.0	0.0	0.0	0.0	0.0	0.0	0.0	0.0	0.0	0.0	0.0	0.0	0.0	0.0	0.0	0.0	0.0	0.0	0.0	0.0	0.0	0.0	0.0	0.0
0.0	0.0	0.0	0.0	0.0	0.0	0.0	0.0	0.0	0.0	0.0	0.0	0.0	0.0	0.0	0.0	0.0	0.0	0.0	0.0	0.0	0.0	0.0	0.0
0.0	0.0	0.0	0.0	0.0	0.0	0.0	0.0	0.0	6.3338293416903884e-9	0.0	0.0	0.0	0.0	0.0	0.0	0.0	0.0	0.0	0.0	0.0	0.0	0.0	0.0
0.0	0.0	0.0	0.0	0.0	0.0	0.0	0.0	0.0	0.0	0.0	0.0	0.0	0.0	0.0	0.0	0.0	0.0	0.0	0.0	0.0	0.0	0.0	0.0
0.0	0.0	0.0	0.0	0.0	0.0	0.0	0.0	0.0	0.0	0.0	0.0	0.0	0.0	0.0	0.0	0.0	0.0	0.0	0.0	0.0	0.0	0.0	0.0
0.0	0.0	0.0	0.0	0.0	0.0	0.0	0.0	0.0	0.0	0.0	0.0	0.0	0.0	0.0	0.0	0.0	0.0	0.0	0.0	0.0	0.0	0.0	0.0
2.937341437516338e-6	2.9367120108663228e-6	2.9354890237156986e-6	0.0	0.0	0.0	0.0	0.0	0.0	0.0	0.0	0.0	0.0	0.0	0.0	0.0	2.9354842850007443e-6	2.937021485273036e-6	2.937326207032797e-6	2.937333316276275e-6	2.937330520930994e-6	2.937318753989189e-6	2.9372849883073154e-6	2.9370208068407364e-6
0.0	0.0	0.0	0.0	0.0	0.0	0.0	0.0	2.935478737233312e-6	2.9370117867771775e-6	2.9375120578584656e-6	2.9376169138147943e-6	2.937617252450923e-6	2.937375720551028e-6	2.9371967310873152e-6	2.9374950030259844e-6	2.9375161082977573e-6	2.9376266237027986e-6	2.937571032984301e-6	2.9376415857971876e-6	2.937590675508399e-6	2.9374309074898684e-6	2.936803317172697e-6	2.935449394695798e-6
0.0	0.0	0.0	0.0	0.0	0.0	0.0	0.0	0.0	0.0	0.0	0.0	0.0	0.0	0.0	0.0	0.0	0.0	0.0	2.7121460768758394e-6	5.141978330843744e-9	5.753520767241245e-9	0.0	0.0
0.0	0.0	0.0	0.0	0.0	0.0	0.0	0.0	0.0	0.0	0.0	0.0	0.0	0.0	0.0	0.0	0.0	0.0	0.0	0.0	0.0	0.0	0.0	0.0
0.0	0.0	0.0	0.0	0.0	0.0	0.0	0.0	0.0	0.0	0.0	0.0	0.0	0.0	0.0	0.0	0.0	0.0	0.0	0.0	0.0	0.0	0.0	0.0
0.0	0.0	0.0	0.0	0.0	0.0	0.0	0.0	0.0	0.0	0.0	0.0	0.0	0.0	0.0	0.0	0.0	0.0	0.0	0.0	0.0	0.0	0.0	0.0
0.0	0.0	0.0	0.0	0.0	0.0	0.0	0.0	2.935478760953433e-6	2.937011851929163e-6	2.9375139870697594e-6	2.9376169231942273e-6	2.9376172612084034e-6	2.937617333799371e-6	2.9376168162976936e-6	2.9376256312588786e-6	2.937633480000392e-6	2.9376379543354656e-6	2.937634727601644e-6	2.9376415892126955e-6	2.937639099155978e-6	2.9376270399976727e-6	2.9375112089782005e-6	2.937020890442536e-6
2.935934757113698e-6	0.0	0.0	0.0	0.0	0.0	0.0	0.0	0.0	0.0	0.0	2.9359058495248645e-6	2.937221342373035e-6	2.9373676731545115e-6	2.9371981691988266e-6	2.9375123701491862e-6	2.9375385044976693e-6	2.9377575676006675e-6	2.9378211585555977e-6	2.937826817840704e-6	2.9376929591865626e-6	2.93760241889293e-6	2.93707395794898e-6	2.937033634852393e-6
0.0	0.0	0.0	0.0	0.0	0.0	0.0	0.0	0.0	0.0	0.0	0.0	0.0	0.0	0.0	0.0	0.0	0.0	0.0	2.9041292689279167e-6	0.0	0.0	0.0	0.0
0.0	0.0	0.0	0.0	0.0	0.0	0.0	0.0	0.0	0.0	0.0	0.0	0.0	0.0	0.0	0.0	0.0	0.0	0.0	2.9041292689279167e-6	0.0	0.0	0.0	0.0
0.0	0.0	0.0	0.0	0.0	0.0	0.0	0.0	0.0	0.0	0.0	0.0	0.0	0.0	0.0	0.0	0.0	0.0	0.0	0.0	0.0	0.0	0.0	0.0
0.0	0.0	0.0	0.0	0.0	0.0	0.0	0.0	0.0	0.0	0.0	0.0	0.0	0.0	0.0	0.0	0.0	0.0	0.0	2.9041292689279167e-6	0.0	0.0	0.0	0.0
0.0	0.0	0.0	0.0	0.0	0.0	0.0	0.0	0.0	0.0	0.0	0.0	0.0	0.0	0.0	0.0	0.0	0.0	0.0	0.0	0.0	0.0	0.0	0.0
0.0	0.0	0.0	0.0	0.0	0.0	0.0	0.0	0.0	0.0	0.0	0.0	0.0	0.0	0.0	0.0	0.0	0.0	0.0	2.9041292689279167e-6	0.0	0.0	0.0	0.0
0.0	0.0	0.0	0.0	0.0	0.0	0.0	0.0	0.0	0.0	0.0	0.0	0.0	0.0	0.0	0.0	0.0	0.0	0.0	2.9041292689279167e-6	0.0	0.0	0.0	0.0
0.0	0.0	0.0	0.0	0.0	0.0	0.0	0.0	0.0	0.0	0.0	0.0	0.0	0.0	0.0	0.0	0.0	0.0	0.0	0.0	0.0	0.0	0.0	0.0
2.937318379614721e-6	2.9366684702831288e-6	2.9348657124837513e-6	2.699985087989137e-9	2.6356436286801883e-9	2.7162814214747234e-9	2.9348561892995895e-6	2.936723911367415e-6	2.937317034283865e-6	2.9376266406495833e-6	2.9375684961059872e-6	2.9376169099689666e-6	2.937617266144288e-6	2.9374421840563003e-6	2.9374161980655973e-6	2.937467938112523e-6	2.9374764935086064e-6	2.937529304403695e-6	2.9375298913262952e-6	2.9376415948516852e-6	2.9375115315807138e-6	2.9375898437364106e-6	2.937252523149312e-6	2.9374226818563694e-6
0.0	0.0	0.0	0.0	0.0	0.0	0.0	0.0	2.9348693942564115e-6	2.9365598733649954e-6	2.934636950668759e-6	2.9366388575102287e-6	2.9357608267254853e-6	2.927442370180154e-6	1.6296013386342312e-8	1.645167728686519e-8	1.6460561215561574e-8	1.6648138914852654e-8	2.9216601582648266e-6	2.9354924760472724e-6	2.9216584872073285e-6	0.0	0.0	0.0
0.0	0.0	0.0	0.0	0.0	0.0	0.0	0.0	0.0	0.0	0.0	0.0	0.0	0.0	0.0	0.0	0.0	0.0	0.0	0.0	0.0	0.0	0.0	0.0
0.0	0.0	0.0	0.0	0.0	0.0	0.0	0.0	0.0	0.0	0.0	0.0	0.0	0.0	0.0	0.0	0.0	0.0	0.0	0.0	0.0	0.0	0.0	0.0
0.0	0.0	0.0	0.0	0.0	0.0	0.0	0.0	2.9339594309569844e-6	2.936236021029205e-6	2.9349679860385565e-6	2.9365230001681167e-6	2.9355276793429546e-6	2.9299622593406617e-6	0.0	0.0	0.0	0.0	0.0	0.0	0.0	0.0	0.0	0.0
0.0	0.0	0.0	0.0	0.0	0.0	0.0	0.0	2.933959683444577e-6	2.9362438383087977e-6	2.9369993107696457e-6	2.937308904712684e-6	2.937309244361295e-6	2.9372889985465047e-6	2.937217695368462e-6	2.937304230882351e-6	2.9373118060359088e-6	2.9373224031319176e-6	2.9373164718613605e-6	2.93733332869966e-6	2.9370194888097656e-6	2.9362412918641344e-6	2.9339544314941723e-6	0.0
0.0	0.0	0.0	0.0	0.0	0.0	0.0	0.0	0.0	0.0	0.0	0.0	0.0	0.0	0.0	0.0	0.0	0.0	0.0	0.0	0.0	0.0	0.0	0.0
2.9378410562091637e-6	2.937467132198431e-6	2.9363685360389667e-6	3.1796452274770395e-9	2.7043709871737686e-9	2.8705767462691636e-9	2.936353381114234e-6	2.9373593921290693e-6	2.9377681707581254e-6	2.937975109153961e-6	2.9379640470186493e-6	2.9379641886345892e-6	2.9379645355008424e-6	2.9379648424980543e-6	2.937964307965892e-6	2.9379732604333485e-6	2.937981224231047e-6	2.9379857546254443e-6	2.937982497931539e-6	2.937989144061095e-6	2.9379869098925156e-6	2.93797453631699e-6	2.9377771213752284e-6	2.9379850784578263e-6
2.9363919676916894e-6	1.7568019910725187e-7	1.4872957669479284e-6	2.5427448009404544e-9	2.5427436849246774e-9	2.542744404567787e-9	2.9212689073841204e-6	2.9366058936939818e-6	2.937511721322545e-6	2.937846432444211e-6	2.937939544256959e-6	2.9379641847023506e-6	2.9379645306626986e-6	2.9377611856508086e-6	2.937347934251237e-6	2.9375237876234656e-6	2.9375441121889554e-6	2.937776356631112e-6	2.937785390793961e-6	2.9379891416459803e-6	2.937788429215689e-6	2.937640489610732e-6	2.9370006151572333e-6	2.9370711834906366e-6
2.9375469556022315e-6	2.93702711431313e-6	2.9354934758076597e-6	3.2297388981964494e-9	2.707560399083324e-9	2.8821089175971514e-9	2.9354766086211927e-6	2.9367281847818283e-6	2.9373960843051138e-6	2.937711800440803e-6	2.937700736009368e-6	2.9377010115237885e-6	2.9377013545657353e-6	2.937701501713112e-6	2.9377009793837535e-6	2.93770982679267e-6	2.9377177013046934e-6	2.937722187349855e-6	2.9377189548192924e-6	2.9377257529110043e-6	2.9377233378655187e-6	2.9377112065261286e-6	2.937519170914324e-6	2.9370209318019757e-6
9.433977846031516e-9	0.0	0.0	0.0	0.0	0.0	0.0	0.0	2.934868455442064e-6	2.361222175477353e-8	0.0	0.0	0.0	0.0	0.0	0.0	0.0	0.0	0.0	0.0	0.0	0.0	0.0	0.0
0.0	0.0	0.0	0.0	0.0	0.0	0.0	0.0	0.0	0.0	0.0	0.0	0.0	0.0	0.0	0.0	0.0	0.0	0.0	2.7121460768758394e-6	5.141978330843744e-9	5.753520767241245e-9	0.0	0.0
0.0	0.0	0.0	0.0	0.0	0.0	0.0	0.0	0.0	0.0	0.0	0.0	0.0	0.0	0.0	0.0	0.0	0.0	0.0	0.0	0.0	0.0	0.0	0.0
0.0	0.0	0.0	0.0	0.0	0.0	0.0	0.0	0.0	0.0	0.0	0.0	0.0	0.0	0.0	0.0	0.0	0.0	0.0	0.0	0.0	0.0	0.0	0.0
0.0	0.0	0.0	0.0	0.0	0.0	0.0	0.0	0.0	0.0	0.0	0.0	0.0	0.0	0.0	0.0	0.0	0.0	0.0	0.0	0.0	0.0	0.0	0.0
0.0	0.0	0.0	0.0	0.0	0.0	0.0	0.0	0.0	0.0	0.0	0.0	0.0	0.0	0.0	0.0	0.0	0.0	0.0	0.0	0.0	0.0	0.0	0.0
0.0	0.0	0.0	0.0	0.0	0.0	0.0	0.0	0.0	0.0	2.935469219976592e-6	2.937001219674971e-6	2.937309245895929e-6	2.936843175150401e-6	2.936441926307059e-6	2.9370772507055095e-6	2.937109887682723e-6	2.9373093698104253e-6	2.937213251493669e-6	2.937333309196001e-6	2.9372454721068907e-6	2.937208479986478e-6	2.9361905304421047e-6	2.9352835402652396e-6
0.0	0.0	0.0	0.0	0.0	0.0	0.0	0.0	0.0	0.0	0.0	0.0	0.0	0.0	0.0	0.0	0.0	0.0	0.0	0.0	0.0	0.0	0.0	0.0
0.0	0.0	0.0	0.0	0.0	0.0	0.0	0.0	0.0	0.0	0.0	0.0	0.0	0.0	0.0	0.0	0.0	0.0	0.0	0.0	0.0	0.0	0.0	0.0
0.0	0.0	0.0	0.0	0.0	0.0	0.0	0.0	2.935478737233312e-6	2.9370117867771775e-6	2.9375120578584656e-6	2.9376169138147943e-6	2.937617252450923e-6	2.937375720551028e-6	2.9371967310873152e-6	2.9374950030259844e-6	2.9375161082977573e-6	2.9376266237027444e-6	2.937571032984301e-6	2.9376415857971876e-6	2.9375906755084533e-6	2.9374309074898684e-6	2.936803317172751e-6	2.935449394695798e-6
0.0	0.0	0.0	0.0	0.0	0.0	0.0	0.0	2.933959725436486e-6	2.936243961461642e-6	2.9370007751234575e-6	2.9373089197835822e-6	2.937309257101863e-6	2.9373090566943015e-6	2.9373085335751017e-6	2.9373172836075385e-6	2.9373250445967098e-6	2.9373294833205123e-6	2.9373262811006645e-6	2.937333326086082e-6	2.937022564144403e-6	2.9362428906120155e-6	2.933958533930499e-6	0.0
0.0	0.0	0.0	0.0	0.0	0.0	0.0	0.0	0.0	0.0	0.0	0.0	0.0	0.0	0.0	0.0	0.0	0.0	0.0	0.0	0.0	0.0	0.0	0.0
0.0	0.0	0.0	0.0	0.0	0.0	0.0	0.0	0.0	0.0	0.0	0.0	0.0	0.0	0.0	0.0	0.0	0.0	0.0	0.0	0.0	0.0	0.0	0.0
0.0	0.0	0.0	0.0	0.0	0.0	0.0	0.0	2.935478760953433e-6	2.937011851929163e-6	2.9375139870697594e-6	2.9376169231942273e-6	2.9376172612084034e-6	2.937617333799371e-6	2.9376168162976936e-6	2.9376256312588786e-6	2.9376334800004463e-6	2.9376379543354656e-6	2.937634727601644e-6	2.9376415892126955e-6	2.937639099155978e-6	2.9376270399976727e-6	2.9375112089782005e-6	2.937020890442536e-6
0.0	0.0	0.0	0.0	0.0	0.0	0.0	0.0	2.935478737233312e-6	2.9370117867771775e-6	2.9375120578584656e-6	2.9376169138147943e-6	2.9376172524509772e-6	2.937375720551028e-6	2.9371967310873152e-6	2.9374950030259844e-6	2.9375161082977573e-6	2.9376266237027986e-6	2.937571032984301e-6	2.9376415857971876e-6	2.937590675508399e-6	2.9374309074898684e-6	2.936803317172697e-6	2.935449394695798e-6
0.0	0.0	0.0	0.0	0.0	0.0	0.0	0.0	2.935478760953433e-6	2.937011851929163e-6	2.9375139870697594e-6	2.9376169231942273e-6	2.9376172612084034e-6	2.937617333799371e-6	2.9376168162976936e-6	2.9376256312588786e-6	2.9376334800004463e-6	2.9376379543354656e-6	2.937634727601644e-6	2.9376415892126955e-6	2.937639099155978e-6	2.9376270399976727e-6	2.9375112089782005e-6	2.937020890442536e-6
0.0	0.0	0.0	0.0	0.0	0.0	0.0	0.0	0.0	0.0	0.0	0.0	0.0	0.0	0.0	0.0	0.0	0.0	0.0	0.0	0.0	0.0	0.0	0.0
0.0	0.0	0.0	0.0	0.0	0.0	0.0	0.0	0.0	0.0	0.0	0.0	0.0	0.0	0.0	0.0	0.0	0.0	0.0	0.0	0.0	0.0	0.0	0.0
0.0	0.0	0.0	0.0	0.0	0.0	0.0	0.0	0.0	0.0	0.0	0.0	0.0	0.0	0.0	0.0	0.0	0.0	0.0	0.0	0.0	0.0	0.0	0.0
0.0	0.0	0.0	0.0	0.0	0.0	0.0	0.0	0.0	0.0	0.0	0.0	0.0	0.0	0.0	0.0	0.0	0.0	0.0	0.0	0.0	0.0	0.0	0.0
0.0	0.0	0.0	0.0	0.0	0.0	0.0	0.0	0.0	0.0	0.0	0.0	0.0	0.0	0.0	0.0	0.0	0.0	0.0	0.0	0.0	0.0	0.0	0.0
0.0	0.0	0.0	0.0	0.0	0.0	0.0	0.0	0.0	0.0	0.0	0.0	0.0	0.0	0.0	0.0	0.0	0.0	0.0	0.0	0.0	0.0	0.0	0.0
0.0	0.0	0.0	0.0	0.0	0.0	0.0	0.0	0.0	0.0	0.0	0.0	0.0	0.0	0.0	0.0	0.0	0.0	0.0	0.0	0.0	0.0	0.0	0.0
0.0	0.0	0.0	0.0	0.0	0.0	0.0	0.0	0.0	0.0	0.0	0.0	0.0	0.0	0.0	0.0	0.0	0.0	0.0	0.0	0.0	0.0	0.0	0.0
0.0	0.0	0.0	0.0	0.0	0.0	0.0	0.0	0.0	6.3338293416903884e-9	0.0	0.0	0.0	0.0	0.0	0.0	0.0	0.0	0.0	0.0	0.0	0.0	0.0	0.0
