Unit Commitment Scheduling Summary
==================================

Cost Summary
  startup_cost                2040.0000602198963
  shutdown_cost               1990.0000602198963
  variable_fuel_cost          7647.684713306844
  no_load_cost                27206.37992651131
  reserve_up_cost             0.0
  reserve_down_cost           0.0
  load_curtailment_cost       0.0
  wind_curtailment_cost       377282.9914733579
  total_cost                  416167.05623361585

Unit Status by Time
unit_id	t1	t2	t3	t4	t5	t6	t7	t8	t9	t10	t11	t12	t13	t14	t15	t16	t17	t18	t19	t20	t21	t22	t23	t24
1.0	1.0	1.0	0.0	0.0	0.0	0.0	1.0	1.0	1.0	1.0	1.0	1.0	1.0	1.0	1.0	1.0	0.0	0.0	0.0	0.0	0.0	0.0	0.0	0.0
2.0	0.0	0.0	1.0	1.0	1.0	1.0	1.0	0.0	0.0	0.0	0.0	0.0	0.0	0.0	0.0	1.0	1.0	1.0	1.0	1.0	1.0	1.0	1.0	1.0
3.0	0.0	1.0	1.0	1.0	1.0	1.0	0.999999765885014	0.0	0.0	0.0	1.0	1.0	1.0	1.0	0.0	0.0	0.0	0.0	0.0	0.0	0.0	1.0	1.0	1.0

Startup Status by Time
unit_id	t1	t2	t3	t4	t5	t6	t7	t8	t9	t10	t11	t12	t13	t14	t15	t16	t17	t18	t19	t20	t21	t22	t23	t24
1.0	0.0	0.0	0.0	0.0	0.0	0.0	1.0	0.0	0.0	0.0	0.0	0.0	0.0	0.0	0.0	0.0	0.0	0.0	0.0	0.0	0.0	0.0	0.0	0.0
2.0	0.0	0.0	1.0	0.0	0.0	0.0	0.0	0.0	0.0	0.0	0.0	0.0	0.0	0.0	0.0	1.0	0.0	0.0	0.0	0.0	0.0	0.0	0.0	0.0
3.0	0.0	1.0	0.0	0.0	0.0	0.0	0.0	2.3161498595554684e-7	0.0	0.0	1.0	0.0	0.0	0.0	0.0	0.0	0.0	0.0	0.0	0.0	0.0	1.0	0.0	0.0

Shutdown Status by Time
unit_id	t1	t2	t3	t4	t5	t6	t7	t8	t9	t10	t11	t12	t13	t14	t15	t16	t17	t18	t19	t20	t21	t22	t23	t24
1.0	0.0	0.0	1.0	0.0	0.0	0.0	0.0	0.0	0.0	0.0	0.0	0.0	0.0	0.0	0.0	0.0	1.0	0.0	0.0	0.0	0.0	0.0	0.0	0.0
2.0	0.0	0.0	0.0	0.0	0.0	0.0	0.0	1.0	0.0	0.0	0.0	0.0	0.0	0.0	0.0	0.0	0.0	0.0	0.0	0.0	0.0	0.0	0.0	0.0
3.0	0.0	0.0	0.0	0.0	0.0	0.0	2.3161498594670104e-7	1.0	0.0	0.0	0.0	0.0	0.0	0.0	1.0	0.0	0.0	0.0	0.0	0.0	0.0	0.0	0.0	0.0

Scenario 1 Generator Dispatch
unit_id	t1	t2	t3	t4	t5	t6	t7	t8	t9	t10	t11	t12	t13	t14	t15	t16	t17	t18	t19	t20	t21	t22	t23	t24
1.0	0.9	0.9	0.0	0.0	0.0	0.0	0.9	0.9	0.9	0.9	1.0196965175966475	1.1010714587110435	0.9	1.1192414522017247	0.9	0.9	0.0	0.0	0.0	0.0	0.0	0.0	0.0	0.0
2.0	0.0	0.0	0.1	0.1	0.1	0.3120960022107908	0.1	0.0	0.0	0.0	0.0	0.0	0.0	0.0	0.0	0.1	0.3927059136023092	0.3590866149146077	0.4813086390262651	0.22796830891802777	0.1	0.4374572213193628	0.4459311143186915	0.22477888616209651
3.0	0.0	0.1	0.1	0.15092748394844074	0.11031299562247385	0.2	0.1	0.0	0.0	0.0	0.1	0.1	0.1	0.1	0.0	0.0	0.0	0.0	0.0	0.0	0.0	0.2	0.2	0.2

Scenario 1 Reserve Up / Reserve Down
unit_id	time	reserve_up	reserve_down
1.0	1.0	0.0	0.0
1.0	2.0	0.0	0.0
1.0	3.0	0.0	0.0
1.0	4.0	0.0	0.0
1.0	5.0	0.0	0.0
1.0	6.0	0.0	0.0
1.0	7.0	0.0	0.0
1.0	8.0	0.0	0.0
1.0	9.0	0.0	0.0
1.0	10.0	0.0	0.0
1.0	11.0	0.0	0.0
1.0	12.0	0.0	0.0
1.0	13.0	0.0	0.0
1.0	14.0	0.0	0.0
1.0	15.0	0.0	0.0
1.0	16.0	0.0	0.0
1.0	17.0	0.0	0.0
1.0	18.0	0.0	0.0
1.0	19.0	0.0	0.0
1.0	20.0	0.0	0.0
1.0	21.0	0.0	0.0
1.0	22.0	0.0	0.0
1.0	23.0	0.0	0.0
1.0	24.0	0.0	0.0
2.0	1.0	0.0	0.0
2.0	2.0	0.0	0.0
2.0	3.0	0.0	0.0
2.0	4.0	0.0	0.0
2.0	5.0	0.0	0.0
2.0	6.0	0.0	0.0
2.0	7.0	0.0	0.0
2.0	8.0	0.0	0.0
2.0	9.0	0.0	0.0
2.0	10.0	0.0	0.0
2.0	11.0	0.0	0.0
2.0	12.0	0.0	0.0
2.0	13.0	0.0	0.0
2.0	14.0	0.0	0.0
2.0	15.0	0.0	0.0
2.0	16.0	0.0	0.0
2.0	17.0	0.0	0.0
2.0	18.0	0.0	0.0
2.0	19.0	0.0	0.0
2.0	20.0	0.0	0.0
2.0	21.0	0.0	0.0
2.0	22.0	0.0	0.0
2.0	23.0	0.0	0.0
2.0	24.0	0.0	0.0
3.0	1.0	0.0	0.0
3.0	2.0	0.0	0.0
3.0	3.0	0.0	0.0
3.0	4.0	0.0	0.0
3.0	5.0	0.0	0.0
3.0	6.0	0.0	0.0
3.0	7.0	0.0	0.0
3.0	8.0	0.0	0.0
3.0	9.0	0.0	0.0
3.0	10.0	0.0	0.0
3.0	11.0	0.0	0.0
3.0	12.0	0.0	0.0
3.0	13.0	0.0	0.0
3.0	14.0	0.0	0.0
3.0	15.0	0.0	0.0
3.0	16.0	0.0	0.0
3.0	17.0	0.0	0.0
3.0	18.0	0.0	0.0
3.0	19.0	0.0	0.0
3.0	20.0	0.0	0.0
3.0	21.0	0.0	0.0
3.0	22.0	0.0	0.0
3.0	23.0	0.0	0.0
3.0	24.0	0.0	0.0
