 
su_cost	sd_cost	prod_cost	cr⁺	cr⁻	𝜟pd	𝜟pw
9100.0	0.0	477280.4168339906	499.77150586892037	4.615384400731509	0.0	28.396211198938037
 
δf
0.40213948632000696	0.5
0.40213948632000696	0.5
0.40213948632000696	0.5
0.40213948632000696	0.5
0.40213948632000696	0.5
0.40213948632000696	0.5
0.40213948632000696	0.5
0.40213948632000696	0.5
0.40213948632000696	0.5
0.40213948632000696	0.5
0.40213948632000696	0.5
0.40213948632000696	0.5
0.40213948632000696	0.5
0.40213948632000696	0.5
0.40213948632000696	0.5
0.40213948632000696	0.5
0.40213948632000696	0.5
0.40213948632000696	0.5
0.40213948632000696	0.5
0.40213948632000696	0.5
0.40213948632000696	0.5
0.40213948632000696	0.5
0.40213948632000696	0.5
0.40213948632000696	0.5
 
list 1: units stutup/down states
1.0	1.0	1.0	1.0	1.0	1.0	1.0	1.0	1.0	1.0	1.0	1.0	1.0	1.0	1.0	1.0	1.0	1.0	1.0	1.0	1.0	1.0	1.0	1.0
1.0	1.0	1.0	1.0	1.0	1.0	1.0	1.0	1.0	1.0	1.0	1.0	1.0	1.0	1.0	1.0	1.0	1.0	1.0	1.0	1.0	1.0	1.0	1.0
0.0	0.0	0.0	0.0	0.0	0.0	0.0	0.0	0.0	0.0	0.0	0.0	0.0	0.0	0.0	0.0	0.0	0.0	0.0	0.0	0.0	0.0	0.0	0.0
 
list 2: units dispatching power in scenario NO.1
0.911392258487171	0.9	0.9	0.9	0.9	0.9125699041162955	0.9140901571146635	1.0949464351408098	0.9146336706036005	0.9922199959959858	1.2996375883908982	1.3429351454468366	1.1336148583014394	1.3673010558713898	1.2265185370332332	0.9246292093389893	0.9	0.9	0.9	0.9	0.912692581629121	0.9146233538212173	0.9146533751459698	0.9128822091350834
0.1	0.1	0.1	0.1	0.1	0.1	0.1	0.1	0.1	0.1	0.1	0.1	0.1	0.1	0.1	0.1	0.1	0.1	0.1	0.1	0.1	0.1	0.1	0.1
0.0	0.0	0.0	0.0	0.0	0.0	0.0	0.0	0.0	0.0	0.0	0.0	0.0	0.0	0.0	0.0	0.0	0.0	0.0	0.0	0.0	0.0	0.0	0.0
 
list 3: spolied wind power
0.0	0.2384620983763073	0.0	0.0	0.0	0.0	0.0	0.0	0.0017160850051922691	0.0	0.0	0.0	0.0	0.0	0.0	0.0	0.12331834587736909	0.24235356371104708	0.22779123726624767	0.0	0.0	0.0	0.2876539590271545	0.0
0.6505262071709786	0.0	0.0	0.0	0.0	0.01420498506724989	0.0	0.0	0.0	0.0	0.0	0.0	0.0	0.0	0.0	0.0	0.0	0.0	0.0	0.0	0.7879190981147827	0.14863863869035565	0.0	0.40421874946960834
 
list 4: forced load curtailments
0.0	0.0	0.0	0.0	0.0	0.0	0.0	0.0	0.0	0.0	0.0	0.0	0.0	0.0	0.0	0.0	0.0	0.0	0.0	0.0	0.0	0.0	0.0	0.0
0.0	0.0	0.0	0.0	0.0	0.0	0.0	0.0	0.0	0.0	0.0	0.0	0.0	0.0	0.0	0.0	0.0	0.0	0.0	0.0	0.0	0.0	0.0	0.0
0.0	0.0	0.0	0.0	0.0	0.0	0.0	0.0	0.0	0.0	0.0	0.0	0.0	0.0	0.0	0.0	0.0	0.0	0.0	0.0	0.0	0.0	0.0	0.0
 
list 5: pss charge state
0.0	1.0	1.0	1.0	1.0	0.0	-0.0	-0.0	0.0	-0.0	0.0	0.0	0.0	-0.0	-0.0	-0.0	1.0	1.0	1.0	1.0	-0.0	-0.0	-0.0	0.0
 
list 6: pss discharge state
1.0	0.0	0.0	0.0	0.0	1.0	1.0	1.0	1.0	1.0	1.0	1.0	1.0	1.0	1.0	1.0	0.0	0.0	0.0	0.0	1.0	1.0	1.0	1.0
 
list 7: pss charge power
0.0	0.21582277125355673	0.264362292472909	0.4131006129061514	0.16553785277914757	0.0	0.0	0.0	0.0	0.0	0.0	0.0	0.0	0.0	0.0	0.0	0.042151438366421344	0.01276763029850239	0.0132486849805617	0.5435969522368751	0.0	0.0	0.0	0.0
 
list 8: pss discharge power
0.1	0.0	0.0	0.0	0.0	0.06281861576899163	0.037181384231008446	0.1	0.0	0.1	0.1	0.1	0.1	0.1	0.1	0.1	0.0	0.0	0.0	0.0	0.1	0.1	0.1	0.1
 
list 9: pss strored energy
0.1	0.2834493555655232	0.5081573041674958	0.8592928251377245	1.0	0.9371813842310084	0.9	0.8	0.8	0.7	0.6	0.5	0.4	0.3	0.2	0.1	0.13582872261145815	0.14668120836518517	0.1579425905986626	0.6200000000000064	0.5200000000000065	0.4200000000000065	0.3200000000000065	0.22000000000000003
 
list 10: sr⁺
0.09999999999999998	0.2	0.2	0.2	0.9446115918742987	1.0371813842310085	1.0628186157689916	0.09999999999999998	1.0735359402064915	0.09999999999999998	0.09999999999999998	0.09999999999999998	0.09999999999999998	0.09999999999999998	0.09999999999999998	0.09999999999999998	1.1	0.9520282427133021	0.9525092973953609	0.9516073866528584	0.8449621390402252	0.8507769439369585	0.8538255723545211	0.8451517665398386
0.9	0.9	0.9	0.9	0.15538840812570143	0.0	0.0	0.9	0.026464059793508743	0.9	0.9	0.9	0.9	0.9	0.9	0.9	0.0	0.14797175728669798	0.14749070260463915	0.1483926133471417	0.1550378609597748	0.14922305606304154	0.14617442764547894	0.1548482334601614
0.0	0.0	0.0	0.0	0.0	0.0	0.0	0.0	0.0	0.0	0.0	0.0	0.0	0.0	0.0	0.0	0.0	0.0	0.0	0.0	0.0	0.0	0.0	0.0
 
list 11: sr⁻
0.011392258487170952	0.0	0.0	0.0	0.0	0.01256990411629549	0.014090157114663578	0.014922263391214798	0.014633670603600393	0.014464945001001005	0.01687711560290228	0.016839516213638293	0.01679104628542464	0.016597174736032155	0.016803520365741693	0.014827817697665256	0.0	0.0	0.0	0.0	0.012692581629121418	0.014623353821217287	0.01465337514596976	0.01288220913508363
0.0	0.0	0.0	0.0	0.0	0.0	0.0	0.0	0.0	0.0	0.0	0.0	0.0	0.0	0.0	0.0	0.0	0.0	0.0	0.0	0.0	0.0	0.0	0.0
0.0	0.0	0.0	0.0	0.0	0.0	0.0	0.0	0.0	0.0	0.0	0.0	0.0	0.0	0.0	0.0	0.0	0.0	0.0	0.0	0.0	0.0	0.0	0.0
 
list 12: α
0.0	1.0	-0.0	0.0	-0.0	-0.0	-0.0	-0.0	0.0	-0.0	-0.0	0.0	0.0	0.0	-0.0	0.0	1.0	-0.0	-0.0	-0.0	-0.0	-0.0	-0.0	-0.0
 
list 13: β
0.0	-0.0	-0.0	-0.0	0.0	1.0	-0.0	0.0	-0.0	-0.0	0.0	-0.0	-0.0	-0.0	0.0	-0.0	-0.0	-0.0	-0.0	-0.0	1.0	-0.0	0.0	-0.0
