 
su_cost	sd_cost	prod_cost	cr⁺	cr⁻	𝜟pd	𝜟pw
9100.0	0.0	477280.4168320469	499.77150586892037	4.615384400731509	0.0	28.396211197840984
 
δf
<<<<<<< HEAD
0.4024561609878149	0.5
0.4024561609878149	0.5
0.4024561609878149	0.5
0.4024561609878149	0.5
0.4024561609878149	0.5
0.4024561609878149	0.5
0.4024561609878149	0.5
0.4024561609878149	0.5
0.4024561609878149	0.5
0.4024561609878149	0.5
0.4024561609878149	0.5
0.4024561609878149	0.5
0.4024561609878149	0.5
0.4024561609878149	0.5
0.4024561609878149	0.5
0.4024561609878149	0.5
0.4024561609878149	0.5
0.4024561609878149	0.5
0.4024561609878149	0.5
0.4024561609878149	0.5
0.4024561609878149	0.5
0.4024561609878149	0.5
0.4024561609878149	0.5
0.4024561609878149	0.5
=======
0.40245616098781467	0.5
0.40245616098781467	0.5
0.40245616098781467	0.5
0.40245616098781467	0.5
0.40245616098781467	0.5
0.40245616098781467	0.5
0.40245616098781467	0.5
0.40245616098781467	0.5
0.40245616098781467	0.5
0.40245616098781467	0.5
0.40245616098781467	0.5
0.40245616098781467	0.5
0.40245616098781467	0.5
0.40245616098781467	0.5
0.40245616098781467	0.5
0.40245616098781467	0.5
0.40245616098781467	0.5
0.40245616098781467	0.5
0.40245616098781467	0.5
0.40245616098781467	0.5
0.40245616098781467	0.5
0.40245616098781467	0.5
0.40245616098781467	0.5
0.40245616098781467	0.5
>>>>>>> df7532d1943c70d9c5274d592fa7fb2e363cffa2
 
list 1: units stutup/down states
1.0	1.0	1.0	1.0	1.0	1.0	1.0	1.0	1.0	1.0	1.0	1.0	1.0	1.0	1.0	1.0	1.0	1.0	1.0	1.0	1.0	1.0	1.0	1.0
1.0	1.0	1.0	1.0	1.0	1.0	1.0	1.0	1.0	1.0	1.0	1.0	1.0	1.0	1.0	1.0	1.0	1.0	1.0	1.0	1.0	1.0	1.0	1.0
0.0	0.0	0.0	0.0	0.0	0.0	0.0	0.0	0.0	0.0	0.0	0.0	0.0	0.0	0.0	0.0	0.0	0.0	0.0	0.0	0.0	0.0	0.0	0.0
 
list 2: units dispatching power in scenario NO.1
0.9113922584871702	0.9	0.9	0.9	0.9	0.9125699041162956	0.9140901406600602	1.0949464351408102	0.9146336706036005	0.9922199959959862	1.2996375883908984	1.342935145446837	1.1336148583014398	1.36730105587139	1.2265185370332334	0.9246292093389896	0.9	0.9	0.9	0.9	0.9126925816291215	0.9146233538212173	0.9146533751459697	0.9128822091350837
0.1	0.1	0.1	0.1	0.1	0.1	0.1	0.1	0.1	0.1	0.1	0.1	0.1	0.1	0.1	0.1	0.1	0.1	0.1	0.1	0.1	0.1	0.1	0.1
0.0	0.0	0.0	0.0	0.0	0.0	0.0	0.0	0.0	0.0	0.0	0.0	0.0	0.0	0.0	0.0	0.0	0.0	0.0	0.0	0.0	0.0	0.0	0.0
 
list 3: spolied wind power
0.6505262071709778	0.0	0.0	0.0	0.056009552614586885	0.0	0.0	0.0	0.0	0.0	0.0	0.0	0.0	0.0	0.0	0.0	0.05487587980237879	0.17231799286952437	0.16196390182149478	0.0	0.7879190981147831	0.0	0.0	0.40421874946960856
0.0	0.18245254576171893	0.0	0.0	0.0	0.0	-1.5454603318782902e-8	0.0	0.01592107007244259	0.0	0.0	0.0	0.0	0.0	0.0	0.0	0.0	0.0	0.0	0.20430537236127333	0.0	0.1486386386903556	0.28765395902715435	0.0
 
list 4: forced load curtailments
0.0	0.0	0.0	0.0	0.0	0.0	0.0	0.0	0.0	0.0	0.0	0.0	0.0	0.0	0.0	0.0	0.0	0.0	0.0	0.0	0.0	0.0	0.0	0.0
0.0	0.0	0.0	0.0	0.0	0.0	0.0	0.0	0.0	0.0	0.0	0.0	0.0	0.0	0.0	0.0	0.0	0.0	0.0	0.0	0.0	0.0	0.0	0.0
0.0	0.0	0.0	0.0	0.0	0.0	0.0	0.0	0.0	0.0	0.0	0.0	0.0	0.0	0.0	0.0	0.0	0.0	0.0	0.0	0.0	0.0	0.0	0.0
 
list 5: pss charge state
0.0	1.0	1.0	1.0	1.0	-0.0	-0.0	-0.0	-0.0	-0.0	-0.0	-0.0	-0.0	-0.0	-0.0	-0.0	1.0	1.0	1.0	1.0	-0.0	-0.0	-0.0	-0.0
 
list 6: pss discharge state
1.0	0.0	0.0	0.0	0.0	1.0	1.0	1.0	1.0	1.0	1.0	1.0	1.0	1.0	1.0	1.0	0.0	0.0	0.0	0.0	1.0	1.0	1.0	1.0
 
list 7: pss charge power
0.0	0.2718323238681451	0.2643622924729082	0.4131006129061507	0.10952830016456071	0.0	0.0	0.0	0.0	0.0	0.0	0.0	0.0	0.0	0.0	0.0	0.11059390444141168	0.0828032011400251	0.0790760204253146	0.33929157987560177	0.0	0.0	0.0	0.0
 
list 8: pss discharge power
0.1	0.0	0.0	0.0	0.0	0.04861363070174156	0.03718138423100814	0.1	0.01420498506725043	0.1	0.1	0.1	0.1	0.1	0.1	0.1	0.0	0.0	0.0	0.0	0.1	0.1	0.1	0.1
 
list 9: pss strored energy
0.1	0.3310574752879233	0.5557654238898952	0.9069009448601234	1.0	0.9513863692982585	0.9142049850672503	0.8142049850672504	0.8	0.7	0.6	0.5	0.4	0.3	0.2	0.1	0.19400481877519993	0.26438753974422124	0.33160215710573865	0.62	0.52	0.42000000000000004	0.32000000000000006	0.22000000000000003
 
list 10: sr⁺
0.09999999999999998	0.2	0.2	0.2	0.2	0.1513863692982585	0.16281861576899193	0.09999999999999998	0.18579501493274964	0.09999999999999998	0.09999999999999998	0.09999999999999998	0.09999999999999998	0.09999999999999998	0.09999999999999998	0.09999999999999998	0.2	0.2	0.2	0.2	0.09999999999999998	0.09999999999999998	0.09999999999999998	0.09999999999999998
0.9	0.9	0.9	0.9	0.9	0.9	0.9	0.9	0.9	0.9	0.9	0.9	0.9	0.9	0.9	0.9	0.9	0.9	0.9	0.9	0.9	0.9	0.9	0.9
0.0	0.0	0.0	0.0	0.0	0.0	0.0	0.0	0.0	0.0	0.0	0.0	0.0	0.0	0.0	0.0	0.0	0.0	0.0	0.0	0.0	0.0	0.0	0.0
 
list 11: sr⁻
0.011392258487170952	0.0	0.0	0.0	0.0	0.01256990411629549	0.01409015711466358	0.014922263391214798	0.014633670603600393	0.014464945001001005	0.01687711560290228	0.016839516213638293	0.01679104628542464	0.016597174736032155	0.016803520365741693	0.014827817697665256	0.0	0.0	0.0	0.0	0.012692581629121418	0.014623353821217287	0.014653375145970298	0.01288220913508363
0.0	0.0	0.0	0.0	0.0	0.0	0.0	0.0	0.0	0.0	0.0	0.0	0.0	0.0	0.0	0.0	0.0	0.0	0.0	0.0	0.0	0.0	0.0	0.0
0.0	0.0	0.0	0.0	0.0	0.0	0.0	0.0	0.0	0.0	0.0	0.0	0.0	0.0	0.0	0.0	0.0	0.0	0.0	0.0	0.0	0.0	0.0	0.0
 
list 12: α
0.0	1.0	-0.0	-0.0	-0.0	-0.0	-0.0	-0.0	-0.0	-0.0	-0.0	-0.0	-0.0	-0.0	-0.0	-0.0	1.0	-0.0	-0.0	-0.0	-0.0	-0.0	-0.0	-0.0
 
list 13: β
0.0	-0.0	-0.0	-0.0	-0.0	1.0	-0.0	-0.0	-0.0	-0.0	-0.0	-0.0	-0.0	-0.0	-0.0	-0.0	-0.0	-0.0	-0.0	-0.0	1.0	-0.0	-0.0	-0.0
