 
su_cost	sd_cost	prod_cost	cr⁺	cr⁻	𝜟pd	𝜟pw
9043.0	3168.0	3.7743453711248767e6	79.52741078470012	5.0809500060313044e-5	0.0	1.1062249710072632e-13
 
list 1: units stutup/down states
0	0	0	0	0	0	0	0	0	0	0	0	0	0	0	0	0	0	0	0	0	0	1	1
0	0	0	0	0	0	0	0	0	0	0	0	0	0	0	0	0	0	0	0	0	0	1	1
0	0	0	0	0	0	0	0	0	0	0	0	0	0	0	0	0	0	0	0	0	0	1	1
1	1	0	0	0	0	0	0	0	0	1	1	1	1	1	1	1	1	1	1	1	1	1	1
0	0	0	0	0	0	0	1	1	1	1	1	1	1	1	1	1	1	1	1	1	1	1	1
0	0	0	0	0	0	0	0	0	0	0	0	0	0	0	0	0	0	0	0	0	0	0	1
0	0	0	0	0	0	0	1	1	1	1	1	1	1	1	1	1	1	1	1	1	1	1	1
0	0	0	0	0	0	0	0	0	0	0	0	0	0	0	0	0	0	0	0	0	0	1	1
0	0	0	0	0	0	0	0	0	0	0	0	0	0	0	0	0	0	0	0	0	0	1	1
1	1	1	1	1	1	1	1	1	1	1	1	1	1	1	1	1	1	1	1	1	1	1	1
1	1	1	1	1	1	1	1	1	1	1	1	1	1	1	1	1	1	1	1	1	1	1	1
0	0	0	0	0	0	0	0	0	0	0	0	0	0	0	0	0	0	0	0	0	0	1	1
0	0	0	0	0	0	0	0	0	0	0	0	0	0	0	0	0	0	0	0	0	0	1	1
0	0	0	0	0	0	0	1	1	1	1	1	1	1	1	1	1	1	1	1	1	1	1	1
0	0	0	0	0	0	0	0	0	0	0	0	0	0	0	0	0	0	0	0	0	0	1	1
0	0	0	0	0	0	0	1	1	1	1	1	1	1	1	1	1	1	1	1	1	1	1	1
0	0	0	0	0	0	0	0	0	0	0	0	0	0	0	0	0	0	0	0	0	0	1	1
0	0	0	0	0	0	0	0	0	0	0	0	0	0	0	0	0	0	0	0	0	0	1	1
1	1	0	0	0	0	0	1	1	1	1	1	1	1	1	1	1	1	1	1	1	1	1	1
1	1	1	1	1	1	1	1	1	1	1	1	1	1	1	1	1	1	1	1	1	1	1	1
1	1	1	1	1	1	1	1	1	1	1	1	1	1	1	1	1	1	1	1	1	1	1	1
0	0	0	0	0	0	0	1	1	1	1	1	1	1	1	1	1	1	1	1	1	1	1	1
0	0	0	0	0	0	0	1	1	1	1	1	1	1	1	1	1	1	1	1	1	1	1	1
0	0	0	0	0	0	0	1	1	1	1	1	1	1	1	1	1	1	1	1	1	1	1	1
0	0	0	0	0	0	0	1	1	1	1	1	1	1	1	1	1	1	1	1	1	1	1	1
0	0	0	0	0	0	0	1	1	1	1	1	1	1	1	1	1	1	1	1	1	1	1	1
1	1	1	1	1	1	1	1	1	1	1	1	1	1	1	1	1	1	1	1	1	1	1	1
1	1	1	1	1	1	1	1	1	1	1	1	1	1	1	1	1	1	1	1	1	1	1	1
0	0	0	0	0	0	1	1	1	1	1	1	1	1	1	1	1	1	1	1	1	1	1	1
1	1	0	0	0	0	0	0	0	1	1	1	1	1	1	1	1	0	0	0	0	1	1	1
0	0	0	0	0	0	0	0	0	0	0	0	0	0	0	0	0	0	0	0	0	0	0	1
0	0	0	0	0	0	0	0	0	0	0	0	0	0	0	0	0	0	0	0	0	0	1	1
0	0	0	0	0	0	0	0	0	0	0	0	0	0	0	0	0	0	0	0	0	0	0	0
0	0	0	0	0	0	0	0	0	1	1	1	1	1	1	1	1	1	1	1	1	1	1	1
0	0	0	0	0	0	0	0	0	0	0	0	0	0	0	0	0	0	0	0	1	1	1	1
1	1	0	0	0	0	0	0	0	0	1	1	1	1	1	1	1	1	1	1	1	1	1	1
0	0	0	0	0	0	0	0	0	1	1	1	1	1	1	1	1	1	1	1	1	1	1	1
1	0	0	0	0	0	0	0	0	0	0	0	0	0	0	0	0	0	0	0	0	0	0	0
0	0	0	0	0	0	0	1	1	1	1	1	1	1	1	1	1	1	1	1	1	1	1	1
0	0	0	0	0	0	0	1	1	1	1	1	1	1	1	1	1	1	1	1	1	1	1	1
0	0	0	0	0	0	0	0	0	0	0	0	0	0	0	0	0	0	0	0	0	0	0	1
1	0	0	0	0	0	0	0	0	0	0	1	0	0	0	1	0	0	0	0	0	0	0	1
1	1	1	0	0	0	0	0	0	0	0	1	1	1	1	1	1	1	1	1	1	1	1	1
1	1	0	0	0	0	0	0	0	0	1	1	1	1	1	1	1	1	1	1	1	1	1	1
1	1	1	0	0	0	0	0	0	0	0	1	1	1	1	1	1	1	1	1	1	1	1	1
1	0	0	0	0	0	0	0	0	0	0	0	0	0	0	0	0	0	0	0	0	0	0	1
0	0	0	0	0	0	0	0	0	1	1	1	1	1	1	1	1	1	1	1	1	1	1	1
0	0	0	0	0	0	0	0	0	0	0	0	0	0	0	0	0	0	0	0	1	1	1	1
1	0	0	0	0	0	0	0	0	0	0	0	0	0	0	0	0	0	0	0	0	0	0	1
1	1	1	0	0	0	0	0	0	0	0	0	0	0	0	0	0	0	0	0	0	0	1	1
0	0	0	0	0	0	0	0	1	1	1	1	1	1	1	1	1	1	1	1	1	1	1	1
0	0	0	0	0	0	0	0	0	0	0	0	0	0	0	0	0	0	0	0	1	1	1	1
0	0	0	0	0	0	0	0	0	1	1	1	1	1	1	1	1	1	1	1	1	1	1	1
1	1	0	0	0	0	0	0	0	0	1	1	1	0	0	0	0	0	0	0	0	1	1	1
0	0	0	0	0	0	0	0	0	0	0	0	0	0	0	0	0	0	0	0	0	0	1	1
0	0	0	0	0	0	0	0	0	0	0	0	0	0	0	0	0	0	0	0	0	0	1	1
0	0	0	0	0	0	0	0	0	0	0	0	0	0	0	0	0	0	0	0	0	0	1	1
1	1	0	0	0	0	0	0	0	0	1	1	1	1	1	1	1	1	1	1	1	1	1	1
0	0	0	0	0	0	1	1	1	1	1	1	1	1	1	1	1	1	1	1	1	1	1	1
0	0	0	0	0	0	0	0	0	0	0	0	0	0	0	0	0	0	0	0	0	0	0	1
0	0	0	0	0	0	0	1	1	1	1	1	1	1	1	1	1	1	1	1	1	1	1	1
0	0	0	0	0	0	0	0	0	0	0	0	0	0	0	0	0	0	0	0	0	0	1	1
0	0	0	0	0	0	0	0	0	0	0	0	0	0	0	0	0	0	0	0	0	0	1	1
1	1	1	0	0	0	0	0	0	0	0	1	1	1	1	1	1	1	1	1	1	1	1	1
1	1	1	1	1	1	1	1	1	1	1	1	1	1	1	1	1	1	1	1	1	1	1	1
0	0	0	0	0	0	0	0	0	0	0	0	0	0	0	0	0	0	0	0	0	0	1	1
0	0	0	0	0	0	0	0	0	0	0	0	0	0	0	0	0	0	0	0	0	0	1	1
0	0	0	0	0	0	0	1	1	1	1	1	1	1	1	1	1	1	1	1	1	1	1	1
0	0	0	0	0	0	0	0	0	0	0	0	0	0	0	0	0	0	0	0	0	0	1	1
0	0	0	0	0	0	0	1	1	1	1	1	1	1	1	1	1	1	1	1	1	1	1	1
0	0	0	0	0	0	0	0	0	0	0	0	0	0	0	0	0	0	0	0	0	0	1	1
0	0	0	0	0	0	0	0	0	0	0	0	0	0	0	0	0	0	0	0	0	0	1	1
1	1	0	0	0	0	0	1	1	1	1	1	1	1	1	1	1	1	1	1	1	1	1	1
1	1	1	1	1	1	1	1	1	1	1	1	1	1	1	1	1	1	1	1	1	1	1	1
1	1	0	0	0	0	0	0	0	0	1	1	1	1	1	1	1	1	1	1	1	1	1	1
0	0	0	0	0	0	0	1	1	1	1	1	1	1	1	1	1	1	1	1	1	1	1	1
0	0	0	0	0	0	0	1	1	1	1	1	1	1	1	1	1	1	1	1	1	1	1	1
0	0	0	0	0	0	0	1	1	1	1	1	1	1	1	1	1	1	1	1	1	1	1	1
0	0	0	0	0	0	0	1	1	1	1	1	1	1	1	1	1	1	1	1	1	1	1	1
0	0	0	0	0	0	0	1	1	1	1	1	1	1	1	1	1	1	1	1	1	1	1	1
1	1	1	1	1	1	1	1	1	1	1	1	1	1	1	1	1	1	1	1	1	1	1	1
1	1	1	1	1	1	1	1	1	1	1	1	1	1	1	1	1	1	1	1	1	1	1	1
0	0	0	0	0	0	1	1	1	1	1	1	1	1	1	1	1	1	1	1	1	1	1	1
1	1	0	0	0	0	0	0	0	1	1	1	1	1	1	1	1	0	0	0	0	1	1	1
1	0	0	0	0	0	0	0	0	0	0	0	0	0	0	0	0	0	0	0	0	0	0	1
0	0	0	0	0	0	0	0	0	0	0	0	0	0	0	0	0	0	0	0	0	0	1	1
0	0	0	0	0	0	0	0	0	0	0	0	0	0	0	0	0	0	0	0	0	0	0	0
0	0	0	0	0	0	0	0	0	1	1	1	1	1	1	1	1	1	1	1	1	1	1	1
0	0	0	0	0	0	0	0	0	0	0	0	0	0	0	0	0	0	0	0	1	1	1	1
0	0	0	0	0	0	1	1	1	1	1	1	1	1	1	1	1	1	1	1	1	1	1	1
0	0	0	0	0	0	0	0	0	1	1	1	1	1	1	1	1	1	1	1	1	1	1	1
1	0	0	0	0	0	0	0	0	0	0	0	0	0	0	0	0	0	0	0	0	0	0	1
0	0	0	0	0	0	0	1	1	1	1	1	1	1	1	1	1	1	1	1	1	1	1	1
0	0	0	0	0	0	0	1	1	1	1	1	1	1	1	1	1	1	1	1	1	1	1	1
0	0	0	0	0	0	0	0	0	0	0	0	0	0	0	0	0	0	0	0	0	0	0	1
1	0	0	0	0	0	0	0	0	0	0	1	0	0	0	1	0	0	0	0	0	0	0	1
1	1	1	0	0	0	0	0	0	0	0	1	1	1	1	1	1	1	1	1	1	1	1	1
0	0	0	0	0	0	0	1	1	1	1	1	1	1	1	1	1	1	1	1	1	1	1	1
1	1	1	0	0	0	0	0	0	0	0	1	1	1	1	1	1	1	1	1	1	1	1	1
1	0	0	0	0	0	0	0	0	0	0	0	0	0	0	0	0	0	0	0	0	0	0	1
0	0	0	0	0	0	0	0	0	1	1	1	1	1	1	1	1	1	1	1	1	1	1	1
0	0	0	0	0	0	0	0	0	0	0	0	0	0	0	0	0	0	0	0	1	1	1	1
1	0	0	0	0	0	0	0	0	0	0	0	0	0	0	0	0	0	0	0	0	0	0	1
1	1	1	0	0	0	0	0	0	0	0	0	0	0	0	0	0	0	0	0	0	0	1	1
0	0	0	0	0	0	0	0	0	1	1	1	1	1	1	1	1	1	1	1	1	1	1	1
0	0	0	0	0	0	0	0	0	0	0	0	0	0	0	0	0	0	0	0	1	1	1	1
0	0	0	0	0	0	0	0	1	1	1	1	1	1	1	1	1	1	1	0	0	0	0	0
1	1	0	0	0	0	0	0	0	0	1	1	1	0	0	0	0	0	0	0	0	1	1	1
 
list 2: units dispatching power in scenario NO.1
0.0	0.0	0.0	0.0	0.0	0.0	0.0	0.0	0.0	0.0	0.0	0.0	0.0	0.0	0.0	0.0	0.0	0.0	0.0	0.0	0.0	0.0	0.05	0.2999999999759664
0.0	0.0	0.0	0.0	0.0	0.0	0.0	0.0	0.0	0.0	0.0	0.0	0.0	0.0	0.0	0.0	0.0	0.0	0.0	0.0	0.0	0.0	0.05	0.2999999999759664
0.0	0.0	0.0	0.0	0.0	0.0	0.0	0.0	0.0	0.0	0.0	0.0	0.0	0.0	0.0	0.0	0.0	0.0	0.0	0.0	0.0	0.0	0.05	0.2999999999759664
2.0999999998633747	1.5	0.0	0.0	0.0	0.0	0.0	0.0	0.0	0.0	1.5	2.099999999985111	2.6999999996974955	2.9999999992396646	2.9999999986095505	2.9999999999823808	2.3999999999992734	2.999999986404972	2.3999999998837187	2.999999999729353	2.9999999993466813	2.699999999862884	2.0999999998777312	1.5
0.0	0.0	0.0	0.0	0.0	0.0	0.0	1.0	1.5999999972950083	2.1999999963613175	2.79999999634566	2.9999999999663896	2.400000002416668	1.8000000050110432	2.400000000448908	2.9999999999802576	2.399999999995461	1.800000000336047	2.3737352284606	2.9737352283616403	2.3737352317797225	2.1999999991953585	1.5999999992109997	1.0
0.0	0.0	0.0	0.0	0.0	0.0	0.0	0.0	0.0	0.0	0.0	0.0	0.0	0.0	0.0	0.0	0.0	0.0	0.0	0.0	0.0	0.0	0.0	0.1
0.0	0.0	0.0	0.0	0.0	0.0	0.0	0.25	0.44999999985940753	0.6499999996741064	0.8499999996589427	0.9999999999676212	0.9999999988713475	0.9999999980530776	0.892757563830142	0.9999999999818107	0.7999999999981636	0.6000000026897011	0.799999999604044	0.9999999994847585	0.9999999986295853	0.9999999995884268	0.7999999996048771	0.6499999999738819
0.0	0.0	0.0	0.0	0.0	0.0	0.0	0.0	0.0	0.0	0.0	0.0	0.0	0.0	0.0	0.0	0.0	0.0	0.0	0.0	0.0	0.0	0.05	0.2999999999759664
0.0	0.0	0.0	0.0	0.0	0.0	0.0	0.0	0.0	0.0	0.0	0.0	0.0	0.0	0.0	0.0	0.0	0.0	0.0	0.0	0.0	0.0	0.05	0.2999999999759664
2.3191924021997794	2.065658995514098	2.1999999953276657	1.5999999953445556	1.0000000000511975	1.1542958478854441	1.7542958478684336	2.3542958477020157	2.9542958473034298	2.3999999997681956	2.999999999751325	2.9999999999684417	2.999999999407308	2.999999999239723	2.9999999986094714	2.9999999999823803	2.399999999999273	2.9999999864052542	2.3999999998836974	2.9999999997293356	2.7999999995804385	2.199999999900041	1.599999999914194	1.0
2.3999999858799743	1.6999999861634625	1.700000000422072	1.000000000440017	1.0000000000479623	1.0000000002246305	1.7000000002042812	2.0935855591307417	2.0602843076479798	2.7602843064097478	3.4602843063940565	3.4999999999662603	2.8000000019100635	2.1000000043297202	2.800000000422007	3.4999999999801834	2.7999999999953546	2.1000000003303465	2.799999846493695	3.49999984639592	2.799999996442752	3.4999999937785704	2.7999999937944597	2.399999999972115
0.0	0.0	0.0	0.0	0.0	0.0	0.0	0.0	0.0	0.0	0.0	0.0	0.0	0.0	0.0	0.0	0.0	0.0	0.0	0.0	0.0	0.0	0.08	0.2999999999759665
0.0	0.0	0.0	0.0	0.0	0.0	0.0	0.0	0.0	0.0	0.0	0.0	0.0	0.0	0.0	0.0	0.0	0.0	0.0	0.0	0.0	0.0	0.08	0.2999999999759665
0.0	0.0	0.0	0.0	0.0	0.0	0.0	0.25	0.44999999983831096	0.6499999996297042	0.8499999996144727	0.999999999967473	0.9999999986579997	0.9999999970518871	0.800000011859794	0.9999999999816668	0.7999999999978886	0.6000000017576368	0.7999999994860263	0.9999999993723486	0.9999999983018119	0.99999999953276	0.7999999995491303	0.649999999973661
0.0	0.0	0.0	0.0	0.0	0.0	0.0	0.0	0.0	0.0	0.0	0.0	0.0	0.0	0.0	0.0	0.0	0.0	0.0	0.0	0.0	0.0	0.08	0.2999999999759665
0.0	0.0	0.0	0.0	0.0	0.0	0.0	0.25	0.44999999985940753	0.6499999996741064	0.8499999996589427	0.9999999999676212	0.9999999988713475	0.9999999980530776	0.892757563830142	0.9999999999818107	0.7999999999981636	0.6000000026897011	0.799999999604044	0.9999999994847585	0.9999999986295853	0.9999999995884268	0.7999999996048771	0.6499999999738819
0.0	0.0	0.0	0.0	0.0	0.0	0.0	0.0	0.0	0.0	0.0	0.0	0.0	0.0	0.0	0.0	0.0	0.0	0.0	0.0	0.0	0.0	0.08	0.2999999999759665
0.0	0.0	0.0	0.0	0.0	0.0	0.0	0.0	0.0	0.0	0.0	0.0	0.0	0.0	0.0	0.0	0.0	0.0	0.0	0.0	0.0	0.0	0.08	0.2999999999759665
0.45000009862124435	0.25	0.0	0.0	0.0	0.0	0.0	0.25	0.44999999983831096	0.6499999996297042	0.8499999996144727	0.999999999967473	0.9999999986579997	0.9999999970518871	0.800000011859794	0.9999999999816668	0.7999999999978886	0.6000000017576368	0.7999999994860263	0.9999999993723486	0.9999999983018119	0.99999999953276	0.7999999995491303	0.649999999973661
2.0000000005291008	1.5000000007869405	1.0000000016279857	0.5000000016450751	0.5000000000497152	0.5000000003473196	1.0000000003279599	1.4999999992322066	1.5787707258856412	1.9999999975771587	2.499999997561187	2.49999999996638	2.196813090081501	1.7183489203649613	2.0000000005720167	2.499999999980481	1.9999999999959448	1.500000000481422	1.9999998972403472	2.499999897139622	2.0000000037541676	2.4999999957898154	1.9999999958057333	1.500000000530315
0.5000000004935489	0.5000000003187218	1.0000000000686167	0.5000000000933514	0.5000000000413396	0.500000000080263	1.0000000000518052	0.5000000004220324	0.5176066086623254	1.0176066085678805	1.5176066085560644	2.0176066085260445	1.517606608605238	1.4999999999255098	1.9999999998503843	2.4999999998161986	1.9999999998249889	1.4999999998520852	0.9999999998991125	0.7790495314910424	0.5921695201305093	1.0921695200331287	0.5921695200568213	1.0921695200241506
0.0	0.0	0.0	0.0	0.0	0.0	0.0	0.25	0.44999999983831096	0.6499999996297042	0.8499999996144727	0.999999999967473	0.9999999986579997	0.9999999970518871	0.800000011859794	0.9999999999816668	0.7999999999978886	0.6000000017576368	0.7999999994860263	0.9999999993723486	0.9999999983018119	0.99999999953276	0.7999999995491303	0.649999999973661
0.0	0.0	0.0	0.0	0.0	0.0	0.0	0.25	0.44999999985940753	0.6499999996741064	0.8499999996589427	0.9999999999676212	0.9999999988713475	0.9999999980530776	0.892757563830142	0.9999999999818107	0.7999999999981636	0.6000000026897011	0.799999999604044	0.9999999994847585	0.9999999986295853	0.9999999995884268	0.7999999996048771	0.6499999999738819
0.0	0.0	0.0	0.0	0.0	0.0	0.0	0.5	0.6776066009028913	1.0776066008127476	1.4776066008010238	1.8776066007714816	1.477606600851474	1.1999999999988222	1.5999999999184917	1.9999999998817806	1.5999999998907752	1.1999999999189699	0.7999999999673061	0.779049530586044	0.6321695186850964	1.0321695185888013	0.6321695186124614	1.032169518579852
0.0	0.0	0.0	0.0	0.0	0.0	0.0	0.5	0.8999999997029541	1.299999999322173	1.699999999306651	1.9999999999666915	1.999998867683343	1.5999988704172259	1.6000000007416324	1.999999999980818	1.5999999999964918	1.2000000006337914	1.5999999973339063	1.9999999972320275	1.8199256113460984	1.9999999988123327	1.5999999988284	1.2999999999730738
0.0	0.0	0.0	0.0	0.0	0.0	0.0	0.25	0.44999999985940753	0.6499999996741064	0.8499999996589427	0.9999999999676212	0.9999999988713475	0.9999999980530776	0.892757563830142	0.9999999999818107	0.7999999999981636	0.6000000026897011	0.799999999604044	0.9999999994847585	0.9999999986295853	0.9999999995884268	0.7999999996048771	0.6499999999738819
4.199999999674266	3.360000001888235	2.6242493457927716	1.784249345809703	1.0000000000510154	1.000000009111835	1.84000000909472	2.6800000089187526	3.5200000084836582	3.3599999997427505	4.199999999725973	4.199999999968234	4.199999999323989	4.199999999097194	4.1999999980437925	4.199999999982253	3.35999999999903	3.8497478638553435	3.359999999840682	4.1999999996954385	4.199999999244061	4.199999999723113	3.3599999997398884	3.1015024992360964
2.7344550987013454	1.8944550989813171	1.8400000004200512	1.0000000004380059	1.0000000000479623	1.0000000002240959	1.8400000002037333	2.093585562390147	1.9202844181796777	2.760284416882953	3.600284416867252	4.199999999966076	3.3600000014506293	2.5200000036488994	3.3600000003896495	4.199999999980072	3.3599999999951917	2.520000000319122	2.892456028209923	3.7324560281120682	3.2228061807259816	4.06280617864881	3.222806178664675	2.679999999972076
0.0	0.0	0.0	0.0	0.0	0.0	0.8	1.399999999849769	1.9999999994958593	2.399999999768306	2.9999999997514353	2.999999999968442	2.9999999994073043	2.9999999992397175	2.99999999860945	2.9999999999823803	2.3999999999992734	2.999999986405311	2.399999999883704	2.9999999997293427	2.9999999993467563	2.9999999997490896	2.399999999765959	1.9999999999747886
0.3000000001944906	0.3	0.0	0.0	0.0	0.0	0.0	0.0	0.0	0.3	0.79999999995276	0.799999999947907	0.3000000001574052	0.3000000001514887	0.3000000001428905	0.7999999999864615	0.3	0.0	0.0	0.0	0.0	0.3	0.30000000003662225	0.799999999978543
0.0	0.0	0.0	0.0	0.0	0.0	0.0	0.0	0.0	0.0	0.0	0.0	0.0	0.0	0.0	0.0	0.0	0.0	0.0	0.0	0.0	0.0	0.0	0.1
0.0	0.0	0.0	0.0	0.0	0.0	0.0	0.0	0.0	0.0	0.0	0.0	0.0	0.0	0.0	0.0	0.0	0.0	0.0	0.0	0.0	0.0	0.05	0.2999999999759664
0.0	0.0	0.0	0.0	0.0	0.0	0.0	0.0	0.0	0.0	0.0	0.0	0.0	0.0	0.0	0.0	0.0	0.0	0.0	0.0	0.0	0.0	0.0	0.0
0.0	0.0	0.0	0.0	0.0	0.0	0.0	0.0	0.0	0.25	0.4499999999842493	0.6499999999325771	0.44999999998305473	0.3554959898558194	0.555495989805978	0.7554959897823668	0.5554959897918363	0.355495989836487	0.2500000001036854	0.2500000003611158	0.25000000022199537	0.4500000000434549	0.25000000006945194	0.25
0.0	0.0	0.0	0.0	0.0	0.0	0.0	0.0	0.0	0.0	0.0	0.0	0.0	0.0	0.0	0.0	0.0	0.0	0.0	0.0	0.25	0.44999999996203854	0.25000000002991035	0.44999999998706086
2.1000000341921092	1.5	0.0	0.0	0.0	0.0	0.0	0.0	0.0	0.0	1.5	2.0999999999833565	2.3999999582887583	1.8000000019777094	2.4000000003777076	2.9999999999801847	2.399999999995389	1.8000000003363685	2.373735310449107	2.97373531035015	2.373735313812621	2.69999999902472	2.0999999990403886	1.5
0.0	0.0	0.0	0.0	0.0	0.0	0.0	0.0	0.0	0.25	0.4499999999842493	0.6499999999325771	0.44999999998305473	0.3554959898558194	0.555495989805978	0.7554959897823668	0.5554959897918363	0.355495989836487	0.2500000001036854	0.2500000003611158	0.25000000022199537	0.4500000000434549	0.25000000006945194	0.25
0.1	0.0	0.0	0.0	0.0	0.0	0.0	0.0	0.0	0.0	0.0	0.0	0.0	0.0	0.0	0.0	0.0	0.0	0.0	0.0	0.0	0.0	0.0	0.0
0.0	0.0	0.0	0.0	0.0	0.0	0.0	1.0	1.5999999972950083	2.1999999963613175	2.79999999634566	2.9999999999663896	2.400000002416668	1.8000000050110432	2.400000000448908	2.9999999999802576	2.399999999995461	1.800000000336047	2.3737352284606	2.9737352283616403	2.3737352317797225	2.1999999991953585	1.5999999992109997	1.0
0.0	0.0	0.0	0.0	0.0	0.0	0.0	0.5	0.8999999999172577	1.2999999998046299	1.699999999789874	1.9999999999686127	1.9999999994625135	1.9999999993281947	1.9999999988794988	1.99999999998249	1.5999999999994867	1.999999993769334	1.599999999916686	1.9999999997531157	1.9999999994131965	1.9999999997672706	1.5999999997842187	1.2999999999749228
0.0	0.0	0.0	0.0	0.0	0.0	0.0	0.0	0.0	0.0	0.0	0.0	0.0	0.0	0.0	0.0	0.0	0.0	0.0	0.0	0.0	0.0	0.0	0.08
0.2	0.0	0.0	0.0	0.0	0.0	0.0	0.0	0.0	0.0	0.0	0.2	0.0	0.0	0.0	0.2	0.0	0.0	0.0	0.0	0.0	0.0	0.0	0.2
2.1999999997283988	1.599999999865682	1.0	0.0	0.0	0.0	0.0	0.0	0.0	0.0	0.0	1.0	1.5999999998790948	2.199999999652364	2.799999998987974	2.9999999999823808	2.3999999999992734	2.9999999864052684	2.3999999998836974	2.9999999997293356	2.7999999995804385	2.199999999900041	1.599999999914194	1.0
1.6000000352991914	1.0	0.0	0.0	0.0	0.0	0.0	0.0	0.0	0.0	1.0	1.5999999999834027	2.19999998348594	1.8000000020395694	2.400000000377014	2.999999999980182	2.3999999999953854	1.8000000003359709	2.373735228387356	2.9737352282883966	2.373735231706455	2.1999999991953585	1.5999999992109997	1.0
2.1999999997283988	1.599999999865682	1.0	0.0	0.0	0.0	0.0	0.0	0.0	0.0	0.0	1.0	1.5999999998790948	2.1999999996523645	2.799999998987974	2.9999999999823808	2.399999999999273	2.9999999864053404	2.3999999998837067	2.9999999997293445	2.9999999993467608	2.999999999749133	2.399999999766003	2.7999999841876804
0.08	0.0	0.0	0.0	0.0	0.0	0.0	0.0	0.0	0.0	0.0	0.0	0.0	0.0	0.0	0.0	0.0	0.0	0.0	0.0	0.0	0.0	0.0	0.08
0.0	0.0	0.0	0.0	0.0	0.0	0.0	0.0	0.0	0.25	0.4499999999842493	0.6499999999325771	0.44999999998305473	0.3554959898558194	0.555495989805978	0.7554959897823668	0.5554959897918363	0.355495989836487	0.2500000001036854	0.2500000003611158	0.25000000022199537	0.4500000000434549	0.25000000006945194	0.25
0.0	0.0	0.0	0.0	0.0	0.0	0.0	0.0	0.0	0.0	0.0	0.0	0.0	0.0	0.0	0.0	0.0	0.0	0.0	0.0	0.25	0.44999999996203854	0.25000000002991035	0.44999999998706086
0.08	0.0	0.0	0.0	0.0	0.0	0.0	0.0	0.0	0.0	0.0	0.0	0.0	0.0	0.0	0.0	0.0	0.0	0.0	0.0	0.0	0.0	0.0	0.08
0.25	0.2500000000852949	0.25	0.0	0.0	0.0	0.0	0.0	0.0	0.0	0.0	0.0	0.0	0.0	0.0	0.0	0.0	0.0	0.0	0.0	0.0	0.0	0.25	0.499999999975793
0.0	0.0	0.0	0.0	0.0	0.0	0.0	0.0	0.25	0.2500000001651351	0.4500000001493842	0.6500000000977124	0.4500000001481895	0.355495989855955	0.5554959898061135	0.7554959897825021	0.5554959897919717	0.35549598983662234	0.2500000001036854	0.2500000003611158	0.25000000022199537	0.4500000000434549	0.25000000006945194	0.25
0.0	0.0	0.0	0.0	0.0	0.0	0.0	0.0	0.0	0.0	0.0	0.0	0.0	0.0	0.0	0.0	0.0	0.0	0.0	0.0	0.25	0.44999999996203854	0.25000000002991035	0.44999999998706086
0.0	0.0	0.0	0.0	0.0	0.0	0.0	0.0	0.0	0.25	0.4499999999842493	0.6499999999325771	0.44999999998305473	0.3554959898558194	0.555495989805978	0.7554959897823668	0.5554959897918363	0.355495989836487	0.2500000001036854	0.2500000003611158	0.25000000022199537	0.4500000000434549	0.25000000006945194	0.25
0.2500000000887394	0.25	0.0	0.0	0.0	0.0	0.0	0.0	0.0	0.0	0.25	0.4999999999108744	0.25	0.0	0.0	0.0	0.0	0.0	0.0	0.0	0.0	0.25	0.2500000000299104	0.49999999997411226
0.0	0.0	0.0	0.0	0.0	0.0	0.0	0.0	0.0	0.0	0.0	0.0	0.0	0.0	0.0	0.0	0.0	0.0	0.0	0.0	0.0	0.0	0.05	0.2999999999759664
0.0	0.0	0.0	0.0	0.0	0.0	0.0	0.0	0.0	0.0	0.0	0.0	0.0	0.0	0.0	0.0	0.0	0.0	0.0	0.0	0.0	0.0	0.05	0.2999999999759664
0.0	0.0	0.0	0.0	0.0	0.0	0.0	0.0	0.0	0.0	0.0	0.0	0.0	0.0	0.0	0.0	0.0	0.0	0.0	0.0	0.0	0.0	0.05	0.2999999999759664
2.0999999998633747	1.5	0.0	0.0	0.0	0.0	0.0	0.0	0.0	0.0	1.5	2.099999999985111	2.6999999996974955	2.9999999992396646	2.9999999986095505	2.9999999999823808	2.3999999999992734	2.999999986404972	2.3999999998837187	2.999999999729353	2.9999999993466813	2.699999999862884	2.0999999998777312	1.5
0.0	0.0	0.0	0.0	0.0	0.0	1.0	1.599999989747034	1.7999999928034724	2.399999991464891	2.9999999914491644	2.99999999996639	2.400000002416667	1.8000000050110438	2.400000000448908	2.9999999999802576	2.399999999995461	1.800000000336047	2.3737352284606095	2.97373522836165	2.3737352317797322	2.1999999991953585	1.5999999992109997	1.0
0.0	0.0	0.0	0.0	0.0	0.0	0.0	0.0	0.0	0.0	0.0	0.0	0.0	0.0	0.0	0.0	0.0	0.0	0.0	0.0	0.0	0.0	0.0	0.1
0.0	0.0	0.0	0.0	0.0	0.0	0.0	0.25	0.44999999985940753	0.6499999996741064	0.8499999996589427	0.9999999999676212	0.9999999988713475	0.9999999980530776	0.892757563830142	0.9999999999818107	0.7999999999981636	0.6000000026897011	0.799999999604044	0.9999999994847585	0.9999999986295853	0.9999999995884268	0.7999999996048771	0.6499999999738819
0.0	0.0	0.0	0.0	0.0	0.0	0.0	0.0	0.0	0.0	0.0	0.0	0.0	0.0	0.0	0.0	0.0	0.0	0.0	0.0	0.0	0.0	0.05	0.2999999999759664
0.0	0.0	0.0	0.0	0.0	0.0	0.0	0.0	0.0	0.0	0.0	0.0	0.0	0.0	0.0	0.0	0.0	0.0	0.0	0.0	0.0	0.0	0.05	0.2999999999759664
2.1999999997283988	1.599999999865682	1.0	0.0	0.0	0.0	0.0	0.0	0.0	0.0	0.0	1.0	1.5999999998790948	2.199999999652364	2.799999998987974	2.9999999999823808	2.3999999999992734	2.9999999864052684	2.3999999998836974	2.9999999997293356	2.7999999995804385	2.199999999900041	1.599999999914194	1.0
2.3999999858799743	1.6999999861634625	1.700000000422072	1.000000000440017	1.0000000000479623	1.0000000002246305	1.7000000002042812	2.0935855591307417	2.06028430764798	2.7602843064097478	3.460284306394057	3.4999999999662603	2.8000000019100635	2.1000000043297202	2.800000000422007	3.4999999999801834	2.7999999999953546	2.1000000003303465	2.799999846493695	3.49999984639592	2.799999996442752	3.4999999937785704	2.7999999937944597	2.399999999972115
0.0	0.0	0.0	0.0	0.0	0.0	0.0	0.0	0.0	0.0	0.0	0.0	0.0	0.0	0.0	0.0	0.0	0.0	0.0	0.0	0.0	0.0	0.08	0.2999999999759665
0.0	0.0	0.0	0.0	0.0	0.0	0.0	0.0	0.0	0.0	0.0	0.0	0.0	0.0	0.0	0.0	0.0	0.0	0.0	0.0	0.0	0.0	0.08	0.2999999999759665
0.0	0.0	0.0	0.0	0.0	0.0	0.0	0.25	0.44999999983831096	0.6499999996297042	0.8499999996144727	0.999999999967473	0.9999999986579997	0.9999999970518871	0.800000011859794	0.9999999999816668	0.7999999999978886	0.6000000017576368	0.7999999994860263	0.9999999993723486	0.9999999983018119	0.99999999953276	0.7999999995491303	0.649999999973661
0.0	0.0	0.0	0.0	0.0	0.0	0.0	0.0	0.0	0.0	0.0	0.0	0.0	0.0	0.0	0.0	0.0	0.0	0.0	0.0	0.0	0.0	0.08	0.2999999999759665
0.0	0.0	0.0	0.0	0.0	0.0	0.0	0.25	0.44999999985940753	0.6499999996741064	0.8499999996589427	0.9999999999676212	0.9999999988713475	0.9999999980530776	0.892757563830142	0.9999999999818107	0.7999999999981636	0.6000000026897011	0.799999999604044	0.9999999994847585	0.9999999986295853	0.9999999995884268	0.7999999996048771	0.6499999999738819
0.0	0.0	0.0	0.0	0.0	0.0	0.0	0.0	0.0	0.0	0.0	0.0	0.0	0.0	0.0	0.0	0.0	0.0	0.0	0.0	0.0	0.0	0.08	0.2999999999759665
0.0	0.0	0.0	0.0	0.0	0.0	0.0	0.0	0.0	0.0	0.0	0.0	0.0	0.0	0.0	0.0	0.0	0.0	0.0	0.0	0.0	0.0	0.08	0.2999999999759665
0.45000009862124435	0.25	0.0	0.0	0.0	0.0	0.0	0.25	0.44999999983831096	0.6499999996297042	0.8499999996144727	0.999999999967473	0.9999999986579997	0.9999999970518871	0.800000011859794	0.9999999999816668	0.7999999999978886	0.6000000017576368	0.7999999994860263	0.9999999993723486	0.9999999983018119	0.99999999953276	0.7999999995491303	0.649999999973661
2.0000000005291008	1.5000000007869405	1.0000000016279857	0.5000000016450751	0.5000000000497152	0.5000000003473196	1.0000000003279599	1.4999999992322066	1.5787707258856412	1.999999997577159	2.4999999975611873	2.49999999996638	2.196813090081501	1.7183489203649613	2.0000000005720167	2.499999999980481	1.9999999999959448	1.500000000481422	1.9999998972403472	2.499999897139622	2.000000003754167	2.4999999957898154	1.9999999958057333	1.500000000530315
0.5000000004935133	0.5	0.0	0.0	0.0	0.0	0.0	0.0	0.0	0.0	0.5	0.9999999999795384	0.9917458032212396	1.4917458031311952	1.9917458030901998	2.491745803065391	1.991745803074187	1.49174580310132	0.991745803148403	0.7790495314486006	0.5921695201305627	1.0921695200331822	0.5921695200568747	1.0921695200242039
0.0	0.0	0.0	0.0	0.0	0.0	0.0	0.25	0.44999999983831096	0.6499999996297042	0.8499999996144727	0.999999999967473	0.9999999986579997	0.9999999970518871	0.800000011859794	0.9999999999816668	0.7999999999978886	0.6000000017576368	0.7999999994860263	0.9999999993723486	0.9999999983018119	0.99999999953276	0.7999999995491303	0.649999999973661
0.0	0.0	0.0	0.0	0.0	0.0	0.0	0.25	0.44999999985940753	0.6499999996741064	0.8499999996589427	0.9999999999676212	0.9999999988713475	0.9999999980530776	0.892757563830142	0.9999999999818107	0.7999999999981636	0.6000000026897011	0.799999999604044	0.9999999994847585	0.9999999986295853	0.9999999995884268	0.7999999996048771	0.6499999999738819
0.0	0.0	0.0	0.0	0.0	0.0	0.0	0.5	0.6776066009028913	1.0776066008127476	1.4776066008010238	1.8776066007714816	1.477606600851474	1.1999999999988222	1.5999999999184917	1.9999999998817806	1.5999999998907752	1.1999999999189699	0.7999999999673061	0.779049530586044	0.6321695186850964	1.0321695185888013	0.6321695186124614	1.032169518579852
0.0	0.0	0.0	0.0	0.0	0.0	0.0	0.5	0.8999999997029541	1.299999999322173	1.699999999306651	1.9999999999666915	1.999998867683343	1.5999988704172259	1.6000000007416324	1.999999999980818	1.5999999999964918	1.2000000006337914	1.5999999973339063	1.9999999972320275	1.8199256113460984	1.9999999988123327	1.5999999988284	1.2999999999730738
0.0	0.0	0.0	0.0	0.0	0.0	0.0	0.25	0.44999999985940753	0.6499999996741064	0.8499999996589427	0.9999999999676212	0.9999999988713475	0.9999999980530776	0.892757563830142	0.9999999999818107	0.7999999999981636	0.6000000026897011	0.799999999604044	0.9999999994847585	0.9999999986295853	0.9999999995884268	0.7999999996048771	0.6499999999738819
4.199999999674266	3.360000001888235	2.6242493457927716	1.7842493458097028	1.0000000000510154	1.000000009111835	1.84000000909472	2.6800000089187526	3.5200000084836582	3.3599999997427505	4.199999999725973	4.199999999968234	4.199999999323989	4.199999999097194	4.1999999980437925	4.199999999982253	3.35999999999903	3.8497478638553435	3.359999999840682	4.1999999996954385	4.199999999244061	4.199999999723113	3.3599999997398884	3.1015024992360964
2.734455098701339	1.8944550989813105	1.8400000004200512	1.0000000004380059	1.0000000000479623	1.0000000002240959	1.8400000002037333	2.093585562390147	1.9202844181796777	2.760284416882953	3.600284416867252	4.199999999966076	3.3600000014506293	2.5200000036488994	3.3600000003896495	4.199999999980072	3.3599999999951917	2.520000000319122	2.892456028209923	3.7324560281120682	3.2228061807259816	4.06280617864881	3.222806178664675	2.679999999972076
0.0	0.0	0.0	0.0	0.0	0.0	0.8	1.399999999849769	1.9999999994958593	2.399999999768306	2.9999999997514353	2.999999999968442	2.9999999994073043	2.9999999992397175	2.99999999860945	2.9999999999823803	2.3999999999992734	2.999999986405312	2.399999999883704	2.9999999997293427	2.9999999993467563	2.9999999997490896	2.399999999765959	1.9999999999747886
0.3000000001944906	0.3	0.0	0.0	0.0	0.0	0.0	0.0	0.0	0.3	0.79999999995276	0.799999999947907	0.3000000001574052	0.3000000001514887	0.3000000001428905	0.7999999999864615	0.3	0.0	0.0	0.0	0.0	0.3	0.30000000003662225	0.799999999978543
0.1	0.0	0.0	0.0	0.0	0.0	0.0	0.0	0.0	0.0	0.0	0.0	0.0	0.0	0.0	0.0	0.0	0.0	0.0	0.0	0.0	0.0	0.0	0.1
0.0	0.0	0.0	0.0	0.0	0.0	0.0	0.0	0.0	0.0	0.0	0.0	0.0	0.0	0.0	0.0	0.0	0.0	0.0	0.0	0.0	0.0	0.05	0.2999999999759664
0.0	0.0	0.0	0.0	0.0	0.0	0.0	0.0	0.0	0.0	0.0	0.0	0.0	0.0	0.0	0.0	0.0	0.0	0.0	0.0	0.0	0.0	0.0	0.0
0.0	0.0	0.0	0.0	0.0	0.0	0.0	0.0	0.0	0.25	0.4499999999842493	0.6499999999325771	0.44999999998305473	0.3554959898558194	0.555495989805978	0.7554959897823668	0.5554959897918363	0.355495989836487	0.2500000001036854	0.2500000003611158	0.25000000022199537	0.4500000000434549	0.25000000006945194	0.25
0.0	0.0	0.0	0.0	0.0	0.0	0.0	0.0	0.0	0.0	0.0	0.0	0.0	0.0	0.0	0.0	0.0	0.0	0.0	0.0	0.25	0.44999999996203854	0.25000000002991035	0.44999999998706086
0.0	0.0	0.0	0.0	0.0	0.0	1.5	2.092782216189055	1.799999992795835	2.399999991455326	2.999999991439599	2.9999999999663904	2.4000000024286035	1.8000000050250786	2.4000000004490207	2.9999999999802585	2.3999999999954627	1.8000000003364423	2.3737353104718366	2.97373531037288	2.3737353138353585	2.69999999902472	2.0999999990403886	1.5
0.0	0.0	0.0	0.0	0.0	0.0	0.0	0.0	0.0	0.25	0.4499999999842493	0.6499999999325771	0.44999999998305473	0.3554959898558194	0.555495989805978	0.7554959897823668	0.5554959897918363	0.355495989836487	0.2500000001036854	0.2500000003611158	0.25000000022199537	0.4500000000434549	0.25000000006945194	0.25
0.1	0.0	0.0	0.0	0.0	0.0	0.0	0.0	0.0	0.0	0.0	0.0	0.0	0.0	0.0	0.0	0.0	0.0	0.0	0.0	0.0	0.0	0.0	0.1
0.0	0.0	0.0	0.0	0.0	0.0	0.0	1.0	1.5999999972950083	2.1999999963613175	2.79999999634566	2.9999999999663896	2.400000002416668	1.8000000050110432	2.400000000448908	2.9999999999802576	2.399999999995461	1.800000000336047	2.3737352284606	2.9737352283616403	2.3737352317797225	2.1999999991953585	1.5999999992109997	1.0
0.0	0.0	0.0	0.0	0.0	0.0	0.0	0.5	0.8999999999172577	1.2999999998046299	1.699999999789874	1.9999999999686127	1.9999999994625135	1.9999999993281947	1.9999999988794988	1.99999999998249	1.5999999999994867	1.999999993769334	1.599999999916686	1.9999999997531157	1.9999999994131965	1.9999999997672706	1.5999999997842187	1.2999999999749228
0.0	0.0	0.0	0.0	0.0	0.0	0.0	0.0	0.0	0.0	0.0	0.0	0.0	0.0	0.0	0.0	0.0	0.0	0.0	0.0	0.0	0.0	0.0	0.08
0.2	0.0	0.0	0.0	0.0	0.0	0.0	0.0	0.0	0.0	0.0	0.2	0.0	0.0	0.0	0.2	0.0	0.0	0.0	0.0	0.0	0.0	0.0	0.2
2.1999999997283988	1.599999999865682	1.0	0.0	0.0	0.0	0.0	0.0	0.0	0.0	0.0	1.0	1.5999999998790948	2.199999999652364	2.799999998987974	2.9999999999823808	2.3999999999992734	2.9999999864052684	2.3999999998836974	2.9999999997293356	2.7999999995804385	2.199999999900041	1.599999999914194	1.0
0.0	0.0	0.0	0.0	0.0	0.0	0.0	1.0	1.5999999972950083	2.1999999963613175	2.79999999634566	2.9999999999663896	2.400000002416668	1.8000000050110432	2.400000000448908	2.9999999999802576	2.399999999995461	1.800000000336047	2.3737352284606	2.9737352283616403	2.3737352317797225	2.1999999991953585	1.5999999992109997	1.0
2.1999999997283988	1.599999999865682	1.0	0.0	0.0	0.0	0.0	0.0	0.0	0.0	0.0	1.0	1.5999999998790948	2.199999999652364	2.799999998987974	2.9999999999823808	2.3999999999992734	2.9999999864052684	2.3999999998836974	2.9999999997293356	2.7999999995804385	2.199999999900041	1.599999999914194	1.0
0.08	0.0	0.0	0.0	0.0	0.0	0.0	0.0	0.0	0.0	0.0	0.0	0.0	0.0	0.0	0.0	0.0	0.0	0.0	0.0	0.0	0.0	0.0	0.08
0.0	0.0	0.0	0.0	0.0	0.0	0.0	0.0	0.0	0.25	0.4499999999842493	0.6499999999325771	0.44999999998305473	0.3554959898558194	0.555495989805978	0.7554959897823668	0.5554959897918363	0.355495989836487	0.2500000001036854	0.2500000003611158	0.25000000022199537	0.4500000000434549	0.25000000006945194	0.25
0.0	0.0	0.0	0.0	0.0	0.0	0.0	0.0	0.0	0.0	0.0	0.0	0.0	0.0	0.0	0.0	0.0	0.0	0.0	0.0	0.25	0.44999999996203854	0.25000000002991035	0.44999999998706086
0.08	0.0	0.0	0.0	0.0	0.0	0.0	0.0	0.0	0.0	0.0	0.0	0.0	0.0	0.0	0.0	0.0	0.0	0.0	0.0	0.0	0.0	0.0	0.08
0.25	0.2500000000852949	0.25	0.0	0.0	0.0	0.0	0.0	0.0	0.0	0.0	0.0	0.0	0.0	0.0	0.0	0.0	0.0	0.0	0.0	0.0	0.0	0.25	0.499999999975793
0.0	0.0	0.0	0.0	0.0	0.0	0.0	0.0	0.0	0.25	0.4499999999842493	0.6499999999325771	0.44999999998305473	0.3554959898558194	0.555495989805978	0.7554959897823668	0.5554959897918363	0.355495989836487	0.2500000001036854	0.2500000003611158	0.25000000022199537	0.4500000000434549	0.25000000006945194	0.25
0.0	0.0	0.0	0.0	0.0	0.0	0.0	0.0	0.0	0.0	0.0	0.0	0.0	0.0	0.0	0.0	0.0	0.0	0.0	0.0	0.25	0.44999999996203854	0.25000000002991035	0.44999999998706086
0.0	0.0	0.0	0.0	0.0	0.0	0.0	0.0	0.25	0.25000000016513474	0.45000000014938385	0.6500000000977119	0.45000000014818897	0.3554959897295106	0.555495989679667	0.7554959896560555	0.5554959896655249	0.3554959897101757	0.25	0.0	0.0	0.0	0.0	0.0
0.25	0.25	0.0	0.0	0.0	0.0	0.0	0.0	0.0	0.0	0.25	0.4999999999108744	0.25	0.0	0.0	0.0	0.0	0.0	0.0	0.0	0.0	0.25	0.2500000000299104	0.49999999997411226
 
list 3: spolied wind power
0.0	0.0	0.0	0.0	0.0	0.0	0.0	0.0	0.0	0.0	0.0	0.0	0.0	0.0	0.0	0.0	0.0	0.0	0.0	0.0	0.0	0.0	2.770350526279243e-14	0.0
0.0	0.0	0.0	0.0	0.0	0.0	0.0	0.0	0.0	0.0	0.0	0.0	0.0	0.0	2.7656827165903863e-14	0.0	0.0	0.0	0.0	0.0	2.7655585181229962e-14	2.760657949080006e-14	0.0	0.0
 
list 4: forced load curtailments
0.0	0.0	0.0	0.0	0.0	0.0	0.0	0.0	0.0	0.0	0.0	0.0	0.0	0.0	0.0	0.0	0.0	0.0	0.0	0.0	0.0	0.0	0.0	0.0
0.0	0.0	0.0	0.0	0.0	0.0	0.0	0.0	0.0	0.0	0.0	0.0	0.0	0.0	0.0	0.0	0.0	0.0	0.0	0.0	0.0	0.0	0.0	0.0
0.0	0.0	0.0	0.0	0.0	0.0	0.0	0.0	0.0	0.0	0.0	0.0	0.0	0.0	0.0	0.0	0.0	0.0	0.0	0.0	0.0	0.0	0.0	0.0
0.0	0.0	0.0	0.0	0.0	0.0	0.0	0.0	0.0	0.0	0.0	0.0	0.0	0.0	0.0	0.0	0.0	0.0	0.0	0.0	0.0	0.0	0.0	0.0
0.0	0.0	0.0	0.0	0.0	0.0	0.0	0.0	0.0	0.0	0.0	0.0	0.0	0.0	0.0	0.0	0.0	0.0	0.0	0.0	0.0	0.0	0.0	0.0
0.0	0.0	0.0	0.0	0.0	0.0	0.0	0.0	0.0	0.0	0.0	0.0	0.0	0.0	0.0	0.0	0.0	0.0	0.0	0.0	0.0	0.0	0.0	0.0
0.0	0.0	0.0	0.0	0.0	0.0	0.0	0.0	0.0	0.0	0.0	0.0	0.0	0.0	0.0	0.0	0.0	0.0	0.0	0.0	0.0	0.0	0.0	0.0
0.0	0.0	0.0	0.0	0.0	0.0	0.0	0.0	0.0	0.0	0.0	0.0	0.0	0.0	0.0	0.0	0.0	0.0	0.0	0.0	0.0	0.0	0.0	0.0
0.0	0.0	0.0	0.0	0.0	0.0	0.0	0.0	0.0	0.0	0.0	0.0	0.0	0.0	0.0	0.0	0.0	0.0	0.0	0.0	0.0	0.0	0.0	0.0
0.0	0.0	0.0	0.0	0.0	0.0	0.0	0.0	0.0	0.0	0.0	0.0	0.0	0.0	0.0	0.0	0.0	0.0	0.0	0.0	0.0	0.0	0.0	0.0
0.0	0.0	0.0	0.0	0.0	0.0	0.0	0.0	0.0	0.0	0.0	0.0	0.0	0.0	0.0	0.0	0.0	0.0	0.0	0.0	0.0	0.0	0.0	0.0
0.0	0.0	0.0	0.0	0.0	0.0	0.0	0.0	0.0	0.0	0.0	0.0	0.0	0.0	0.0	0.0	0.0	0.0	0.0	0.0	0.0	0.0	0.0	0.0
0.0	0.0	0.0	0.0	0.0	0.0	0.0	0.0	0.0	0.0	0.0	0.0	0.0	0.0	0.0	0.0	0.0	0.0	0.0	0.0	0.0	0.0	0.0	0.0
0.0	0.0	0.0	0.0	0.0	0.0	0.0	0.0	0.0	0.0	0.0	0.0	0.0	0.0	0.0	0.0	0.0	0.0	0.0	0.0	0.0	0.0	0.0	0.0
0.0	0.0	0.0	0.0	0.0	0.0	0.0	0.0	0.0	0.0	0.0	0.0	0.0	0.0	0.0	0.0	0.0	0.0	0.0	0.0	0.0	0.0	0.0	0.0
0.0	0.0	0.0	0.0	0.0	0.0	0.0	0.0	0.0	0.0	0.0	0.0	0.0	0.0	0.0	0.0	0.0	0.0	0.0	0.0	0.0	0.0	0.0	0.0
0.0	0.0	0.0	0.0	0.0	0.0	0.0	0.0	0.0	0.0	0.0	0.0	0.0	0.0	0.0	0.0	0.0	0.0	0.0	0.0	0.0	0.0	0.0	0.0
0.0	0.0	0.0	0.0	0.0	0.0	0.0	0.0	0.0	0.0	0.0	0.0	0.0	0.0	0.0	0.0	0.0	0.0	0.0	0.0	0.0	0.0	0.0	0.0
0.0	0.0	0.0	0.0	0.0	0.0	0.0	0.0	0.0	0.0	0.0	0.0	0.0	0.0	0.0	0.0	0.0	0.0	0.0	0.0	0.0	0.0	0.0	0.0
0.0	0.0	0.0	0.0	0.0	0.0	0.0	0.0	0.0	0.0	0.0	0.0	0.0	0.0	0.0	0.0	0.0	0.0	0.0	0.0	0.0	0.0	0.0	0.0
0.0	0.0	0.0	0.0	0.0	0.0	0.0	0.0	0.0	0.0	0.0	0.0	0.0	0.0	0.0	0.0	0.0	0.0	0.0	0.0	0.0	0.0	0.0	0.0
0.0	0.0	0.0	0.0	0.0	0.0	0.0	0.0	0.0	0.0	0.0	0.0	0.0	0.0	0.0	0.0	0.0	0.0	0.0	0.0	0.0	0.0	0.0	0.0
0.0	0.0	0.0	0.0	0.0	0.0	0.0	0.0	0.0	0.0	0.0	0.0	0.0	0.0	0.0	0.0	0.0	0.0	0.0	0.0	0.0	0.0	0.0	0.0
0.0	0.0	0.0	0.0	0.0	0.0	0.0	0.0	0.0	0.0	0.0	0.0	0.0	0.0	0.0	0.0	0.0	0.0	0.0	0.0	0.0	0.0	0.0	0.0
0.0	0.0	0.0	0.0	0.0	0.0	0.0	0.0	0.0	0.0	0.0	0.0	0.0	0.0	0.0	0.0	0.0	0.0	0.0	0.0	0.0	0.0	0.0	0.0
0.0	0.0	0.0	0.0	0.0	0.0	0.0	0.0	0.0	0.0	0.0	0.0	0.0	0.0	0.0	0.0	0.0	0.0	0.0	0.0	0.0	0.0	0.0	0.0
0.0	0.0	0.0	0.0	0.0	0.0	0.0	0.0	0.0	0.0	0.0	0.0	0.0	0.0	0.0	0.0	0.0	0.0	0.0	0.0	0.0	0.0	0.0	0.0
0.0	0.0	0.0	0.0	0.0	0.0	0.0	0.0	0.0	0.0	0.0	0.0	0.0	0.0	0.0	0.0	0.0	0.0	0.0	0.0	0.0	0.0	0.0	0.0
0.0	0.0	0.0	0.0	0.0	0.0	0.0	0.0	0.0	0.0	0.0	0.0	0.0	0.0	0.0	0.0	0.0	0.0	0.0	0.0	0.0	0.0	0.0	0.0
0.0	0.0	0.0	0.0	0.0	0.0	0.0	0.0	0.0	0.0	0.0	0.0	0.0	0.0	0.0	0.0	0.0	0.0	0.0	0.0	0.0	0.0	0.0	0.0
0.0	0.0	0.0	0.0	0.0	0.0	0.0	0.0	0.0	0.0	0.0	0.0	0.0	0.0	0.0	0.0	0.0	0.0	0.0	0.0	0.0	0.0	0.0	0.0
0.0	0.0	0.0	0.0	0.0	0.0	0.0	0.0	0.0	0.0	0.0	0.0	0.0	0.0	0.0	0.0	0.0	0.0	0.0	0.0	0.0	0.0	0.0	0.0
0.0	0.0	0.0	0.0	0.0	0.0	0.0	0.0	0.0	0.0	0.0	0.0	0.0	0.0	0.0	0.0	0.0	0.0	0.0	0.0	0.0	0.0	0.0	0.0
0.0	0.0	0.0	0.0	0.0	0.0	0.0	0.0	0.0	0.0	0.0	0.0	0.0	0.0	0.0	0.0	0.0	0.0	0.0	0.0	0.0	0.0	0.0	0.0
0.0	0.0	0.0	0.0	0.0	0.0	0.0	0.0	0.0	0.0	0.0	0.0	0.0	0.0	0.0	0.0	0.0	0.0	0.0	0.0	0.0	0.0	0.0	0.0
0.0	0.0	0.0	0.0	0.0	0.0	0.0	0.0	0.0	0.0	0.0	0.0	0.0	0.0	0.0	0.0	0.0	0.0	0.0	0.0	0.0	0.0	0.0	0.0
0.0	0.0	0.0	0.0	0.0	0.0	0.0	0.0	0.0	0.0	0.0	0.0	0.0	0.0	0.0	0.0	0.0	0.0	0.0	0.0	0.0	0.0	0.0	0.0
0.0	0.0	0.0	0.0	0.0	0.0	0.0	0.0	0.0	0.0	0.0	0.0	0.0	0.0	0.0	0.0	0.0	0.0	0.0	0.0	0.0	0.0	0.0	0.0
0.0	0.0	0.0	0.0	0.0	0.0	0.0	0.0	0.0	0.0	0.0	0.0	0.0	0.0	0.0	0.0	0.0	0.0	0.0	0.0	0.0	0.0	0.0	0.0
0.0	0.0	0.0	0.0	0.0	0.0	0.0	0.0	0.0	0.0	0.0	0.0	0.0	0.0	0.0	0.0	0.0	0.0	0.0	0.0	0.0	0.0	0.0	0.0
0.0	0.0	0.0	0.0	0.0	0.0	0.0	0.0	0.0	0.0	0.0	0.0	0.0	0.0	0.0	0.0	0.0	0.0	0.0	0.0	0.0	0.0	0.0	0.0
0.0	0.0	0.0	0.0	0.0	0.0	0.0	0.0	0.0	0.0	0.0	0.0	0.0	0.0	0.0	0.0	0.0	0.0	0.0	0.0	0.0	0.0	0.0	0.0
0.0	0.0	0.0	0.0	0.0	0.0	0.0	0.0	0.0	0.0	0.0	0.0	0.0	0.0	0.0	0.0	0.0	0.0	0.0	0.0	0.0	0.0	0.0	0.0
0.0	0.0	0.0	0.0	0.0	0.0	0.0	0.0	0.0	0.0	0.0	0.0	0.0	0.0	0.0	0.0	0.0	0.0	0.0	0.0	0.0	0.0	0.0	0.0
0.0	0.0	0.0	0.0	0.0	0.0	0.0	0.0	0.0	0.0	0.0	0.0	0.0	0.0	0.0	0.0	0.0	0.0	0.0	0.0	0.0	0.0	0.0	0.0
0.0	0.0	0.0	0.0	0.0	0.0	0.0	0.0	0.0	0.0	0.0	0.0	0.0	0.0	0.0	0.0	0.0	0.0	0.0	0.0	0.0	0.0	0.0	0.0
0.0	0.0	0.0	0.0	0.0	0.0	0.0	0.0	0.0	0.0	0.0	0.0	0.0	0.0	0.0	0.0	0.0	0.0	0.0	0.0	0.0	0.0	0.0	0.0
0.0	0.0	0.0	0.0	0.0	0.0	0.0	0.0	0.0	0.0	0.0	0.0	0.0	0.0	0.0	0.0	0.0	0.0	0.0	0.0	0.0	0.0	0.0	0.0
0.0	0.0	0.0	0.0	0.0	0.0	0.0	0.0	0.0	0.0	0.0	0.0	0.0	0.0	0.0	0.0	0.0	0.0	0.0	0.0	0.0	0.0	0.0	0.0
0.0	0.0	0.0	0.0	0.0	0.0	0.0	0.0	0.0	0.0	0.0	0.0	0.0	0.0	0.0	0.0	0.0	0.0	0.0	0.0	0.0	0.0	0.0	0.0
0.0	0.0	0.0	0.0	0.0	0.0	0.0	0.0	0.0	0.0	0.0	0.0	0.0	0.0	0.0	0.0	0.0	0.0	0.0	0.0	0.0	0.0	0.0	0.0
0.0	0.0	0.0	0.0	0.0	0.0	0.0	0.0	0.0	0.0	0.0	0.0	0.0	0.0	0.0	0.0	0.0	0.0	0.0	0.0	0.0	0.0	0.0	0.0
0.0	0.0	0.0	0.0	0.0	0.0	0.0	0.0	0.0	0.0	0.0	0.0	0.0	0.0	0.0	0.0	0.0	0.0	0.0	0.0	0.0	0.0	0.0	0.0
0.0	0.0	0.0	0.0	0.0	0.0	0.0	0.0	0.0	0.0	0.0	0.0	0.0	0.0	0.0	0.0	0.0	0.0	0.0	0.0	0.0	0.0	0.0	0.0
0.0	0.0	0.0	0.0	0.0	0.0	0.0	0.0	0.0	0.0	0.0	0.0	0.0	0.0	0.0	0.0	0.0	0.0	0.0	0.0	0.0	0.0	0.0	0.0
0.0	0.0	0.0	0.0	0.0	0.0	0.0	0.0	0.0	0.0	0.0	0.0	0.0	0.0	0.0	0.0	0.0	0.0	0.0	0.0	0.0	0.0	0.0	0.0
0.0	0.0	0.0	0.0	0.0	0.0	0.0	0.0	0.0	0.0	0.0	0.0	0.0	0.0	0.0	0.0	0.0	0.0	0.0	0.0	0.0	0.0	0.0	0.0
0.0	0.0	0.0	0.0	0.0	0.0	0.0	0.0	0.0	0.0	0.0	0.0	0.0	0.0	0.0	0.0	0.0	0.0	0.0	0.0	0.0	0.0	0.0	0.0
0.0	0.0	0.0	0.0	0.0	0.0	0.0	0.0	0.0	0.0	0.0	0.0	0.0	0.0	0.0	0.0	0.0	0.0	0.0	0.0	0.0	0.0	0.0	0.0
0.0	0.0	0.0	0.0	0.0	0.0	0.0	0.0	0.0	0.0	0.0	0.0	0.0	0.0	0.0	0.0	0.0	0.0	0.0	0.0	0.0	0.0	0.0	0.0
0.0	0.0	0.0	0.0	0.0	0.0	0.0	0.0	0.0	0.0	0.0	0.0	0.0	0.0	0.0	0.0	0.0	0.0	0.0	0.0	0.0	0.0	0.0	0.0
0.0	0.0	0.0	0.0	0.0	0.0	0.0	0.0	0.0	0.0	0.0	0.0	0.0	0.0	0.0	0.0	0.0	0.0	0.0	0.0	0.0	0.0	0.0	0.0
0.0	0.0	0.0	0.0	0.0	0.0	0.0	0.0	0.0	0.0	0.0	0.0	0.0	0.0	0.0	0.0	0.0	0.0	0.0	0.0	0.0	0.0	0.0	0.0
0.0	0.0	0.0	0.0	0.0	0.0	0.0	0.0	0.0	0.0	0.0	0.0	0.0	0.0	0.0	0.0	0.0	0.0	0.0	0.0	0.0	0.0	0.0	0.0
0.0	0.0	0.0	0.0	0.0	0.0	0.0	0.0	0.0	0.0	0.0	0.0	0.0	0.0	0.0	0.0	0.0	0.0	0.0	0.0	0.0	0.0	0.0	0.0
0.0	0.0	0.0	0.0	0.0	0.0	0.0	0.0	0.0	0.0	0.0	0.0	0.0	0.0	0.0	0.0	0.0	0.0	0.0	0.0	0.0	0.0	0.0	0.0
0.0	0.0	0.0	0.0	0.0	0.0	0.0	0.0	0.0	0.0	0.0	0.0	0.0	0.0	0.0	0.0	0.0	0.0	0.0	0.0	0.0	0.0	0.0	0.0
0.0	0.0	0.0	0.0	0.0	0.0	0.0	0.0	0.0	0.0	0.0	0.0	0.0	0.0	0.0	0.0	0.0	0.0	0.0	0.0	0.0	0.0	0.0	0.0
0.0	0.0	0.0	0.0	0.0	0.0	0.0	0.0	0.0	0.0	0.0	0.0	0.0	0.0	0.0	0.0	0.0	0.0	0.0	0.0	0.0	0.0	0.0	0.0
0.0	0.0	0.0	0.0	0.0	0.0	0.0	0.0	0.0	0.0	0.0	0.0	0.0	0.0	0.0	0.0	0.0	0.0	0.0	0.0	0.0	0.0	0.0	0.0
0.0	0.0	0.0	0.0	0.0	0.0	0.0	0.0	0.0	0.0	0.0	0.0	0.0	0.0	0.0	0.0	0.0	0.0	0.0	0.0	0.0	0.0	0.0	0.0
0.0	0.0	0.0	0.0	0.0	0.0	0.0	0.0	0.0	0.0	0.0	0.0	0.0	0.0	0.0	0.0	0.0	0.0	0.0	0.0	0.0	0.0	0.0	0.0
0.0	0.0	0.0	0.0	0.0	0.0	0.0	0.0	0.0	0.0	0.0	0.0	0.0	0.0	0.0	0.0	0.0	0.0	0.0	0.0	0.0	0.0	0.0	0.0
0.0	0.0	0.0	0.0	0.0	0.0	0.0	0.0	0.0	0.0	0.0	0.0	0.0	0.0	0.0	0.0	0.0	0.0	0.0	0.0	0.0	0.0	0.0	0.0
0.0	0.0	0.0	0.0	0.0	0.0	0.0	0.0	0.0	0.0	0.0	0.0	0.0	0.0	0.0	0.0	0.0	0.0	0.0	0.0	0.0	0.0	0.0	0.0
0.0	0.0	0.0	0.0	0.0	0.0	0.0	0.0	0.0	0.0	0.0	0.0	0.0	0.0	0.0	0.0	0.0	0.0	0.0	0.0	0.0	0.0	0.0	0.0
0.0	0.0	0.0	0.0	0.0	0.0	0.0	0.0	0.0	0.0	0.0	0.0	0.0	0.0	0.0	0.0	0.0	0.0	0.0	0.0	0.0	0.0	0.0	0.0
0.0	0.0	0.0	0.0	0.0	0.0	0.0	0.0	0.0	0.0	0.0	0.0	0.0	0.0	0.0	0.0	0.0	0.0	0.0	0.0	0.0	0.0	0.0	0.0
0.0	0.0	0.0	0.0	0.0	0.0	0.0	0.0	0.0	0.0	0.0	0.0	0.0	0.0	0.0	0.0	0.0	0.0	0.0	0.0	0.0	0.0	0.0	0.0
0.0	0.0	0.0	0.0	0.0	0.0	0.0	0.0	0.0	0.0	0.0	0.0	0.0	0.0	0.0	0.0	0.0	0.0	0.0	0.0	0.0	0.0	0.0	0.0
0.0	0.0	0.0	0.0	0.0	0.0	0.0	0.0	0.0	0.0	0.0	0.0	0.0	0.0	0.0	0.0	0.0	0.0	0.0	0.0	0.0	0.0	0.0	0.0
0.0	0.0	0.0	0.0	0.0	0.0	0.0	0.0	0.0	0.0	0.0	0.0	0.0	0.0	0.0	0.0	0.0	0.0	0.0	0.0	0.0	0.0	0.0	0.0
0.0	0.0	0.0	0.0	0.0	0.0	0.0	0.0	0.0	0.0	0.0	0.0	0.0	0.0	0.0	0.0	0.0	0.0	0.0	0.0	0.0	0.0	0.0	0.0
0.0	0.0	0.0	0.0	0.0	0.0	0.0	0.0	0.0	0.0	0.0	0.0	0.0	0.0	0.0	0.0	0.0	0.0	0.0	0.0	0.0	0.0	0.0	0.0
0.0	0.0	0.0	0.0	0.0	0.0	0.0	0.0	0.0	0.0	0.0	0.0	0.0	0.0	0.0	0.0	0.0	0.0	0.0	0.0	0.0	0.0	0.0	0.0
0.0	0.0	0.0	0.0	0.0	0.0	0.0	0.0	0.0	0.0	0.0	0.0	0.0	0.0	0.0	0.0	0.0	0.0	0.0	0.0	0.0	0.0	0.0	0.0
0.0	0.0	0.0	0.0	0.0	0.0	0.0	0.0	0.0	0.0	0.0	0.0	0.0	0.0	0.0	0.0	0.0	0.0	0.0	0.0	0.0	0.0	0.0	0.0
0.0	0.0	0.0	0.0	0.0	0.0	0.0	0.0	0.0	0.0	0.0	0.0	0.0	0.0	0.0	0.0	0.0	0.0	0.0	0.0	0.0	0.0	0.0	0.0
0.0	0.0	0.0	0.0	0.0	0.0	0.0	0.0	0.0	0.0	0.0	0.0	0.0	0.0	0.0	0.0	0.0	0.0	0.0	0.0	0.0	0.0	0.0	0.0
0.0	0.0	0.0	0.0	0.0	0.0	0.0	0.0	0.0	0.0	0.0	0.0	0.0	0.0	0.0	0.0	0.0	0.0	0.0	0.0	0.0	0.0	0.0	0.0
0.0	0.0	0.0	0.0	0.0	0.0	0.0	0.0	0.0	0.0	0.0	0.0	0.0	0.0	0.0	0.0	0.0	0.0	0.0	0.0	0.0	0.0	0.0	0.0
 
 
list 10: sr⁺
0.0	0.0	0.0	0.0	0.0	0.0	0.0	0.0	0.0	0.0	0.0	0.0	0.0	0.0	0.0	0.0	0.0	0.0	0.0	0.0	0.0	0.0	0.0	1.201661464114552e-11
0.0	0.0	0.0	0.0	0.0	0.0	0.0	0.0	0.0	0.0	0.0	0.0	0.0	0.0	0.0	0.0	0.0	0.0	0.0	0.0	0.0	0.0	0.0	1.201661464114552e-11
0.0	0.0	0.0	0.0	0.0	0.0	0.0	0.0	0.0	0.0	0.0	0.0	0.0	0.0	0.0	0.0	0.0	0.0	0.0	0.0	0.0	0.0	0.0	1.201661464114552e-11
0.09058457504035601	0.13379875926998092	0.0	0.0	0.0	0.0	0.0	0.0	0.0	0.0	0.0	0.14001998116464182	0.0487762765700443	3.799277557400611e-10	6.944923595453467e-10	8.809715284798043e-12	2.740586380168506e-8	6.855402052170976e-9	0.037512383886687796	1.3530997225104888e-10	3.265332478223853e-10	0.050514208877559766	2.2566915695015893e-8	0.0
0.0	0.0	0.0	0.0	0.0	0.0	0.0	0.0	0.057396902339165626	2.749976516237796e-8	0.05076811818488217	1.6804938425992203e-11	0.05406810245384637	0.05778367778849144	0.04705566780964648	9.871224393854109e-12	2.7406119855587777e-8	0.049551313248691886	0.03821056061736562	0.012638823258857151	0.06216521425882901	0.06031680559553715	2.2628622083302582e-8	0.0
0.0	0.0	0.0	0.0	0.0	0.0	0.0	0.0	0.0	0.0	0.0	0.0	0.0	0.0	0.0	0.0	0.0	0.0	0.0	0.0	0.0	0.0	0.0	0.06354702451281666
0.0	0.0	0.0	0.0	0.0	0.0	0.0	0.0	0.05152367282132998	2.7230480978461075e-8	0.0441916597529564	1.6189204412693284e-11	5.640129316040467e-10	9.714896070389627e-10	0.029007224605968773	9.09477270286018e-12	2.690703699826413e-8	0.04064649382403048	0.028946771264146857	2.5757566314587453e-10	6.847365353317621e-10	2.057193937774199e-10	2.199358031976337e-8	0.047195291151316605
0.0	0.0	0.0	0.0	0.0	0.0	0.0	0.0	0.0	0.0	0.0	0.0	0.0	0.0	0.0	0.0	0.0	0.0	0.0	0.0	0.0	0.0	0.0	1.201661464114552e-11
0.0	0.0	0.0	0.0	0.0	0.0	0.0	0.0	0.0	0.0	0.0	0.0	0.0	0.0	0.0	0.0	0.0	0.0	0.0	0.0	0.0	0.0	0.0	1.201661464114552e-11
0.08642501024655354	0.12107076111228157	0.1726913007346442	2.7594549076585313e-8	2.7626476916006276e-8	0.1883008188209373	0.17861950508846033	0.12534418064995928	0.018314718408951772	2.742321193604464e-8	1.2431704418006736e-10	1.5778876165805375e-11	2.9623145159948934e-10	3.798985587903961e-10	6.945296830133874e-10	8.80973797344242e-12	2.7406147793949715e-8	6.854782729963221e-9	0.03749421376767298	1.3531876493812656e-10	0.050827389895405334	0.06028441110068922	2.2628334367786023e-8	0.0
0.09152219884129902	0.12212751625064407	0.19117336452288744	2.7646689715895114e-8	2.7643902739414626e-8	0.19641127108765766	0.18742121009999738	0.13859246845306833	0.05684514137872107	2.7504924981811794e-8	0.0172271567528545	1.686961494269769e-11	0.05549532487849803	0.05854553079483595	0.04849083244051617	9.908381823341652e-12	2.7447706028312064e-8	0.05016941937071504	0.03903606013418215	8.017296184887625e-8	0.06228952281376545	3.1146900002157276e-9	2.2526515458643712e-8	0.05736551181255483
0.0	0.0	0.0	0.0	0.0	0.0	0.0	0.0	0.0	0.0	0.0	0.0	0.0	0.0	0.0	0.0	0.0	0.0	0.0	0.0	0.0	0.0	0.0	1.2016559878953393e-11
0.0	0.0	0.0	0.0	0.0	0.0	0.0	0.0	0.0	0.0	0.0	0.0	0.0	0.0	0.0	0.0	0.0	0.0	0.0	0.0	0.0	0.0	0.0	1.2016559878953393e-11
0.0	0.0	0.0	0.0	0.0	0.0	0.0	0.0	0.051528326460399385	2.723076255490645e-8	0.04420683142445123	1.6263337518693592e-11	6.706100213574672e-10	1.4684603577992616e-9	0.035906217128351674	9.166702975916736e-12	2.6907026593385946e-8	0.040733049647693254	0.02900009579624166	3.1376083504734e-10	8.484155672669963e-10	2.3353315193333274e-10	2.1994161878480164e-8	0.0471951945118004
0.0	0.0	0.0	0.0	0.0	0.0	0.0	0.0	0.0	0.0	0.0	0.0	0.0	0.0	0.0	0.0	0.0	0.0	0.0	0.0	0.0	0.0	0.0	1.2016559878953393e-11
0.0	0.0	0.0	0.0	0.0	0.0	0.0	0.15464108402537707	0.05152367282132998	2.7230480978461075e-8	0.0441916597529564	1.6189204412693284e-11	5.640129316040467e-10	9.714896070389627e-10	0.029007224605968773	9.09477270286018e-12	2.690703699826413e-8	0.04064649382403048	0.028946771264146857	2.5757566314587453e-10	6.847365353317621e-10	2.057193937774199e-10	2.199358031976337e-8	0.047195291151316605
0.0	0.0	0.0	0.0	0.0	0.0	0.0	0.0	0.0	0.0	0.0	0.0	0.0	0.0	0.0	0.0	0.0	0.0	0.0	0.0	0.0	0.0	0.0	1.2016559878953393e-11
0.0	0.0	0.0	0.0	0.0	0.0	0.0	0.0	0.0	0.0	0.0	0.0	0.0	0.0	0.0	0.0	0.0	0.0	0.0	0.0	0.0	0.0	0.0	1.2016559878953393e-11
0.08214118756637792	0.0	0.0	0.0	0.0	0.0	0.0	0.0	0.051528326460399385	2.723076255490645e-8	0.04420683142445123	1.6263337518693592e-11	6.706100213574672e-10	1.4684603577992616e-9	0.035906217128351674	9.166702975916736e-12	2.6907026593385946e-8	0.040733049647693254	0.02900009579624166	3.1376083504734e-10	8.484155672669963e-10	2.3353315193333274e-10	2.1994161878480164e-8	0.0471951945118004
0.08078469000662429	0.12059582461092158	0.18536787173624833	2.762908850958859e-8	2.762646030255277e-8	0.19006928849618676	0.1825001355338928	0.137400817884836	0.0551713957184905	2.7374515438319995e-8	1.2184353050935858e-9	1.6810034127776423e-11	0.0490967923771216	0.05656652707276617	0.04514090971881362	9.759599109933035e-12	2.7348698601255305e-8	0.04846671861430042	0.03664885797845577	5.255642851559409e-8	0.06156189599984038	2.1000064016928493e-9	2.2444038488630296e-8	0.056634483516593684
0.09354799619149565	0.12322436314384676	0.18603573876286109	2.7629126095513496e-8	2.7626457507777725e-8	0.1895313561808723	0.18214727587388815	0.14343163918310273	0.05802997166484976	2.7592301328844746e-8	0.06644368016271383	0.12163980838552949	0.05793560375453422	0.05906788299951492	0.045715019896118224	9.19077476023488e-11	2.7349368962743657e-8	0.04947903062750595	0.042166758709160396	0.14719953102135477	0.06218820979823846	0.06536383165303	2.2655907111522947e-8	0.05653306652330452
0.0	0.0	0.0	0.0	0.0	0.0	0.0	0.0	0.051528326460399385	2.723076255490645e-8	0.04420683142445123	1.6263337518693592e-11	6.706100213574672e-10	1.4684603577992616e-9	0.035906217128351674	9.166702975916736e-12	2.6907026593385946e-8	0.040733049647693254	0.02900009579624166	3.1376083504734e-10	8.484155672669963e-10	2.3353315193333274e-10	2.1994161878480164e-8	0.0471951945118004
0.0	0.0	0.0	0.0	0.0	0.0	0.0	0.0	0.05152367282132998	2.7230480978461075e-8	0.0441916597529564	1.6189204412693284e-11	5.640129316040467e-10	9.714896070389627e-10	0.029007224605968773	9.09477270286018e-12	2.690703699826413e-8	0.04064649382403048	0.028946771264146857	2.5757566314587453e-10	6.847365353317621e-10	2.057193937774199e-10	2.199358031976337e-8	0.047195291151316605
0.0	0.0	0.0	0.0	0.0	0.0	0.0	0.0	0.0569329452344762	2.7525443859133047e-8	0.06184403457603927	0.05047368751114565	0.054362448273296324	0.057699521728466624	0.04351074026230701	5.911271153216358e-11	2.7265571645344536e-8	0.04831021971749694	0.04165086037734264	0.1473430124218766	0.0626880262414114	0.061537390613535047	2.2623519761356286e-8	0.055140679923089485
0.0	0.0	0.0	0.0	0.0	0.0	0.0	0.0	0.056835157515894845	2.746576163540086e-8	0.05653202785126931	1.665403295550258e-11	5.882179713368504e-7	0.051461760048692747	0.04255624379433686	9.590928088684601e-12	2.726495795354181e-8	0.046881343663831544	0.034747300134657544	1.3832577786357108e-9	0.04921898074117089	5.932763015473351e-10	2.2362625496329374e-8	0.05453780813352174
0.0	0.0	0.0	0.0	0.0	0.0	0.0	0.0	0.05152367282132998	2.7230480978461075e-8	0.0441916597529564	1.6189204412693284e-11	5.640129316040467e-10	9.714896070389627e-10	0.029007224605968773	9.09477270286018e-12	2.690703699826413e-8	0.04064649382403048	0.028946771264146857	2.5757566314587453e-10	6.847365353317621e-10	2.057193937774199e-10	2.199358031976337e-8	0.047195291151316605
1.628446707720773e-10	0.11497124752721327	0.18733969867056066	2.7644253536490205e-8	2.765900664647875e-8	0.2031571611643757	0.19659250144870233	0.14090924371826435	0.0542119970274166	2.7505263839354893e-8	1.3698822920820673e-10	1.588311266907087e-11	3.3786135400687026e-10	4.5106525632289613e-10	9.76617264772821e-10	8.874005987824615e-12	2.7489414182359505e-8	0.03969186338179936	0.03971652910200308	1.5226397413078504e-10	3.7780407172466766e-10	1.3841405500122806e-10	2.2555494648371664e-8	0.05975788465937048
0.08995050400004746	0.12425151633909202	0.19969641411391534	2.766192127919985e-8	2.7659003329094542e-8	0.20329606910718978	0.19653081316544327	0.14314709257894037	0.05728993204006845	2.757610172780372e-8	0.06850389676459626	1.6962008327403135e-11	0.05687585919831336	0.05949020414814165	0.04987986253035803	9.963861263778601e-12	2.7489405229566842e-8	0.050905325554333865	0.04109121622401137	0.10270279398244359	0.06305930603344222	0.03167270668925013	2.2573737266484532e-8	0.058137399984836344
0.0	0.0	0.0	0.0	0.0	0.0	0.2131439273192407	0.14141676725528526	0.057268815414393597	2.7423922836892378e-8	1.2426167331617983e-10	1.5778881610596025e-11	2.962329529260013e-10	3.799010135500578e-10	6.945395794021301e-10	8.809743450780974e-12	2.740619287512687e-8	6.8546886718214795e-9	0.03752290376157766	1.3531538967364152e-10	3.264964681094744e-10	1.254307975827213e-10	2.248301443246093e-8	0.05703055662033512
0.08236969976796224	0.0	0.0	0.0	0.0	0.0	0.0	0.0	0.0	0.0	2.361913539131303e-11	2.6046018463420175e-11	0.054288934129027744	0.05293088963103935	0.0457807612869844	6.769294245179318e-12	0.0	0.0	0.0	0.0	0.0	0.0	2.2432892495193545e-8	1.0728396977005927e-11
0.0	0.0	0.0	0.0	0.0	0.0	0.0	0.0	0.0	0.0	0.0	0.0	0.0	0.0	0.0	0.0	0.0	0.0	0.0	0.0	0.0	0.0	0.0	0.0
0.0	0.0	0.0	0.0	0.0	0.0	0.0	0.0	0.0	0.0	0.0	0.0	0.0	0.0	0.0	0.0	0.0	0.0	0.0	0.0	0.0	0.0	0.0	1.201661464114552e-11
0.0	0.0	0.0	0.0	0.0	0.0	0.0	0.0	0.0	0.0	0.0	0.0	0.0	0.0	0.0	0.0	0.0	0.0	0.0	0.0	0.0	0.0	0.0	0.0
0.0	0.0	0.0	0.0	0.0	0.0	0.0	0.0	0.0	2.768735121888531e-8	0.06237663005701991	0.09991131120363558	0.05520809953912871	0.05565295738855096	0.044510239139807575	0.16267944464887935	2.730453640254656e-8	0.04650324240949238	0.039495488825886514	0.13348528240972485	0.06301105606470207	0.056981784975269345	2.2532610514327427e-8	0.0
0.0	0.0	0.0	0.0	0.0	0.0	0.0	0.0	0.0	0.0	0.0	0.0	0.0	0.0	0.0	0.0	0.0	0.0	0.0	0.0	0.0	0.0569706267377477	2.253319301205478e-8	0.0520430862196348
0.0907935722967252	0.0	0.0	0.0	0.0	0.0	0.0	0.0	0.0	0.0	0.0	0.14002971118562157	0.0550490415132735	0.05790949094497506	0.04708606976491186	9.907599680104524e-12	2.740583052439653e-8	0.05000864183931284	0.03817278533533068	0.012635846045580686	0.061972410005232036	0.05072517295693812	2.2567682129007226e-8	0.0
0.0	0.0	0.0	0.0	0.0	0.0	0.0	0.0	0.0	0.0	0.06237663005701991	0.09991131120363558	0.05520809953912871	0.05565295738855096	0.044510239139807575	0.16267944464887935	2.730453640254656e-8	0.04650324240949238	0.039495488825886514	0.13348528240972485	0.06301105606470207	0.056981784975269345	2.2532610514327427e-8	0.0
0.0	0.0	0.0	0.0	0.0	0.0	0.0	0.0	0.0	0.0	0.0	0.0	0.0	0.0	0.0	0.0	0.0	0.0	0.0	0.0	0.0	0.0	0.0	0.0
0.0	0.0	0.0	0.0	0.0	0.0	0.0	0.0	0.057396902339165626	2.749976516237796e-8	0.05076811818488217	1.6804938425992203e-11	0.05406810245384637	0.05778367778849144	0.04705566780964648	9.871224393854109e-12	2.7406119855587777e-8	0.049551313248691886	0.03821056061736562	0.012638823258857151	0.06216521425882901	0.06031680559553715	2.2628622083302582e-8	0.0
0.0	0.0	0.0	0.0	0.0	0.0	0.0	0.0	0.05674818199892307	2.7464846536339474e-8	0.0562704118099598	1.5693532683750463e-11	2.6864682098890786e-10	3.3571651971415033e-10	5.597791711438991e-10	8.754988503062923e-12	2.7264996269212705e-8	3.1219581541632253e-9	0.034390093183852714	1.2343093235066373e-10	2.93299881123708e-10	1.1634363350760053e-10	2.2359403033186964e-8	0.05453572551308888
0.0	0.0	0.0	0.0	0.0	0.0	0.0	0.0	0.0	0.0	0.0	0.0	0.0	0.0	0.0	0.0	0.0	0.0	0.0	0.0	0.0	0.0	0.0	0.0
0.0	0.0	0.0	0.0	0.0	0.0	0.0	0.0	0.0	0.0	0.0	0.0	0.0	0.0	0.0	0.17173956759299486	0.0	0.0	0.0	0.0	0.0	0.0	0.0	0.0
0.08936694512926037	0.12145722037269448	0.0	0.0	0.0	0.0	0.0	0.0	0.0	0.0	0.0	0.0	0.060098845373751035	0.057834711238629585	0.037612293055470106	8.809759588641282e-12	2.7406135241897218e-8	6.8547707447409376e-9	0.03749428094491796	1.3531875820453227e-10	0.050826953535309846	0.0602844028499193	2.262833437024242e-8	0.0
0.09235299599351501	0.0	0.0	0.0	0.0	0.0	0.0	0.0	0.0	0.0	0.06718504802601519	0.1455682748013238	0.058657503181827754	0.05816823021303307	0.047159117297949416	9.909057007638948e-12	2.7406110631534507e-8	0.049551370807873196	0.038210598938566265	0.012638780098063627	0.062165091013482644	0.06031680210193305	2.262862208428853e-8	0.0
0.08936694512926037	0.12145722037269448	0.0	0.0	0.0	0.0	0.0	0.0	0.0	0.0	0.0	0.0	0.06009885287360469	0.05783490695475866	0.03761259697017481	8.809759818341066e-12	2.740612599195862e-8	6.854741427123065e-9	0.037520556437035626	1.3531439491438955e-10	3.264944481991107e-10	1.254091260692447e-10	2.2483579761823166e-8	0.04396148569040499
0.0	0.0	0.0	0.0	0.0	0.0	0.0	0.0	0.0	0.0	0.0	0.0	0.0	0.0	0.0	0.0	0.0	0.0	0.0	0.0	0.0	0.0	0.0	0.0
0.0	0.0	0.0	0.0	0.0	0.0	0.0	0.0	0.0	0.0	0.06237663005701991	0.09991131120363558	0.05520809953912871	0.05565295738855096	0.044510239139807575	0.16267944464887935	2.730453640254656e-8	0.04650324240949238	0.039495488825886514	0.13348528240972485	0.06301105606470207	0.056981784975269345	2.2532610514327427e-8	0.0
0.0	0.0	0.0	0.0	0.0	0.0	0.0	0.0	0.0	0.0	0.0	0.0	0.0	0.0	0.0	0.0	0.0	0.0	0.0	0.0	0.059840761644968064	0.0569706267377477	2.253319301205478e-8	0.0520430862196348
0.0	0.0	0.0	0.0	0.0	0.0	0.0	0.0	0.0	0.0	0.0	0.0	0.0	0.0	0.0	0.0	0.0	0.0	0.0	0.0	0.0	0.0	0.0	0.0
0.0	0.07536391767771325	0.0	0.0	0.0	0.0	0.0	0.0	0.0	0.0	0.0	0.0	0.0	0.0	0.0	0.0	0.0	0.0	0.0	0.0	0.0	0.0	0.0	1.21033433484515e-11
0.0	0.0	0.0	0.0	0.0	0.0	0.0	0.0	0.05747389040158102	2.747989625992908e-8	0.06229718468741524	0.1013022653643807	0.054843731208853476	0.05566746457261618	0.04445188394933233	0.16208635011223801	2.7304174185779564e-8	0.046441782254658885	0.039484240708148766	0.13351364191391862	0.06301591093672206	0.05698180708038412	2.253261005500179e-8	0.0
0.0	0.0	0.0	0.0	0.0	0.0	0.0	0.0	0.0	0.0	0.0	0.0	0.0	0.0	0.0	0.0	0.0	0.0	0.0	0.0	0.0	0.0569706267377477	2.253319301205478e-8	0.0520430862196348
0.0	0.0	0.0	0.0	0.0	0.0	0.0	0.0	0.0	0.0	0.06237663005701991	0.09991131120363558	0.05520809953912871	0.05565295738855096	0.044510239139807575	0.16267944464887935	2.730453640254656e-8	0.04650324240949238	0.039495488825886514	0.13348528240972485	0.06301105606470207	0.056981784975269345	2.2532610514327427e-8	0.0
0.06526245686024908	0.0	0.0	0.0	0.0	0.0	0.0	0.0	0.0	0.0	0.0	4.456157303351229e-11	0.05405254487944014	0.0	0.0	0.0	0.0	0.0	0.0	0.0	0.0	0.0	2.21366862721005e-8	1.2943669845023339e-11
0.0	0.0	0.0	0.0	0.0	0.0	0.0	0.0	0.0	0.0	0.0	0.0	0.0	0.0	0.0	0.0	0.0	0.0	0.0	0.0	0.0	0.0	2.2712338466591785e-8	1.201661464114552e-11
0.0	0.0	0.0	0.0	0.0	0.0	0.0	0.0	0.0	0.0	0.0	0.0	0.0	0.0	0.0	0.0	0.0	0.0	0.0	0.0	0.0	0.0	0.0	1.201661464114552e-11
0.0	0.0	0.0	0.0	0.0	0.0	0.0	0.0	0.0	0.0	0.0	0.0	0.0	0.0	0.0	0.0	0.0	0.0	0.0	0.0	0.0	0.0	0.0	1.201661464114552e-11
0.0905845750546005	0.0	0.0	0.0	0.0	0.0	0.0	0.0	0.0	0.0	0.0	0.14001998116464182	0.0487762765700443	3.799277557400611e-10	6.944923595453467e-10	8.809715284798043e-12	2.740586380168506e-8	6.855402052170976e-9	0.037512383886687796	1.3530997225104888e-10	3.265332478223853e-10	0.050514208877559766	2.2566915695015893e-8	0.0
0.0	0.0	0.0	0.0	0.0	0.0	0.0	0.13993462091378034	0.05654852191943486	2.744014583627667e-8	4.2792460514805454e-9	1.680486382385654e-11	0.05406862065509247	0.05778381450415122	0.04705576243536118	9.87122440954738e-12	2.7406119857302172e-8	0.049551313434903356	0.03821056067832264	0.012638823294034703	0.0621652142787209	0.06031680559951023	2.2628622083302582e-8	0.0
0.0	0.0	0.0	0.0	0.0	0.0	0.0	0.0	0.0	0.0	0.0	0.0	0.0	0.0	0.0	0.0	0.0	0.0	0.0	0.0	0.0	0.0	0.0	0.0
0.0	0.0	0.0	0.0	0.0	0.0	0.0	0.0	0.05152367282132998	2.7230480978461075e-8	0.0441916597529564	1.6189204412693284e-11	5.640129316040467e-10	9.714896070389627e-10	0.029007224605968773	9.09477270286018e-12	2.690703699826413e-8	0.04064649382403048	0.028946771264146857	2.5757566314587453e-10	6.847365353317621e-10	2.057193937774199e-10	2.199358031976337e-8	0.047195291151316605
0.0	0.0	0.0	0.0	0.0	0.0	0.0	0.0	0.0	0.0	0.0	0.0	0.0	0.0	0.0	0.0	0.0	0.0	0.0	0.0	0.0	0.0	0.0	1.201661464114552e-11
0.0	0.0	0.0	0.0	0.0	0.0	0.0	0.0	0.0	0.0	0.0	0.0	0.0	0.0	0.0	0.0	0.0	0.0	0.0	0.0	0.0	0.0	0.0	1.201661464114552e-11
0.08936694512926037	0.12145722037269448	0.21411829115251216	0.0	0.0	0.0	0.0	0.0	0.0	0.0	0.0	0.0	0.060098845373751035	0.057834711238629585	0.037612293055470106	8.809759588641282e-12	2.7406135241897218e-8	6.8547707447409376e-9	0.03749428094491796	1.3531875820453227e-10	0.050826953535309846	0.0602844028499193	2.262833437024242e-8	0.0
0.091522198841299	0.12212751625064369	0.19117336452288744	2.7646689715895114e-8	2.7643902739414626e-8	0.19641127108765785	0.18742121009999738	0.13859246845306833	0.05684514137872108	2.7504924981811794e-8	0.017227156752854814	1.6869614942535562e-11	0.055495324878498044	0.05854553079483598	0.04849083244051609	9.908381823394591e-12	2.7447706028312064e-8	0.05016941937071503	0.03903606013418169	8.01729619006198e-8	0.06228952281376547	3.1146900001416122e-9	2.2526515458643712e-8	0.057365511812554955
0.0	0.0	0.0	0.0	0.0	0.0	0.0	0.0	0.0	0.0	0.0	0.0	0.0	0.0	0.0	0.0	0.0	0.0	0.0	0.0	0.0	0.0	0.0	1.2016559878953393e-11
0.0	0.0	0.0	0.0	0.0	0.0	0.0	0.0	0.0	0.0	0.0	0.0	0.0	0.0	0.0	0.0	0.0	0.0	0.0	0.0	0.0	0.0	0.0	1.2016559878953393e-11
0.0	0.0	0.0	0.0	0.0	0.0	0.0	0.0	0.051528326460399385	2.723076255490645e-8	0.04420683142445123	1.6263337518693592e-11	6.706100213574672e-10	1.4684603577992616e-9	0.035906217128351674	9.166702975916736e-12	2.6907026593385946e-8	0.040733049647693254	0.02900009579624166	3.1376083504734e-10	8.484155672669963e-10	2.3353315193333274e-10	2.1994161878480164e-8	0.0471951945118004
0.0	0.0	0.0	0.0	0.0	0.0	0.0	0.0	0.0	0.0	0.0	0.0	0.0	0.0	0.0	0.0	0.0	0.0	0.0	0.0	0.0	0.0	0.0	1.2016559878953393e-11
0.0	0.0	0.0	0.0	0.0	0.0	0.0	0.0	0.05152367282132998	2.7230480978461075e-8	0.0441916597529564	1.6189204412693284e-11	5.640129316040467e-10	9.714896070389627e-10	0.029007224605968773	9.09477270286018e-12	2.690703699826413e-8	0.04064649382403048	0.028946771264146857	2.5757566314587453e-10	6.847365353317621e-10	2.057193937774199e-10	2.199358031976337e-8	0.047195291151316605
0.0	0.0	0.0	0.0	0.0	0.0	0.0	0.0	0.0	0.0	0.0	0.0	0.0	0.0	0.0	0.0	0.0	0.0	0.0	0.0	0.0	0.0	0.0	1.2016559878953393e-11
0.0	0.0	0.0	0.0	0.0	0.0	0.0	0.0	0.0	0.0	0.0	0.0	0.0	0.0	0.0	0.0	0.0	0.0	0.0	0.0	0.0	0.0	0.0	1.2016559878953393e-11
0.08214118756637792	0.0	0.0	0.0	0.0	0.0	0.0	0.0	0.051528326460399385	2.723076255490645e-8	0.04420683142445123	1.6263337518693592e-11	6.706100213574672e-10	1.4684603577992616e-9	0.035906217128351674	9.166702975916736e-12	2.6907026593385946e-8	0.040733049647693254	0.02900009579624166	3.1376083504734e-10	8.484155672669963e-10	2.3353315193333274e-10	2.1994161878480164e-8	0.0471951945118004
0.08078469000662435	0.1205958246109224	0.18536787173624839	2.762908850958859e-8	2.762646030255277e-8	0.19006928849618676	0.18250013553389277	0.1374008178848361	0.05517139571849044	2.7374515438319995e-8	1.2184353050935858e-9	1.6810034127776423e-11	0.04909679237712109	0.056566527072766076	0.0451409097188136	9.759599109936344e-12	2.7348698601255305e-8	0.04846671861430034	0.03664885797845546	5.2556428507774284e-8	0.06156189599983784	2.1000063638664754e-9	2.2444038488630296e-8	0.05663448351659363
0.093726591236549	0.0	0.0	0.0	0.0	0.0	0.0	0.0	0.0	0.0	0.0	0.14561320658873092	0.06048582645200122	0.05930511380428662	0.046562736960358696	0.004194149430761898	2.7370282483289395e-8	0.04997551237465592	0.042256173644031204	0.15020811955564486	0.062160062318227335	0.06569328392067936	2.265584657869623e-8	0.05668636381450281
0.0	0.0	0.0	0.0	0.0	0.0	0.0	0.0	0.051528326460399385	2.723076255490645e-8	0.04420683142445123	1.6263337518693592e-11	6.706100213574672e-10	1.4684603577992616e-9	0.035906217128351674	9.166702975916736e-12	2.6907026593385946e-8	0.040733049647693254	0.02900009579624166	3.1376083504734e-10	8.484155672669963e-10	2.3353315193333274e-10	2.1994161878480164e-8	0.0471951945118004
0.0	0.0	0.0	0.0	0.0	0.0	0.0	0.0	0.05152367282132998	2.7230480978461075e-8	0.0441916597529564	1.6189204412693284e-11	5.640129316040467e-10	9.714896070389627e-10	0.029007224605968773	9.09477270286018e-12	2.690703699826413e-8	0.04064649382403048	0.028946771264146857	2.5757566314587453e-10	6.847365353317621e-10	2.057193937774199e-10	2.199358031976337e-8	0.047195291151316605
0.0	0.0	0.0	0.0	0.0	0.0	0.0	0.0	0.0569329452344762	2.7525443859133047e-8	0.06184403457603927	0.05047368751114565	0.054362448273296324	0.057699521728466624	0.04351074026230701	5.911271153216358e-11	2.7265571645344536e-8	0.04831021971749694	0.04165086037734264	0.1473430124218766	0.0626880262414114	0.061537390613535047	2.2623519761356286e-8	0.055140679923089485
0.0	0.0	0.0	0.0	0.0	0.0	0.0	0.0	0.056835157515894845	2.746576163540086e-8	0.05653202785126931	1.665403295550258e-11	5.882179713368504e-7	0.051461760048692747	0.04255624379433686	9.590928088684601e-12	2.726495795354181e-8	0.046881343663831544	0.034747300134657544	1.3832577786357108e-9	0.04921898074117089	5.932763015473351e-10	2.2362625496329374e-8	0.05453780813352174
0.0	0.0	0.0	0.0	0.0	0.0	0.0	0.0	0.05152367282132998	2.7230480978461075e-8	0.0441916597529564	1.6189204412693284e-11	5.640129316040467e-10	9.714896070389627e-10	0.029007224605968773	9.09477270286018e-12	2.690703699826413e-8	0.04064649382403048	0.028946771264146857	2.5757566314587453e-10	6.847365353317621e-10	2.057193937774199e-10	2.199358031976337e-8	0.047195291151316605
1.628446707720773e-10	0.11497124752721269	0.18733969867056022	2.7644253536490205e-8	2.765900664647875e-8	0.20315716116437676	0.19659250144870266	0.14090924371826402	0.05421199702741649	2.7505263839354893e-8	1.3698822920820673e-10	1.588311266907087e-11	3.378613540069232e-10	4.5106525632289613e-10	9.76617264772821e-10	8.874005987824615e-12	2.7489414182359505e-8	0.03969186338179983	0.039716529102002955	1.5226397413078504e-10	3.7780407172466766e-10	1.3841405500122806e-10	2.2555494648368276e-8	0.0597578846593704
0.08995050400004705	0.12425151633909157	0.19969641411391534	2.766192127919985e-8	2.7659003329094542e-8	0.20329606910718984	0.19653081316544335	0.14314709257894054	0.05728993204006845	2.757610172780372e-8	0.06850389676459802	1.6962008327350195e-11	0.056875859198313373	0.059490204148141684	0.049879862530357894	9.963861263796799e-12	2.7489405229566842e-8	0.05090532555433383	0.04109121622401146	0.10270279398243841	0.0630593060334422	0.03167270668924737	2.2573737266484532e-8	0.05813739998483624
0.0	0.0	0.0	0.0	0.0	0.0	0.0	0.14141676725528532	0.057268815414393576	2.7423922836892378e-8	1.2426167331617983e-10	1.5778881610596025e-11	2.962329529260013e-10	3.799010135500578e-10	6.945395794021301e-10	8.809743450706527e-12	2.740619287512687e-8	6.854688773590794e-9	0.03752290376157766	1.353153896515922e-10	3.264964681094744e-10	1.254307975827213e-10	2.248301443246093e-8	0.05703055662033512
0.08236969976796224	0.0	0.0	0.0	0.0	0.0	0.0	0.0	0.0	0.0	2.361913539131303e-11	2.6046018463420175e-11	0.054288934129027744	0.05293088963103935	0.0457807612869844	6.769294245179318e-12	2.7523107014524304e-8	0.0	0.0	0.0	0.0	0.06206125470713878	2.2432892495193545e-8	1.0728396977005927e-11
0.0	0.0	0.0	0.0	0.0	0.0	0.0	0.0	0.0	0.0	0.0	0.0	0.0	0.0	0.0	0.0	0.0	0.0	0.0	0.0	0.0	0.0	0.0	0.0
0.0	0.0	0.0	0.0	0.0	0.0	0.0	0.0	0.0	0.0	0.0	0.0	0.0	0.0	0.0	0.0	0.0	0.0	0.0	0.0	0.0	0.0	0.0	1.201661464114552e-11
0.0	0.0	0.0	0.0	0.0	0.0	0.0	0.0	0.0	0.0	0.0	0.0	0.0	0.0	0.0	0.0	0.0	0.0	0.0	0.0	0.0	0.0	0.0	0.0
0.0	0.0	0.0	0.0	0.0	0.0	0.0	0.0	0.0	0.0	0.06237663005701991	0.09991131120363558	0.05520809953912871	0.05565295738855096	0.044510239139807575	0.16267944464887935	2.730453640254656e-8	0.04650324240949238	0.039495488825886514	0.13348528240972485	0.06301105606470207	0.056981784975269345	2.2532610514327427e-8	0.0
0.0	0.0	0.0	0.0	0.0	0.0	0.0	0.0	0.0	0.0	0.0	0.0	0.0	0.0	0.0	0.0	0.0	0.0	0.0	0.0	0.0	0.0569706267377477	2.253319301205478e-8	0.0520430862196348
0.0	0.0	0.0	0.0	0.0	0.0	0.0	0.13371572508287258	0.056078867763816535	2.7438906320672527e-8	4.290106040711376e-9	1.680459174390369e-11	0.053818794773846754	0.05756096095587679	0.047108548224828	9.870792640378808e-12	2.7405833074355335e-8	0.05000841192633039	0.03817276890842859	0.01263584873393047	0.0619724115136842	0.05072517305551925	2.2567682128939463e-8	0.0
0.0	0.0	0.0	0.0	0.0	0.0	0.0	0.0	0.0	0.0	0.06237663005701991	0.09991131120363558	0.05520809953912871	0.05565295738855096	0.044510239139807575	0.16267944464887935	2.730453640254656e-8	0.04650324240949238	0.039495488825886514	0.13348528240972485	0.06301105606470207	0.056981784975269345	2.2532610514327427e-8	0.0
0.0	0.0	0.0	0.0	0.0	0.0	0.0	0.0	0.0	0.0	0.0	0.0	0.0	0.0	0.0	0.0	0.0	0.0	0.0	0.0	0.0	0.0	0.0	0.0
0.0	0.0	0.0	0.0	0.0	0.0	0.0	0.0	0.057396902339165626	2.749976516237796e-8	0.05076811818488217	1.6804938425992203e-11	0.05406810245384637	0.05778367778849144	0.04705566780964648	9.871224393854109e-12	2.7406119855587777e-8	0.049551313248691886	0.03821056061736562	0.012638823258857151	0.06216521425882901	0.06031680559553715	2.2628622083302582e-8	0.0
0.0	0.0	0.0	0.0	0.0	0.0	0.0	0.0	0.05674818199892307	2.7464846536339474e-8	0.0562704118099598	1.5693532683750463e-11	2.6864682098890786e-10	3.3571651971415033e-10	5.597791711438991e-10	8.754988503062923e-12	2.7264996269212705e-8	3.1219581541632253e-9	0.034390093183852714	1.2343093235066373e-10	2.93299881123708e-10	1.1634363350760053e-10	2.2359403033186964e-8	0.05453572551308888
0.0	0.0	0.0	0.0	0.0	0.0	0.0	0.0	0.0	0.0	0.0	0.0	0.0	0.0	0.0	0.0	0.0	0.0	0.0	0.0	0.0	0.0	0.0	0.0
0.0	0.0	0.0	0.0	0.0	0.0	0.0	0.0	0.0	0.0	0.0	0.0	0.0	0.0	0.0	0.3	0.0	0.0	0.0	0.0	0.0	0.0	0.0	0.0
0.08936694512926037	0.12145722037269448	0.0	0.0	0.0	0.0	0.0	0.0	0.0	0.0	0.0	0.0	0.060098845373751035	0.057834711238629585	0.037612293055470106	8.809759588641282e-12	2.7406135241897218e-8	6.8547707447409376e-9	0.03749428094491796	1.3531875820453227e-10	0.050826953535309846	0.0602844028499193	2.262833437024242e-8	0.0
0.0	0.0	0.0	0.0	0.0	0.0	0.0	0.0	0.057396902339165626	2.749976516237796e-8	0.05076811818488217	1.6804938425992203e-11	0.05406810245384637	0.05778367778849144	0.04705566780964648	9.871224393854109e-12	2.7406119855587777e-8	0.049551313248691886	0.03821056061736562	0.012638823258857151	0.06216521425882901	0.06031680559553715	2.2628622083302582e-8	0.0
0.08936694512926037	0.12145722037269448	0.0	0.0	0.0	0.0	0.0	0.0	0.0	0.0	0.0	0.1638890263874065	0.060098845373751035	0.057834711238629585	0.037612293055470106	8.809759588641282e-12	2.7406135241897218e-8	6.8547707447409376e-9	0.03749428094491796	1.3531875820453227e-10	0.050826953535309846	0.0602844028499193	2.262833437024242e-8	0.0
0.0	0.0	0.0	0.0	0.0	0.0	0.0	0.0	0.0	0.0	0.0	0.0	0.0	0.0	0.0	0.0	0.0	0.0	0.0	0.0	0.0	0.0	0.0	0.0
0.0	0.0	0.0	0.0	0.0	0.0	0.0	0.0	0.0	0.0	0.06237663005701991	0.09991131120363558	0.05520809953912871	0.05565295738855096	0.044510239139807575	0.16267944464887935	2.730453640254656e-8	0.04650324240949238	0.039495488825886514	0.13348528240972485	0.06301105606470207	0.056981784975269345	2.2532610514327427e-8	0.0
0.0	0.0	0.0	0.0	0.0	0.0	0.0	0.0	0.0	0.0	0.0	0.0	0.0	0.0	0.0	0.0	0.0	0.0	0.0	0.0	0.0	0.0569706267377477	2.253319301205478e-8	0.0520430862196348
0.0	0.0	0.0	0.0	0.0	0.0	0.0	0.0	0.0	0.0	0.0	0.0	0.0	0.0	0.0	0.0	0.0	0.0	0.0	0.0	0.0	0.0	0.0	0.0
0.0	0.07536391767771325	0.0	0.0	0.0	0.0	0.0	0.0	0.0	0.0	0.0	0.0	0.0	0.0	0.0	0.0	0.0	0.0	0.0	0.0	0.0	0.0	0.0	1.21033433484515e-11
0.0	0.0	0.0	0.0	0.0	0.0	0.0	0.0	0.0	0.0	0.06237663005701991	0.09991131120363558	0.05520809953912871	0.05565295738855096	0.044510239139807575	0.16267944464887935	2.730453640254656e-8	0.04650324240949238	0.039495488825886514	0.13348528240972485	0.06301105606470207	0.056981784975269345	2.2532610514327427e-8	0.0
0.0	0.0	0.0	0.0	0.0	0.0	0.0	0.0	0.0	0.0	0.0	0.0	0.0	0.0	0.0	0.0	0.0	0.0	0.0	0.0	0.0	0.0569706267377477	2.253319301205478e-8	0.0520430862196348
0.0	0.0	0.0	0.0	0.0	0.0	0.0	0.0	0.0	2.7479945311092058e-8	0.062459285035827115	0.10167990906798328	0.054864481473954896	0.055616078366422364	0.04428077589700751	0.16054440218193028	2.730415456411904e-8	0.04633274161425853	0.03932097875869364	0.0	0.0	0.0	0.0	0.0
0.09635097548405096	0.0	0.0	0.0	0.0	0.0	0.0	0.0	0.0	0.0	0.0	4.456157303351229e-11	0.0	0.0	0.0	0.0	0.0	0.0	0.0	0.0	0.0	0.0	2.21366862721005e-8	1.2943669845023339e-11
 
list 11: sr⁻
0.0	0.0	0.0	0.0	0.0	0.0	0.0	0.0	0.0	0.0	0.0	0.0	0.0	0.0	0.0	0.0	0.0	0.0	0.0	0.0	0.0	0.0	0.0	2.7065990058779642e-8
0.0	0.0	0.0	0.0	0.0	0.0	0.0	0.0	0.0	0.0	0.0	0.0	0.0	0.0	0.0	0.0	0.0	0.0	0.0	0.0	0.0	0.0	0.0	2.7065990058779642e-8
0.0	0.0	0.0	0.0	0.0	0.0	0.0	0.0	0.0	0.0	0.0	0.0	0.0	0.0	0.0	0.0	0.0	0.0	0.0	0.0	0.0	0.0	0.0	2.7065990058779642e-8
2.7425140838886264e-8	0.0	0.0	0.0	0.0	0.0	0.0	0.0	0.0	0.0	0.0	2.742358661339135e-8	2.7565038320513007e-8	2.7594448788355308e-8	2.7593543855454505e-8	2.759382700768948e-8	2.7518396945892256e-8	2.7590994164069968e-8	2.7519300745144492e-8	2.759468171778084e-8	2.7594770082294164e-8	2.7565015083072118e-8	2.7423779093490322e-8	0.0
0.0	0.0	0.0	0.0	0.0	0.0	0.0	0.0	2.741840899138156e-8	2.7565730928000347e-8	2.7612339537685856e-8	2.762260946054761e-8	2.75872289042172e-8	2.750517935096259e-8	2.7585945744545883e-8	2.76228303594185e-8	2.758623550916728e-8	2.749685966881371e-8	2.7578425270654493e-8	2.7619767761506952e-8	2.757965786028029e-8	2.7564706187110466e-8	2.742232122386818e-8	0.0
0.0	0.0	0.0	0.0	0.0	0.0	0.0	0.0	0.0	0.0	0.0	0.0	0.0	0.0	0.0	0.0	0.0	0.0	0.0	0.0	0.0	0.0	0.0	0.0
0.0	0.0	0.0	0.0	0.0	0.0	0.0	0.0	2.6937634604970884e-8	2.7283821409444087e-8	2.742265681756294e-8	2.7480075403385875e-8	2.7477347758063402e-8	2.747607432325189e-8	2.7429904840386277e-8	2.7480176417445188e-8	2.7397414927075956e-8	2.7255120922005925e-8	2.739810660182078e-8	2.7479885386353682e-8	2.747776157291642e-8	2.7479153290142907e-8	2.7397003615334047e-8	2.7286023617525507e-8
0.0	0.0	0.0	0.0	0.0	0.0	0.0	0.0	0.0	0.0	0.0	0.0	0.0	0.0	0.0	0.0	0.0	0.0	0.0	0.0	0.0	0.0	0.0	2.7065990058779642e-8
0.0	0.0	0.0	0.0	0.0	0.0	0.0	0.0	0.0	0.0	0.0	0.0	0.0	0.0	0.0	0.0	0.0	0.0	0.0	0.0	0.0	0.0	0.0	2.7065990058779642e-8
2.758068000821936e-8	2.753929528264058e-8	2.7566127321801377e-8	2.7429134633313786e-8	2.5587174442654017e-11	2.6707991246723728e-8	2.7454749370119748e-8	2.7574427919952366e-8	2.7617830248751602e-8	2.7588447889457097e-8	2.762277142246623e-8	2.7622610125244856e-8	2.7622673100887487e-8	2.7622984121214547e-8	2.7622560329692382e-8	2.762282953464558e-8	2.758622308486768e-8	2.7621523096943554e-8	2.758660469304793e-8	2.7623811962085895e-8	2.761416850319951e-8	2.7565036761586137e-8	2.742384137272957e-8	0.0
2.7585547201676577e-8	2.7456264016915998e-8	2.747002402097746e-8	2.1913575728464177e-10	2.397100997733817e-11	1.1208764306383274e-10	2.7468233163618406e-8	2.7564219331888124e-8	2.753580860425682e-8	2.7608901853740976e-8	2.7636338572975284e-8	2.7639943318946133e-8	2.7613514286348867e-8	2.7557437780039454e-8	2.7613167112903954e-8	2.7640178396484488e-8	2.7613969732207167e-8	2.7554019528677016e-8	2.7603598279314287e-8	2.763571591540674e-8	2.7613391384256853e-8	2.763953564030133e-8	2.7612835585580592e-8	2.7585581316711186e-8
0.0	0.0	0.0	0.0	0.0	0.0	0.0	0.0	0.0	0.0	0.0	0.0	0.0	0.0	0.0	0.0	0.0	0.0	0.0	0.0	0.0	0.0	0.0	2.6994892958242037e-8
0.0	0.0	0.0	0.0	0.0	0.0	0.0	0.0	0.0	0.0	0.0	0.0	0.0	0.0	0.0	0.0	0.0	0.0	0.0	0.0	0.0	0.0	0.0	2.6994892958242037e-8
0.0	0.0	0.0	0.0	0.0	0.0	0.0	0.0	2.693728049819199e-8	2.7283604314249185e-8	2.7422560674325932e-8	2.748007486420197e-8	2.747665792294878e-8	2.747524314911616e-8	2.7424931360940072e-8	2.7480176892854288e-8	2.739741649653314e-8	2.7251072967146567e-8	2.739767246938158e-8	2.7479689328296062e-8	2.7477847818414196e-8	2.7479036180810964e-8	2.739678756786469e-8	2.728602397633544e-8
0.0	0.0	0.0	0.0	0.0	0.0	0.0	0.0	0.0	0.0	0.0	0.0	0.0	0.0	0.0	0.0	0.0	0.0	0.0	0.0	0.0	0.0	0.0	2.6994892958242037e-8
0.0	0.0	0.0	0.0	0.0	0.0	0.0	0.0	2.6937634604970884e-8	2.7283821409444087e-8	2.742265681756294e-8	2.7480075403385875e-8	2.7477347758063402e-8	2.747607432325189e-8	2.7429904840386277e-8	2.7480176417445188e-8	2.7397414927075956e-8	2.7255120922005925e-8	2.739810660182078e-8	2.7479885386353682e-8	2.747776157291642e-8	2.7479153290142907e-8	2.7397003615334047e-8	2.7286023617525507e-8
0.0	0.0	0.0	0.0	0.0	0.0	0.0	0.0	0.0	0.0	0.0	0.0	0.0	0.0	0.0	0.0	0.0	0.0	0.0	0.0	0.0	0.0	0.0	2.6994892958242037e-8
0.0	0.0	0.0	0.0	0.0	0.0	0.0	0.0	0.0	0.0	0.0	0.0	0.0	0.0	0.0	0.0	0.0	0.0	0.0	0.0	0.0	0.0	0.0	2.6994892958242037e-8
2.6935749989033455e-8	0.0	0.0	0.0	0.0	0.0	0.0	0.0	2.693728049819199e-8	2.7283604314249185e-8	2.7422560674325932e-8	2.748007486420197e-8	2.747665792294878e-8	2.747524314911616e-8	2.7424931360940072e-8	2.7480176892854288e-8	2.739741649653314e-8	2.7251072967146567e-8	2.739767246938158e-8	2.7479689328296062e-8	2.7477847818414196e-8	2.7479036180810964e-8	2.739678756786469e-8	2.728602397633544e-8
2.7596774878335797e-8	2.753952009138506e-8	2.737899656209147e-8	8.103415957680199e-10	2.4846733152533053e-11	1.7311569372837925e-10	2.737184211333224e-8	2.7537608387103585e-8	2.754529581527158e-8	2.7596045674078463e-8	2.762240899973809e-8	2.7622612312798922e-8	2.7616217643713085e-8	2.7564319845168006e-8	2.7594036395931496e-8	2.7622835405542744e-8	2.7594493565247734e-8	2.753939791032476e-8	2.758680178382506e-8	2.7619279562036546e-8	2.760219832419772e-8	2.762213922424383e-8	2.759357297795495e-8	2.7537453261266008e-8
2.456756878845091e-10	1.5890269870944146e-10	2.7372648183271496e-8	4.663645642892823e-11	2.0662286690866312e-11	4.0102454253848525e-11	2.7371575505175382e-8	2.1021280926446412e-10	1.9698087381406595e-8	2.7403591566933495e-8	2.754611433010689e-8	2.759743244896596e-8	2.7545880656576466e-8	2.7537116247239296e-8	2.7593701060364944e-8	2.7622807748084037e-8	2.7594462620691328e-8	2.753750622085246e-8	2.7368246764653226e-8	2.7131031431373273e-8	2.674952680490616e-8	2.7434793774810945e-8	2.675025145931924e-8	2.7436307994787294e-8
0.0	0.0	0.0	0.0	0.0	0.0	0.0	0.0	2.693728049819199e-8	2.7283604314249185e-8	2.7422560674325932e-8	2.748007486420197e-8	2.747665792294878e-8	2.747524314911616e-8	2.7424931360940072e-8	2.7480176892854288e-8	2.739741649653314e-8	2.7251072967146567e-8	2.739767246938158e-8	2.7479689328296062e-8	2.7477847818414196e-8	2.7479036180810964e-8	2.739678756786469e-8	2.728602397633544e-8
0.0	0.0	0.0	0.0	0.0	0.0	0.0	0.0	2.6937634604970884e-8	2.7283821409444087e-8	2.742265681756294e-8	2.7480075403385875e-8	2.7477347758063402e-8	2.747607432325189e-8	2.7429904840386277e-8	2.7480176417445188e-8	2.7397414927075956e-8	2.7255120922005925e-8	2.739810660182078e-8	2.7479885386353682e-8	2.747776157291642e-8	2.7479153290142907e-8	2.7397003615334047e-8	2.7286023617525507e-8
0.0	0.0	0.0	0.0	0.0	0.0	0.0	0.0	2.6827169852848765e-8	2.7409097916666902e-8	2.7531533447591782e-8	2.758259781254413e-8	2.7531606836549047e-8	2.7464430848866018e-8	2.7552144186672933e-8	2.759381229816614e-8	2.755257195620741e-8	2.746456247635623e-8	2.7159805321473694e-8	2.7117800901339096e-8	2.68224866377429e-8	2.74035002303408e-8	2.682071964398537e-8	2.7403795921841464e-8
0.0	0.0	0.0	0.0	0.0	0.0	0.0	0.0	2.728527395921143e-8	2.7494994034915122e-8	2.7564658617289527e-8	2.7593636541309698e-8	2.7584914367833875e-8	2.7550140512770384e-8	2.7553507947810778e-8	2.7593836754639906e-8	2.7552672306074307e-8	2.7468527984155747e-8	2.7551693448152803e-8	2.7593960771102018e-8	2.7587064160395047e-8	2.7593523957762883e-8	2.7552172390345918e-8	2.7494220089937057e-8
0.0	0.0	0.0	0.0	0.0	0.0	0.0	0.0	2.6937634604970884e-8	2.7283821409444087e-8	2.742265681756294e-8	2.7480075403385875e-8	2.7477347758063402e-8	2.747607432325189e-8	2.7429904840386277e-8	2.7480176417445188e-8	2.7397414927075956e-8	2.7255120922005925e-8	2.739810660182078e-8	2.7479885386353682e-8	2.747776157291642e-8	2.7479153290142907e-8	2.7397003615334047e-8	2.7286023617525507e-8
2.765831712206259e-8	2.7639371870780518e-8	2.7606051088185013e-8	2.7507587636271504e-8	2.549626662990581e-11	4.185230998970218e-9	2.7518241716089855e-8	2.7611173488935515e-8	2.76432995909156e-8	2.763938829951308e-8	2.7655158924807442e-8	2.7654973398171342e-8	2.7655061045179998e-8	2.7655255130240385e-8	2.7654989862973953e-8	2.7655220252205273e-8	2.7636984862966345e-8	2.7654648817551528e-8	2.7637025579972256e-8	2.765626862098435e-8	2.76563045882564e-8	2.7655200736132488e-8	2.7637047676056577e-8	2.7627094530767557e-8
2.7614552992782557e-8	2.753092681385372e-8	2.7509751962200268e-8	2.1813826065258505e-10	2.3971017149119812e-11	1.1182145758741486e-10	2.7508517607760996e-8	2.7569323730955718e-8	2.7563847721786628e-8	2.7624025604913418e-8	2.764719008373242e-8	2.7654973112982125e-8	2.763605269434115e-8	2.7597512288844836e-8	2.763598025724902e-8	2.7655220665801297e-8	2.763698944583133e-8	2.7596349400747116e-8	2.7646856527246765e-8	2.7660534837992514e-8	2.763412036504119e-8	2.7653465837002207e-8	2.763369365623252e-8	2.7606320985699452e-8
0.0	0.0	0.0	0.0	0.0	0.0	0.0	2.742471174792957e-8	2.7565860195477197e-8	2.7603955444613956e-8	2.763067132686021e-8	2.763050216455845e-8	2.7630563787435253e-8	2.7630814323165653e-8	2.7630468967527983e-8	2.763072823431476e-8	2.7601798954305772e-8	2.7629755625202643e-8	2.7601997104978617e-8	2.7631718646778717e-8	2.763173457243808e-8	2.7630700153546256e-8	2.7601903215564145e-8	2.7565147080180403e-8
9.707465633760866e-11	0.0	0.0	0.0	0.0	0.0	0.0	0.0	0.0	0.0	2.73677973610062e-8	2.7367528555090223e-8	7.859081385546601e-11	7.564082007567161e-11	7.135315877631055e-11	2.7367725826658065e-8	0.0	0.0	0.0	0.0	0.0	0.0	1.8305087430719485e-11	2.736741325187647e-8
0.0	0.0	0.0	0.0	0.0	0.0	0.0	0.0	0.0	0.0	0.0	0.0	0.0	0.0	0.0	0.0	0.0	0.0	0.0	0.0	0.0	0.0	0.0	0.0
0.0	0.0	0.0	0.0	0.0	0.0	0.0	0.0	0.0	0.0	0.0	0.0	0.0	0.0	0.0	0.0	0.0	0.0	0.0	0.0	0.0	0.0	0.0	2.7065990058779642e-8
0.0	0.0	0.0	0.0	0.0	0.0	0.0	0.0	0.0	0.0	0.0	0.0	0.0	0.0	0.0	0.0	0.0	0.0	0.0	0.0	0.0	0.0	0.0	0.0
0.0	0.0	0.0	0.0	0.0	0.0	0.0	0.0	0.0	0.0	2.6940958797464827e-8	2.7286072818437135e-8	2.6939104286450536e-8	2.655078030642651e-8	2.7175058333082447e-8	2.7373373397471712e-8	2.7172223571319556e-8	2.654611735379209e-8	5.1794190098002845e-11	1.799696446500804e-10	1.1077535914867762e-10	2.693994495957288e-8	3.4704218971534576e-11	0.0
0.0	0.0	0.0	0.0	0.0	0.0	0.0	0.0	0.0	0.0	0.0	0.0	0.0	0.0	0.0	0.0	0.0	0.0	0.0	0.0	0.0	2.6939622015193713e-8	1.4951151185770635e-11	2.6939107069502645e-8
2.7424654458591907e-8	0.0	0.0	0.0	0.0	0.0	0.0	0.0	0.0	0.0	0.0	2.742357595146577e-8	2.750784231704911e-8	2.720431399286344e-8	2.7519254284103233e-8	2.7593828020503716e-8	2.751842401862718e-8	2.7168508711556842e-8	2.7501218164474448e-8	2.7588274442002104e-8	2.7505664571231774e-8	2.7564619962673316e-8	2.742196085080053e-8	0.0
0.0	0.0	0.0	0.0	0.0	0.0	0.0	0.0	0.0	0.0	2.6940958797464827e-8	2.7286072818437135e-8	2.6939104286450536e-8	2.655078030642651e-8	2.7175058333082447e-8	2.7373373397471712e-8	2.7172223571319556e-8	2.654611735379209e-8	5.1794190098002845e-11	1.799696446500804e-10	1.1077535914867762e-10	2.693994495957288e-8	3.4704218971534576e-11	0.0
0.0	0.0	0.0	0.0	0.0	0.0	0.0	0.0	0.0	0.0	0.0	0.0	0.0	0.0	0.0	0.0	0.0	0.0	0.0	0.0	0.0	0.0	0.0	0.0
0.0	0.0	0.0	0.0	0.0	0.0	0.0	0.0	2.741840899138156e-8	2.7565730928000347e-8	2.7612339537685856e-8	2.762260946054761e-8	2.75872289042172e-8	2.750517935096259e-8	2.7585945744545883e-8	2.76228303594185e-8	2.758623550916728e-8	2.749685966881371e-8	2.7578425270654493e-8	2.7619767761506952e-8	2.757965786028029e-8	2.7564706187110466e-8	2.742232122386818e-8	0.0
0.0	0.0	0.0	0.0	0.0	0.0	0.0	0.0	2.728665343421991e-8	2.7495728297548185e-8	2.756498759322429e-8	2.7593634149942564e-8	2.759361671718797e-8	2.7593951019252354e-8	2.759344521702784e-8	2.759382827615859e-8	2.7552662793281057e-8	2.759285255167962e-8	2.755344666077576e-8	2.7594709057470054e-8	2.7594647075081973e-8	2.7593768445593336e-8	2.7552833504267365e-8	2.7494216030623137e-8
0.0	0.0	0.0	0.0	0.0	0.0	0.0	0.0	0.0	0.0	0.0	0.0	0.0	0.0	0.0	0.0	0.0	0.0	0.0	0.0	0.0	0.0	0.0	0.0
0.0	0.0	0.0	0.0	0.0	0.0	0.0	0.0	0.0	0.0	0.0	0.0	0.0	0.0	0.0	0.0	0.0	0.0	0.0	0.0	0.0	0.0	0.0	0.0
2.756755383323382e-8	2.742560072029358e-8	0.0	0.0	0.0	0.0	0.0	0.0	0.0	0.0	0.0	0.0	2.742327207800631e-8	2.756485914566517e-8	2.7612822799953678e-8	2.7622830620457114e-8	2.7586227083459502e-8	2.762152610629915e-8	2.7586605231706674e-8	2.7623812197703356e-8	2.7614168750234974e-8	2.7565036769971763e-8	2.7423841395131897e-8	0.0
2.742469693328944e-8	0.0	0.0	0.0	0.0	0.0	0.0	0.0	0.0	0.0	0.0	2.7423575785826785e-8	2.7560959297840397e-8	2.749917952025424e-8	2.7585795259581496e-8	2.762283127071753e-8	2.7586237704680066e-8	2.749686247796121e-8	2.7578424902456047e-8	2.7619767557599017e-8	2.7579657359653325e-8	2.756470619016656e-8	2.742232123264344e-8	0.0
2.756755383323382e-8	2.742560072029358e-8	0.0	0.0	0.0	0.0	0.0	0.0	0.0	0.0	0.0	0.0	2.742327203770448e-8	2.7564858920205328e-8	2.7612822683561187e-8	2.7622830526517772e-8	2.7586227511800675e-8	2.7621519075749504e-8	2.7586546325403445e-8	2.76237948501535e-8	2.762380986782065e-8	2.7622790088104385e-8	2.7586540625102103e-8	2.761037104912536e-8
0.0	0.0	0.0	0.0	0.0	0.0	0.0	0.0	0.0	0.0	0.0	0.0	0.0	0.0	0.0	0.0	0.0	0.0	0.0	0.0	0.0	0.0	0.0	0.0
0.0	0.0	0.0	0.0	0.0	0.0	0.0	0.0	0.0	0.0	2.6940958797464827e-8	2.7286072818437135e-8	2.6939104286450536e-8	2.655078030642651e-8	2.7175058333082447e-8	2.7373373397471712e-8	2.7172223571319556e-8	2.654611735379209e-8	5.1794190098002845e-11	1.799696446500804e-10	1.1077535914867762e-10	2.693994495957288e-8	3.4704218971534576e-11	0.0
0.0	0.0	0.0	0.0	0.0	0.0	0.0	0.0	0.0	0.0	0.0	0.0	0.0	0.0	0.0	0.0	0.0	0.0	0.0	0.0	0.0	2.6939622015193713e-8	1.4951151185770635e-11	2.6939107069502645e-8
0.0	0.0	0.0	0.0	0.0	0.0	0.0	0.0	0.0	0.0	0.0	0.0	0.0	0.0	0.0	0.0	0.0	0.0	0.0	0.0	0.0	0.0	0.0	0.0
0.0	4.2614633040712487e-11	0.0	0.0	0.0	0.0	0.0	0.0	0.0	0.0	0.0	0.0	0.0	0.0	0.0	0.0	0.0	0.0	0.0	0.0	0.0	0.0	0.0	2.7065986285390164e-8
0.0	0.0	0.0	0.0	0.0	0.0	0.0	0.0	0.0	8.244452321537124e-11	2.694320143273814e-8	2.728719056442554e-8	2.694290975785416e-8	2.655020361678036e-8	2.717564421558395e-8	2.7373603231767703e-8	2.7172850184694594e-8	2.654547110666767e-8	5.1794199857126034e-11	1.7996962954459774e-10	1.1077535921837255e-10	2.6939937588881907e-8	3.470421819752513e-11	0.0
0.0	0.0	0.0	0.0	0.0	0.0	0.0	0.0	0.0	0.0	0.0	0.0	0.0	0.0	0.0	0.0	0.0	0.0	0.0	0.0	0.0	2.6939622015193713e-8	1.4951151185770635e-11	2.6939107069502645e-8
0.0	0.0	0.0	0.0	0.0	0.0	0.0	0.0	0.0	0.0	2.6940958797464827e-8	2.7286072818437135e-8	2.6939104286450536e-8	2.655078030642651e-8	2.7175058333082447e-8	2.7373373397471712e-8	2.7172223571319556e-8	2.654611735379209e-8	5.1794190098002845e-11	1.799696446500804e-10	1.1077535914867762e-10	2.693994495957288e-8	3.4704218971534576e-11	0.0
4.433417309665956e-11	0.0	0.0	0.0	0.0	0.0	0.0	0.0	0.0	0.0	0.0	2.7065143889785665e-8	0.0	0.0	0.0	0.0	0.0	0.0	0.0	0.0	0.0	0.0	1.4951166139096726e-11	2.7065865865707773e-8
0.0	0.0	0.0	0.0	0.0	0.0	0.0	0.0	0.0	0.0	0.0	0.0	0.0	0.0	0.0	0.0	0.0	0.0	0.0	0.0	0.0	0.0	0.0	2.7065990058779642e-8
0.0	0.0	0.0	0.0	0.0	0.0	0.0	0.0	0.0	0.0	0.0	0.0	0.0	0.0	0.0	0.0	0.0	0.0	0.0	0.0	0.0	0.0	0.0	2.7065990058779642e-8
0.0	0.0	0.0	0.0	0.0	0.0	0.0	0.0	0.0	0.0	0.0	0.0	0.0	0.0	0.0	0.0	0.0	0.0	0.0	0.0	0.0	0.0	0.0	2.7065990058779642e-8
2.7425140838865936e-8	0.0	0.0	0.0	0.0	0.0	0.0	0.0	0.0	0.0	0.0	2.742358661339135e-8	2.7565038320513007e-8	2.7594448788355308e-8	2.7593543855454505e-8	2.759382700768948e-8	2.7518396945892256e-8	2.7590994164069968e-8	2.7519300745144492e-8	2.759468171778084e-8	2.7594770082294164e-8	2.7565015083072118e-8	2.7423779093490322e-8	0.0
0.0	0.0	0.0	0.0	0.0	0.0	0.0	2.7406395486058373e-8	2.7488035241879637e-8	2.758539005414076e-8	2.762128858583646e-8	2.7622609437891172e-8	2.7587228644872653e-8	2.7505178703334752e-8	2.7585945668096078e-8	2.7622830362931993e-8	2.7586235510393783e-8	2.7496859668691738e-8	2.757842527071209e-8	2.7619767761503564e-8	2.7579657860249797e-8	2.7564706187113854e-8	2.742232122386479e-8	0.0
0.0	0.0	0.0	0.0	0.0	0.0	0.0	0.0	0.0	0.0	0.0	0.0	0.0	0.0	0.0	0.0	0.0	0.0	0.0	0.0	0.0	0.0	0.0	0.0
0.0	0.0	0.0	0.0	0.0	0.0	0.0	0.0	2.6937634604970884e-8	2.7283821409444087e-8	2.742265681756294e-8	2.7480075403385875e-8	2.7477347758063402e-8	2.747607432325189e-8	2.7429904840386277e-8	2.7480176417445188e-8	2.7397414927075956e-8	2.7255120922005925e-8	2.739810660182078e-8	2.7479885386353682e-8	2.747776157291642e-8	2.7479153290142907e-8	2.7397003615334047e-8	2.7286023617525507e-8
0.0	0.0	0.0	0.0	0.0	0.0	0.0	0.0	0.0	0.0	0.0	0.0	0.0	0.0	0.0	0.0	0.0	0.0	0.0	0.0	0.0	0.0	0.0	2.7065990058779642e-8
0.0	0.0	0.0	0.0	0.0	0.0	0.0	0.0	0.0	0.0	0.0	0.0	0.0	0.0	0.0	0.0	0.0	0.0	0.0	0.0	0.0	0.0	0.0	2.7065990058779642e-8
2.756755383323382e-8	2.742560072029358e-8	0.0	0.0	0.0	0.0	0.0	0.0	0.0	0.0	0.0	0.0	2.742327207800631e-8	2.756485914566517e-8	2.7612822799953678e-8	2.7622830620457114e-8	2.7586227083459502e-8	2.762152610629915e-8	2.7586605231706674e-8	2.7623812197703356e-8	2.7614168750234974e-8	2.7565036769971763e-8	2.7423841395131897e-8	0.0
2.7585547201676577e-8	2.7456264016915998e-8	2.747002402097746e-8	2.1913575728464177e-10	2.3971009977331552e-11	1.1208764306383274e-10	2.7468233163618406e-8	2.7564219331888124e-8	2.753580860425682e-8	2.7608901853740976e-8	2.7636338572975284e-8	2.7639943318946133e-8	2.7613514286348867e-8	2.7557437780039454e-8	2.7613167112903954e-8	2.7640178396484488e-8	2.7613969732207167e-8	2.7554019528677016e-8	2.7603598279314287e-8	2.763571591540674e-8	2.7613391384256853e-8	2.763953564030133e-8	2.7612835585580592e-8	2.7585581316711186e-8
0.0	0.0	0.0	0.0	0.0	0.0	0.0	0.0	0.0	0.0	0.0	0.0	0.0	0.0	0.0	0.0	0.0	0.0	0.0	0.0	0.0	0.0	0.0	2.6994892958242037e-8
0.0	0.0	0.0	0.0	0.0	0.0	0.0	0.0	0.0	0.0	0.0	0.0	0.0	0.0	0.0	0.0	0.0	0.0	0.0	0.0	0.0	0.0	0.0	2.6994892958242037e-8
0.0	0.0	0.0	0.0	0.0	0.0	0.0	0.0	2.693728049819199e-8	2.7283604314249185e-8	2.7422560674325932e-8	2.748007486420197e-8	2.747665792294878e-8	2.747524314911616e-8	2.7424931360940072e-8	2.7480176892854288e-8	2.739741649653314e-8	2.7251072967146567e-8	2.739767246938158e-8	2.7479689328296062e-8	2.7477847818414196e-8	2.7479036180810964e-8	2.739678756786469e-8	2.728602397633544e-8
0.0	0.0	0.0	0.0	0.0	0.0	0.0	0.0	0.0	0.0	0.0	0.0	0.0	0.0	0.0	0.0	0.0	0.0	0.0	0.0	0.0	0.0	0.0	2.6994892958242037e-8
0.0	0.0	0.0	0.0	0.0	0.0	0.0	0.0	2.6937634604970884e-8	2.7283821409444087e-8	2.742265681756294e-8	2.7480075403385875e-8	2.7477347758063402e-8	2.747607432325189e-8	2.7429904840386277e-8	2.7480176417445188e-8	2.7397414927075956e-8	2.7255120922005925e-8	2.739810660182078e-8	2.7479885386353682e-8	2.747776157291642e-8	2.7479153290142907e-8	2.7397003615334047e-8	2.7286023617525507e-8
0.0	0.0	0.0	0.0	0.0	0.0	0.0	0.0	0.0	0.0	0.0	0.0	0.0	0.0	0.0	0.0	0.0	0.0	0.0	0.0	0.0	0.0	0.0	2.6994892958242037e-8
0.0	0.0	0.0	0.0	0.0	0.0	0.0	0.0	0.0	0.0	0.0	0.0	0.0	0.0	0.0	0.0	0.0	0.0	0.0	0.0	0.0	0.0	0.0	2.6994892958242037e-8
2.6935749989033455e-8	0.0	0.0	0.0	0.0	0.0	0.0	0.0	2.693728049819199e-8	2.7283604314249185e-8	2.7422560674325932e-8	2.748007486420197e-8	2.747665792294878e-8	2.747524314911616e-8	2.7424931360940072e-8	2.7480176892854288e-8	2.739741649653314e-8	2.7251072967146567e-8	2.739767246938158e-8	2.7479689328296062e-8	2.7477847818414196e-8	2.7479036180810964e-8	2.739678756786469e-8	2.728602397633544e-8
2.7596774878335797e-8	2.753952009138506e-8	2.737899656209147e-8	8.103415957680199e-10	2.4846733152533053e-11	1.7311569372837925e-10	2.737184211333224e-8	2.7537608387103585e-8	2.754529581527158e-8	2.7596045674075075e-8	2.762240899973809e-8	2.7622612312798922e-8	2.7616217643713085e-8	2.7564319845168006e-8	2.7594036395931496e-8	2.7622835405542744e-8	2.7594493565247734e-8	2.753939791032476e-8	2.758680178382506e-8	2.7619279562036546e-8	2.760219832419772e-8	2.762213922424383e-8	2.759357297795495e-8	2.7537453261266008e-8
2.456580855639244e-10	0.0	0.0	0.0	0.0	0.0	0.0	0.0	0.0	0.0	0.0	2.7367760799852246e-8	2.734542353203734e-8	2.7531346405708606e-8	2.759157329828031e-8	2.7621651088422867e-8	2.7592364067206344e-8	2.753206443407432e-8	2.7346257680766433e-8	2.713027108508227e-8	2.6749456925321592e-8	2.743479718371537e-8	2.6750303529809088e-8	2.7436255944483936e-8
0.0	0.0	0.0	0.0	0.0	0.0	0.0	0.0	2.693728049819199e-8	2.7283604314249185e-8	2.7422560674325932e-8	2.748007486420197e-8	2.747665792294878e-8	2.747524314911616e-8	2.7424931360940072e-8	2.7480176892854288e-8	2.739741649653314e-8	2.7251072967146567e-8	2.739767246938158e-8	2.7479689328296062e-8	2.7477847818414196e-8	2.7479036180810964e-8	2.739678756786469e-8	2.728602397633544e-8
0.0	0.0	0.0	0.0	0.0	0.0	0.0	0.0	2.6937634604970884e-8	2.7283821409444087e-8	2.742265681756294e-8	2.7480075403385875e-8	2.7477347758063402e-8	2.747607432325189e-8	2.7429904840386277e-8	2.7480176417445188e-8	2.7397414927075956e-8	2.7255120922005925e-8	2.739810660182078e-8	2.7479885386353682e-8	2.747776157291642e-8	2.7479153290142907e-8	2.7397003615334047e-8	2.7286023617525507e-8
0.0	0.0	0.0	0.0	0.0	0.0	0.0	0.0	2.6827169852848765e-8	2.7409097916666902e-8	2.7531533447591782e-8	2.758259781254413e-8	2.7531606836549047e-8	2.7464430848866018e-8	2.7552144186672933e-8	2.759381229816614e-8	2.755257195620741e-8	2.746456247635623e-8	2.7159805321473694e-8	2.7117800901339096e-8	2.68224866377429e-8	2.74035002303408e-8	2.682071964398537e-8	2.7403795921841464e-8
0.0	0.0	0.0	0.0	0.0	0.0	0.0	0.0	2.728527395921143e-8	2.7494994034915122e-8	2.7564658617289527e-8	2.7593636541309698e-8	2.7584914367833875e-8	2.7550140512770384e-8	2.7553507947810778e-8	2.7593836754639906e-8	2.7552672306074307e-8	2.7468527984155747e-8	2.7551693448152803e-8	2.7593960771102018e-8	2.7587064160395047e-8	2.7593523957762883e-8	2.7552172390345918e-8	2.7494220089937057e-8
0.0	0.0	0.0	0.0	0.0	0.0	0.0	0.0	2.6937634604970884e-8	2.7283821409444087e-8	2.742265681756294e-8	2.7480075403385875e-8	2.7477347758063402e-8	2.747607432325189e-8	2.7429904840386277e-8	2.7480176417445188e-8	2.7397414927075956e-8	2.7255120922005925e-8	2.739810660182078e-8	2.7479885386353682e-8	2.747776157291642e-8	2.7479153290142907e-8	2.7397003615334047e-8	2.7286023617525507e-8
2.765831712206259e-8	2.7639371870780518e-8	2.7606051088185013e-8	2.7507587636271504e-8	2.54962666299025e-11	4.185230998969371e-9	2.7518241716089855e-8	2.7611173488935515e-8	2.76432995909156e-8	2.763938829951308e-8	2.7655158924807442e-8	2.7654973398171342e-8	2.7655061045179998e-8	2.7655255130240385e-8	2.7654989862973953e-8	2.7655220252205273e-8	2.7636984862966345e-8	2.7654648817551528e-8	2.7637025579972256e-8	2.765626862098435e-8	2.76563045882564e-8	2.7655200736132488e-8	2.7637047676056577e-8	2.7627094530767557e-8
2.7614552992782557e-8	2.753092681385372e-8	2.7509751962200268e-8	2.1813826065261152e-10	2.397101714912312e-11	1.1182145758741486e-10	2.7508517607760996e-8	2.7569323730955718e-8	2.7563847721786628e-8	2.7624025604913418e-8	2.764719008373242e-8	2.7654973112982125e-8	2.763605269434115e-8	2.7597512288844836e-8	2.763598025724902e-8	2.7655220665801297e-8	2.763698944583133e-8	2.7596349400747116e-8	2.7646856527246765e-8	2.7660534837989126e-8	2.763412036504119e-8	2.7653465837002207e-8	2.763369365623252e-8	2.7606320985699452e-8
0.0	0.0	0.0	0.0	0.0	0.0	0.0	2.742471174792957e-8	2.7565860195477197e-8	2.7603955444613956e-8	2.763067132686021e-8	2.763050216455845e-8	2.7630563787435253e-8	2.7630814323165653e-8	2.7630468967527983e-8	2.763072823431476e-8	2.7601798954305772e-8	2.7629755625202643e-8	2.7601997104978617e-8	2.7631718646778717e-8	2.763173457243808e-8	2.7630700153546256e-8	2.7601903215564145e-8	2.7565147080180403e-8
9.707465633760866e-11	0.0	0.0	0.0	0.0	0.0	0.0	0.0	0.0	0.0	2.73677973610062e-8	2.7367528555090223e-8	7.859081385546601e-11	7.564082007567161e-11	7.135315877631055e-11	2.7367725826658065e-8	0.0	0.0	0.0	0.0	0.0	0.0	1.8305087430719485e-11	2.736741325187647e-8
0.0	0.0	0.0	0.0	0.0	0.0	0.0	0.0	0.0	0.0	0.0	0.0	0.0	0.0	0.0	0.0	0.0	0.0	0.0	0.0	0.0	0.0	0.0	0.0
0.0	0.0	0.0	0.0	0.0	0.0	0.0	0.0	0.0	0.0	0.0	0.0	0.0	0.0	0.0	0.0	0.0	0.0	0.0	0.0	0.0	0.0	0.0	2.7065990058779642e-8
0.0	0.0	0.0	0.0	0.0	0.0	0.0	0.0	0.0	0.0	0.0	0.0	0.0	0.0	0.0	0.0	0.0	0.0	0.0	0.0	0.0	0.0	0.0	0.0
0.0	0.0	0.0	0.0	0.0	0.0	0.0	0.0	0.0	0.0	2.6940958797464827e-8	2.7286072818437135e-8	2.6939104286450536e-8	2.655078030642651e-8	2.7175058333082447e-8	2.7373373397471712e-8	2.7172223571319556e-8	2.654611735379209e-8	5.1794190098002845e-11	1.799696446500804e-10	1.1077535914867762e-10	2.693994495957288e-8	3.4704218971534576e-11	0.0
0.0	0.0	0.0	0.0	0.0	0.0	0.0	0.0	0.0	0.0	0.0	0.0	0.0	0.0	0.0	0.0	0.0	0.0	0.0	0.0	0.0	2.6939622015193713e-8	1.4951151185770635e-11	2.6939107069502645e-8
0.0	0.0	0.0	0.0	0.0	0.0	0.0	2.7269712741525643e-8	2.711018352131184e-8	2.7513137977667302e-8	2.7591158122377483e-8	2.7593632384553108e-8	2.7523119113210886e-8	2.723443735024115e-8	2.7519315708072984e-8	2.75938276673418e-8	2.751842288131604e-8	2.7168509747739023e-8	2.750121865894179e-8	2.7588274625696445e-8	2.7505665036761082e-8	2.756461996252085e-8	2.7421960850624347e-8	0.0
0.0	0.0	0.0	0.0	0.0	0.0	0.0	0.0	0.0	0.0	2.6940958797464827e-8	2.7286072818437135e-8	2.6939104286450536e-8	2.655078030642651e-8	2.7175058333082447e-8	2.7373373397471712e-8	2.7172223571319556e-8	2.654611735379209e-8	5.1794190098002845e-11	1.799696446500804e-10	1.1077535914867762e-10	2.693994495957288e-8	3.4704218971534576e-11	0.0
0.0	0.0	0.0	0.0	0.0	0.0	0.0	0.0	0.0	0.0	0.0	0.0	0.0	0.0	0.0	0.0	0.0	0.0	0.0	0.0	0.0	0.0	0.0	0.0
0.0	0.0	0.0	0.0	0.0	0.0	0.0	0.0	2.741840899138156e-8	2.7565730928000347e-8	2.7612339537685856e-8	2.762260946054761e-8	2.75872289042172e-8	2.750517935096259e-8	2.7585945744545883e-8	2.76228303594185e-8	2.758623550916728e-8	2.749685966881371e-8	2.7578425270654493e-8	2.7619767761506952e-8	2.757965786028029e-8	2.7564706187110466e-8	2.742232122386818e-8	0.0
0.0	0.0	0.0	0.0	0.0	0.0	0.0	0.0	2.728665343421991e-8	2.7495728297548185e-8	2.756498759322429e-8	2.7593634149942564e-8	2.759361671718797e-8	2.7593951019252354e-8	2.759344521702784e-8	2.759382827615859e-8	2.7552662793281057e-8	2.759285255167962e-8	2.755344666077576e-8	2.7594709057470054e-8	2.7594647075081973e-8	2.7593768445593336e-8	2.7552833504267365e-8	2.7494216030623137e-8
0.0	0.0	0.0	0.0	0.0	0.0	0.0	0.0	0.0	0.0	0.0	0.0	0.0	0.0	0.0	0.0	0.0	0.0	0.0	0.0	0.0	0.0	0.0	0.0
0.0	0.0	0.0	0.0	0.0	0.0	0.0	0.0	0.0	0.0	0.0	0.0	0.0	0.0	0.0	0.0	0.0	0.0	0.0	0.0	0.0	0.0	0.0	0.0
2.756755383323382e-8	2.742560072029358e-8	0.0	0.0	0.0	0.0	0.0	0.0	0.0	0.0	0.0	0.0	2.742327207800631e-8	2.756485914566517e-8	2.7612822799953678e-8	2.7622830620457114e-8	2.7586227083459502e-8	2.762152610629915e-8	2.7586605231706674e-8	2.7623812197703356e-8	2.7614168750234974e-8	2.7565036769971763e-8	2.7423841395131897e-8	0.0
0.0	0.0	0.0	0.0	0.0	0.0	0.0	0.0	2.741840899138156e-8	2.7565730928000347e-8	2.7612339537685856e-8	2.762260946054761e-8	2.75872289042172e-8	2.750517935096259e-8	2.7585945744545883e-8	2.76228303594185e-8	2.758623550916728e-8	2.749685966881371e-8	2.7578425270654493e-8	2.7619767761506952e-8	2.757965786028029e-8	2.7564706187110466e-8	2.742232122386818e-8	0.0
2.756755383323382e-8	2.742560072029358e-8	0.0	0.0	0.0	0.0	0.0	0.0	0.0	0.0	0.0	0.0	2.742327207800631e-8	2.756485914566517e-8	2.7612822799953678e-8	2.7622830620457114e-8	2.7586227083459502e-8	2.762152610629915e-8	2.7586605231706674e-8	2.7623812197703356e-8	2.7614168750234974e-8	2.7565036769971763e-8	2.7423841395131897e-8	0.0
0.0	0.0	0.0	0.0	0.0	0.0	0.0	0.0	0.0	0.0	0.0	0.0	0.0	0.0	0.0	0.0	0.0	0.0	0.0	0.0	0.0	0.0	0.0	0.0
0.0	0.0	0.0	0.0	0.0	0.0	0.0	0.0	0.0	0.0	2.6940958797464827e-8	2.7286072818437135e-8	2.6939104286450536e-8	2.655078030642651e-8	2.7175058333082447e-8	2.7373373397471712e-8	2.7172223571319556e-8	2.654611735379209e-8	5.1794190098002845e-11	1.799696446500804e-10	1.1077535914867762e-10	2.693994495957288e-8	3.4704218971534576e-11	0.0
0.0	0.0	0.0	0.0	0.0	0.0	0.0	0.0	0.0	0.0	0.0	0.0	0.0	0.0	0.0	0.0	0.0	0.0	0.0	0.0	0.0	2.6939622015193713e-8	1.4951151185770635e-11	2.6939107069502645e-8
0.0	0.0	0.0	0.0	0.0	0.0	0.0	0.0	0.0	0.0	0.0	0.0	0.0	0.0	0.0	0.0	0.0	0.0	0.0	0.0	0.0	0.0	0.0	0.0
0.0	4.2614633040712487e-11	0.0	0.0	0.0	0.0	0.0	0.0	0.0	0.0	0.0	0.0	0.0	0.0	0.0	0.0	0.0	0.0	0.0	0.0	0.0	0.0	0.0	2.7065986285390164e-8
0.0	0.0	0.0	0.0	0.0	0.0	0.0	0.0	0.0	0.0	2.6940958797464827e-8	2.7286072818437135e-8	2.6939104286450536e-8	2.655078030642651e-8	2.7175058333082447e-8	2.7373373397471712e-8	2.7172223571319556e-8	2.654611735379209e-8	5.1794190098002845e-11	1.799696446500804e-10	1.1077535914867762e-10	2.693994495957288e-8	3.4704218971534576e-11	0.0
0.0	0.0	0.0	0.0	0.0	0.0	0.0	0.0	0.0	0.0	0.0	0.0	0.0	0.0	0.0	0.0	0.0	0.0	0.0	0.0	0.0	2.6939622015193713e-8	1.4951151185770635e-11	2.6939107069502645e-8
0.0	0.0	0.0	0.0	0.0	0.0	0.0	0.0	0.0	8.244436980243143e-11	2.6943267110490413e-8	2.7287142607686725e-8	2.6943925232332348e-8	2.654207079018096e-8	2.7175866359098607e-8	2.7373649268530158e-8	2.717225577973721e-8	2.653933757748372e-8	0.0	0.0	0.0	0.0	0.0	0.0
0.0	0.0	0.0	0.0	0.0	0.0	0.0	0.0	0.0	0.0	0.0	2.7065143889785665e-8	0.0	0.0	0.0	0.0	0.0	0.0	0.0	0.0	0.0	0.0	1.4951166139096726e-11	2.7065865865707773e-8
