Unit Commitment Scheduling Summary
==================================

Cost Summary
  startup_cost                2039.9999824522997
  shutdown_cost               1989.9999837522998
  variable_fuel_cost          13563.968585037488
  no_load_cost                21885.440032511073
  reserve_up_cost             0.0
  reserve_down_cost           0.0
  load_curtailment_cost       0.0
  wind_curtailment_cost       112557.43338879274
  total_cost                  152036.8419725459

Unit Status by Time
unit_id	t1	t2	t3	t4	t5	t6	t7	t8	t9	t10	t11	t12	t13	t14	t15	t16	t17	t18	t19	t20	t21	t22	t23	t24
1.0	1.0	0.0	0.0	0.0	0.0	0.0	0.0	0.0	0.0	0.0	1.0	1.0	1.0	1.0	1.0	0.0	0.0	0.0	0.0	0.0	0.0	0.0	0.0	0.0
2.0	0.0	1.0	1.0	1.0	1.0	1.0	1.0	1.0	1.0	1.0	1.0	1.0	4.392200068794011e-8	4.392200068794011e-8	4.392200068794011e-8	1.0	1.0	1.0	1.0	1.0	1.0	1.0	1.0	1.0
3.0	0.0	0.0	0.0	0.0	1.0	1.0	1.0	1.0	1.0	1.0	-0.0	0.0	0.0	0.9999999560779993	0.9999999560779993	1.0	1.0	1.0	0.0	0.0	0.0	1.0	1.0	1.0

Startup Status by Time
unit_id	t1	t2	t3	t4	t5	t6	t7	t8	t9	t10	t11	t12	t13	t14	t15	t16	t17	t18	t19	t20	t21	t22	t23	t24
1.0	0.0	0.0	0.0	0.0	0.0	0.0	0.0	0.0	0.0	0.0	1.0	0.0	0.0	0.0	0.0	0.0	0.0	0.0	0.0	0.0	0.0	0.0	0.0	0.0
2.0	0.0	1.0	0.0	0.0	0.0	0.0	0.0	0.0	0.0	0.0	0.0	0.0	0.0	0.0	-0.0	0.999999953592285	0.0	0.0	0.0	0.0	0.0	0.0	0.0	0.0
3.0	0.0	0.0	-0.0	0.0	1.0	-0.0	-0.0	-0.0	-0.0	-0.0	-0.0	-0.0	-0.0	0.99999995359723	-0.0	4.1422000688839795e-8	-0.0	-0.0	-0.0	-0.0	-0.0	1.0	0.0	-0.0

Shutdown Status by Time
unit_id	t1	t2	t3	t4	t5	t6	t7	t8	t9	t10	t11	t12	t13	t14	t15	t16	t17	t18	t19	t20	t21	t22	t23	t24
1.0	0.0	1.0	0.0	0.0	0.0	0.0	0.0	0.0	0.0	0.0	0.0	0.0	0.0	0.0	-0.0	1.0	-0.0	0.0	0.0	0.0	0.0	0.0	0.0	0.0
2.0	0.0	0.0	0.0	0.0	0.0	0.0	0.0	0.0	0.0	0.0	0.0	0.0	0.999999953592285	-0.0	0.0	0.0	0.0	0.0	0.0	0.0	0.0	0.0	0.0	0.0
3.0	0.0	0.0	0.0	-0.0	-0.0	-0.0	-0.0	-0.0	-0.0	0.0	1.0	-0.0	-0.0	-0.0	-0.0	-0.0	-0.0	-0.0	1.0	-0.0	0.0	0.0	-0.0	-0.0

Scenario 1 Generator Dispatch
unit_id	t1	t2	t3	t4	t5	t6	t7	t8	t9	t10	t11	t12	t13	t14	t15	t16	t17	t18	t19	t20	t21	t22	t23	t24
1.0	0.9	0.0	0.0	0.0	0.0	0.0	0.0	0.0	0.0	0.0	1.019696517596646	1.1010714587110435	0.9882496830889299	1.1192414522017249	0.9	0.0	0.0	0.0	0.0	0.0	0.0	0.0	0.0	0.0
2.0	0.0	0.1277108046060591	0.12256676547704703	0.2509274839484408	0.1	0.31209600221079076	0.3301644386184363	0.6466540914034471	0.33428113759752537	0.4609969411516532	0.1	0.1	4.642200068794011e-9	4.6422000687940104e-9	4.642200068794011e-9	0.45259553744370756	0.1927059136023092	0.2590866149146074	0.4813086390262651	0.22796830891802777	0.1	0.4374572213193627	0.4459311143186914	0.2247788861620965
3.0	0.0	0.0	0.0	0.0	0.11031299562247385	0.2	0.2	0.2	0.2	0.1	0.0	0.0	0.0	0.09999999535779994	0.09999999535779994	0.2	0.2	0.1	0.0	0.0	0.0	0.2	0.2	0.2

Scenario 1 Reserve Up / Reserve Down
unit_id	time	reserve_up	reserve_down
1.0	1.0	0.0	0.0
1.0	2.0	0.0	0.0
1.0	3.0	0.0	0.0
1.0	4.0	0.0	0.0
1.0	5.0	0.0	0.0
1.0	6.0	0.0	0.0
1.0	7.0	0.0	0.0
1.0	8.0	0.0	0.0
1.0	9.0	0.0	0.0
1.0	10.0	0.0	0.0
1.0	11.0	0.0	0.0
1.0	12.0	0.0	0.0
1.0	13.0	0.0	0.0
1.0	14.0	0.0	0.0
1.0	15.0	0.0	0.0
1.0	16.0	0.0	0.0
1.0	17.0	0.0	0.0
1.0	18.0	0.0	0.0
1.0	19.0	0.0	0.0
1.0	20.0	0.0	0.0
1.0	21.0	0.0	0.0
1.0	22.0	0.0	0.0
1.0	23.0	0.0	0.0
1.0	24.0	0.0	0.0
2.0	1.0	0.0	0.0
2.0	2.0	0.0	0.0
2.0	3.0	0.0	0.0
2.0	4.0	0.0	0.0
2.0	5.0	0.0	0.0
2.0	6.0	0.0	0.0
2.0	7.0	0.0	0.0
2.0	8.0	0.0	0.0
2.0	9.0	0.0	0.0
2.0	10.0	0.0	0.0
2.0	11.0	0.0	0.0
2.0	12.0	0.0	0.0
2.0	13.0	0.0	0.0
2.0	14.0	0.0	0.0
2.0	15.0	0.0	0.0
2.0	16.0	0.0	0.0
2.0	17.0	0.0	0.0
2.0	18.0	0.0	0.0
2.0	19.0	0.0	0.0
2.0	20.0	0.0	0.0
2.0	21.0	0.0	0.0
2.0	22.0	0.0	0.0
2.0	23.0	0.0	0.0
2.0	24.0	0.0	0.0
3.0	1.0	0.0	0.0
3.0	2.0	0.0	0.0
3.0	3.0	0.0	0.0
3.0	4.0	0.0	0.0
3.0	5.0	0.0	0.0
3.0	6.0	0.0	0.0
3.0	7.0	0.0	0.0
3.0	8.0	0.0	0.0
3.0	9.0	0.0	0.0
3.0	10.0	0.0	0.0
3.0	11.0	0.0	0.0
3.0	12.0	0.0	0.0
3.0	13.0	0.0	0.0
3.0	14.0	0.0	0.0
3.0	15.0	0.0	0.0
3.0	16.0	0.0	0.0
3.0	17.0	0.0	0.0
3.0	18.0	0.0	0.0
3.0	19.0	0.0	0.0
3.0	20.0	0.0	0.0
3.0	21.0	0.0	0.0
3.0	22.0	0.0	0.0
3.0	23.0	0.0	0.0
3.0	24.0	0.0	0.0
