 
0.315896069446711	0.31709216767911585	0.32097576753770646	0.32248058386375555	0.32323712287865747	0.3287840699028774	0.3236127073653919	0.33910273164142324	0.35661217062042766	0.3208357876668283
0.315518867049037	0.31733908190072635	0.31964505252089126	0.3215118991114919	0.3236542274107463	0.3296916410228096	0.3265499973114436	0.3393132101996321	0.3589805905324143	0.3190897101868464
0.31558539599269	0.3175393363204847	0.3202581574411173	0.32236555741146905	0.3228498476997704	0.32912126228530764	0.3245125182460266	0.3384369232812803	0.3585115081153269	0.32074436727588174
0.31547153785167226	0.31713285292546206	0.32043967947240676	0.3223468272038459	0.32289227873180154	0.3281720482914174	0.32383699622948803	0.3396711598907517	0.3581492736538181	0.32092980073723026
0.3154566962361298	0.31704996729419277	0.3201721141005813	0.32156016054959563	0.32457970155460997	0.3301037554240392	0.32399739856322624	0.3379008263933445	0.3563574335250479	0.3201527443067915
0.3157307171722659	0.3170903537634999	0.3196491883703704	0.3245578217047686	0.3237484711283878	0.3291571975015764	0.32352952375068156	0.34279721793769796	0.35579801375599795	0.3197825587931997
0.31549981779238967	0.3175393363204847	0.31996824066468194	0.32168566665301845	0.32388910265890397	0.33071495397589773	0.3259802872391234	0.3421720493862172	0.3563574335250479	0.31863090896339974
0.31554325808742484	0.31743732221988086	0.3215181048857805	0.321578670973078	0.32549868878493654	0.3289310354486993	0.3237029940677402	0.3421720493862172	0.35654276303755983	0.32087968389221216
0.3154517526337606	0.3171692914264015	0.3196447187539121	0.3223893603492212	0.3279093254828367	0.3287295755685827	0.3243985029580528	0.3398359022920326	0.3576946719320511	0.32092980073723026
0.31552351764876607	0.31733186806183356	0.3201621130712858	0.3231657201241531	0.3234891434697866	0.32892862727421107	0.324231987308888	0.3384216653876442	0.35962117409642397	0.3198023080844152
0.31595136217971825	0.3171059026142612	0.32023927753225717	0.32168566665301845	0.32728848924390064	0.3296446206525396	0.3259452672181583	0.34201210985268066	0.3613579516637994	0.31851959594437185
0.31595136217971825	0.31783765978822487	0.3195443876296845	0.3214632680972099	0.3231987345743944	0.33229089187839966	0.32309728549689826	0.34005512457899073	0.3597891264709707	0.3196720064780978
0.31554807233925636	0.31792038780221604	0.3200151794960548	0.3217024855631467	0.32502380771318123	0.3296950061459857	0.3231031959964089	0.3396925377671079	0.35694740514416406	0.31998693053380844
0.31554967713768645	0.31727321087754395	0.3201393684850096	0.3214634122273492	0.3241671439960978	0.33229089187839966	0.32413116316269436	0.33900764805765815	0.35661217062042766	0.31851959594437185
0.3154975217606436	0.3171797782434639	0.3201621130712858	0.3227495904713469	0.3230027154743398	0.3278615699907872	0.32367976196853093	0.3383593212607089	0.35592277117924814	0.3226726290102334
0.31546661306109447	0.3175907436767859	0.32097576753770646	0.32201452823922067	0.3263282368996072	0.3284105487521077	0.3231031959964089	0.33884037376803305	0.3557160207787811	0.32291350145264397
0.31563201181303296	0.3170545617188296	0.32086238195233074	0.3217553693047001	0.3246273358740173	0.3293759440309439	0.32311701023964146	0.33897223753383476	0.3555398652643456	0.3185500337320972
0.31549981779238967	0.31733908190072635	0.32097576753770646	0.3231657201241531	0.32388910265890397	0.32957503439524044	0.3242808291665453	0.3380831029885	0.35715506985916284	0.3213476223494399
0.31546661306109447	0.3170518802261287	0.31961584151699246	0.32149399790435623	0.322933219657028	0.3303697256622362	0.32306993547793145	0.33829080089115565	0.35655528180006857	0.3190449652763971
0.3155079641649961	0.3174546234590499	0.32054124375842147	0.32212024067192657	0.32764563823913023	0.32960570869932654	0.323228280239178	0.34258029291115744	0.35588268918660465	0.32418264020538673
0.31557045833721026	0.3175917615134004	0.32004928213682937	0.32299453139013684	0.3245119653148131	0.3278307437948077	0.3261638556606696	0.3392015418504977	0.3574553684931944	0.3186218635558379
0.31576194306236155	0.3171042606244009	0.3211298073204244	0.3218669683005592	0.3234610134260071	0.33229089187839966	0.32652115306927326	0.3398670205591759	0.35936831448080264	0.3263087161377546
0.31551151248458786	0.3170807556390522	0.31953415801672647	0.32273512750548167	0.32544721988859665	0.3306822510859413	0.3231031959964089	0.3396711598907517	0.3566889124285732	0.3207236998119882
0.31588857949331794	0.3184872217280781	0.32097576753770646	0.3248306576591128	0.3231046035955311	0.3291222488419559	0.32762451235524714	0.3398670205591759	0.35599060424823303	0.3192508945977042
0.3154689716932343	0.31753537313691155	0.3216314678259844	0.3217538468079349	0.32292897118435177	0.33148376166797966	0.3259054795722678	0.3378642235209221	0.355653723833084	0.32365624392694314
0.31585996273912637	0.31708282301669166	0.31989947587248924	0.32169972235514327	0.32590494535399167	0.3284247942796719	0.32315058133414437	0.34186604868304377	0.35654458475228756	0.3198271021708564
0.3157013204342254	0.31703016431834	0.31976028990630556	0.3217553693047001	0.3230137871404757	0.32892862727421107	0.3237029940677402	0.3404415163776927	0.35865727903171934	0.32447608219450214
0.31546275668710505	0.31753537313691155	0.31995636618715717	0.3235470732957269	0.3231028777382373	0.32912126228530764	0.324231987308888	0.3380831029885	0.3581492736538181	0.31965875547304945
0.3156954298948986	0.31702687099661175	0.320180042254917	0.3214632680972099	0.32502380771318123	0.3294040214042132	0.32322783657085497	0.34186604868304377	0.36181415702907616	0.31998693053380844
0.31557208165094963	0.3171571901909921	0.32015985042079825	0.3238141512299014	0.32504994863052555	0.3290128452075943	0.3236127073653919	0.3380831029885	0.3634634789556539	0.3248873320251781
0.3155044985460822	0.3173436253470962	0.3200455399806312	0.323398448409642	0.3248693696100219	0.3287840699028774	0.3236190686483469	0.34040197828075347	0.3563967846437951	0.32175285866584813
0.31563820449675806	0.31707481172039853	0.3210437923996852	0.32180962915215355	0.32502380771318123	0.32960570869932654	0.324054940169538	0.3384404310454883	0.35579801375599795	0.3185500337320972
0.315518867049037	0.3175934524500141	0.3213257084434725	0.32273604281079565	0.32339878765378255	0.3291571975015764	0.3238672890390511	0.33870289495730105	0.35962117409642397	0.31960540327449727
0.3157185792599706	0.31829142257866927	0.31993417055476103	0.32193612455066756	0.32449941677543936	0.32795320268772077	0.32437400579431763	0.3425526804102373	0.36055984820127024	0.319022228247631
0.31550644128102756	0.3175743783352122	0.3200437788923452	0.3218167997107328	0.3234217965663058	0.33186619647379456	0.32426922556894944	0.34040197828075347	0.35654276303755983	0.3186218635558379
0.3156205411501997	0.3172836193207669	0.3212056032425542	0.3239101362418744	0.3230137871404757	0.3293391871238665	0.32522061402043534	0.3409746278214597	0.35835764793806657	0.3186218635558379
0.3154617209611733	0.3176926354059594	0.3205604976872204	0.32212024067192657	0.32309060750503243	0.33056001296570825	0.3237029940677402	0.3393132101996321	0.35936831448080264	0.3190449652763971
0.3155522339000166	0.317041308929393	0.31972783498993057	0.32551612307607153	0.3234610134260071	0.3296950061459857	0.3230505407278112	0.3380831029885	0.3608503446729696	0.3198970971076278
0.3156063787066087	0.31707481172039853	0.32048177220694046	0.32236555741146905	0.32728848924390064	0.329520763786233	0.3263142725971994	0.34050561326019885	0.3572669376314267	0.3213692304815401
0.315990949295242	0.3170807556390522	0.3202079711384933	0.3233481239996716	0.3228102781272256	0.3318177838499049	0.32309728549689826	0.34276401756701436	0.3640113363101115	0.32418264020538673
0.31554325808742484	0.3171348832516887	0.3196447187539121	0.3224672190505424	0.32314154005477075	0.3314288823127264	0.3231658377353056	0.33900764805765815	0.3597891264709707	0.319022228247631
0.31561886133170725	0.3175393363204847	0.31964398168303276	0.3218669683005592	0.3246732877714524	0.3284258405155023	0.3259452672181583	0.33816918368473364	0.3608503446729696	0.32447608219450214
0.31563820449675806	0.31707395750748774	0.32067839313525787	0.32299453139013684	0.32292897118435177	0.3284696206057861	0.3239701761637942	0.3392015418504977	0.35694740514416406	0.3199116333352467
0.31551034914023035	0.31743732221988086	0.31979895173970085	0.32144080903819433	0.3230327156023617	0.3281037436710114	0.3245129641073923	0.3379008263933445	0.3572669376314267	0.3215199950830818
0.3155531697338769	0.3173491002202501	0.3195443876296845	0.32236555741146905	0.3246732877714524	0.3314288823127264	0.325065434947885	0.34445929391376373	0.3568747644217195	0.32859822205464295
0.31555558913270804	0.3171762306592721	0.31974699831538395	0.321616893952948	0.323051082033689	0.3306822510859413	0.3243870682449578	0.3390843250819617	0.355653723833084	0.3190897101868464
0.31554967713768645	0.31762889987973486	0.31996595712997256	0.32149399790435623	0.3241158284026817	0.3284016415865596	0.32400484854172734	0.3384404310454883	0.361042289835615	0.3184640440774262
0.31553463977185336	0.31706124810536296	0.3208186234915506	0.32212024067192657	0.3230027154743398	0.3284696206057861	0.32621703534859947	0.3386368230568927	0.3562543012394559	0.31863090896339974
0.3158828771794607	0.317061259715537	0.3200455399806312	0.3250680739349018	0.322783938545305	0.32899379459460953	0.32359787481728064	0.3404415163776927	0.35585646106116076	0.32114516220422945
0.31563201181303296	0.3175907436767859	0.32120840639352954	0.3220587767237366	0.32304218019391306	0.3296797079182594	0.32621703534859947	0.3448670817425973	0.3577075662201599	0.32107408500643575
0.31554325808742484	0.31709216767911585	0.32047360927395685	0.3220017146024253	0.32292897118435177	0.3318177838499049	0.32482160858886033	0.34186604868304377	0.35752923514285795	0.3185500337320972
0.31546275668710505	0.3175754594203535	0.3208186234915506	0.3217553693047001	0.3242731090486589	0.32793433334006905	0.3236127073653919	0.34242537633478615	0.35619514959444754	0.31998693053380844
0.31545470433193296	0.3173284294681557	0.3195439826100975	0.32230014512785615	0.32403759533771714	0.3290128452075943	0.3248872689654461	0.3380831029885	0.35932264642887435	0.32202306716197354
0.31545792433733105	0.3175027553502708	0.3197376036476081	0.32299453139013684	0.3246732877714524	0.32841923325087113	0.3258193909355329	0.3387756083583342	0.3566249064047861	0.31896185977395486
0.3155522339000166	0.3175743783352122	0.3200151794960548	0.3223684624392879	0.32764563823913023	0.3281957200327814	0.32383699622948803	0.3409457178031646	0.36038115722757164	0.3198023080844152
0.3155673346144771	0.31760694292365377	0.3197376036476081	0.32148451536658446	0.323091252718427	0.3287840699028774	0.323572727254177	0.3393132101996321	0.35865727903171934	0.3185509661666864
0.31553405469945056	0.317037071486911	0.32120840639352954	0.3222327230528023	0.32305334017575693	0.32815145129740875	0.3233466502503099	0.33801916389325015	0.36055984820127024	0.3197329225301232
0.3154725710325781	0.31709216767911585	0.320306361318427	0.3215006794560605	0.3236542274107463	0.3279598068508414	0.324231987308888	0.3381809668510474	0.3640113363101115	0.32383413412191203
0.3155079641649961	0.3172668563562515	0.3198606990933067	0.32232499166396966	0.3228564731995016	0.32815145129740875	0.32359787481728064	0.3409746278214597	0.3563574335250479	0.3194225121317882
0.31545792433733105	0.31783765978822487	0.3196005941084856	0.32230014512785615	0.3280757218486507	0.3284016415865596	0.3243298945975947	0.33797970340088385	0.35694740514416406	0.3196546010830418
0.3154617209611733	0.3171059026142612	0.32054124375842147	0.3216007277483745	0.3231855832920037	0.3295057925031538	0.3252827812092158	0.3391217087696075	0.35579801375599795	0.32555182419865236
0.3155673346144771	0.317041308929393	0.31988266416338373	0.321750665291873	0.3228102781272256	0.33001443915492473	0.3243298945975947	0.3456033056838493	0.35722337179291336	0.3238576102864327
0.31546275668710505	0.3171308540271455	0.3202581574411173	0.3223842921045914	0.3237366321269672	0.327917301639976	0.32426922556894944	0.34242537633478615	0.3590619850676023	0.31993334293416154
0.3154878151002427	0.3173693376282794	0.32021518700656815	0.3223842921045914	0.32544721988859665	0.3315127631731967	0.32374766006390954	0.3378642235209221	0.35891166073143205	0.32555182419865236
0.31588857949331794	0.31706124810536296	0.32067839313525787	0.32162022456473277	0.3228498476997704	0.32899379459460953	0.329134673492091	0.3439810405810971	0.35619514959444754	0.32418264020538673
0.31552394535761824	0.3170551940729879	0.31976028990630556	0.32168566665301845	0.3231707362861784	0.3291222488419559	0.3259802872391234	0.34050561326019885	0.3597891264709707	0.3190897101868464
0.31558539599269	0.3174464079049823	0.3198602159040086	0.32201452823922067	0.32293546983105603	0.33171793731468163	0.3230201194884758	0.3388229603584257	0.3585115081153269	0.32447608219450214
0.31553463977185336	0.3183415214131685	0.31954924708506	0.32166840109149375	0.3246162973404219	0.32787782818671063	0.3245125182460266	0.338401277081525	0.3588869442704188	0.32383413412191203
0.3156086963313358	0.3174546234590499	0.31988424599638504	0.32204658760007937	0.32362904442071183	0.32834805023707364	0.3271453512432215	0.3404415163776927	0.35694740514416406	0.319022228247631
0.31576194306236155	0.3170518802261287	0.3196005941084856	0.32244527434719705	0.32394757538879093	0.32941626496600324	0.32309728549689826	0.3380172212812469	0.35585646106116076	0.3208401400279382
0.3154652768873022	0.31808263517514845	0.32037739257864495	0.32144080903819433	0.323051082033689	0.3290128452075943	0.3243298945975947	0.33883534998692405	0.35654458475228756	0.3208357876668283
0.31550644128102756	0.3172044979381404	0.3196447187539121	0.3220194331837569	0.3282149066478509	0.3278351945820437	0.3250658798101701	0.3421720493862172	0.3589805905324143	0.3184640440774262
0.31549762517308316	0.3172444173779339	0.32054124375842147	0.32151427031828006	0.3234610134260071	0.33030608053650834	0.32522061402043534	0.3384216653876442	0.35592794888126533	0.3202082281618843
0.31563201181303296	0.31713782669720497	0.31995636618715717	0.3233481239996716	0.3230327156023617	0.329520763786233	0.3236190686483469	0.33883756384552205	0.35585646106116076	0.31872020709878013
0.3154917655014156	0.3173436253470962	0.320206236279602	0.322494093211604	0.3279093254828367	0.3310504819186186	0.32886274034019847	0.33797970340088385	0.3561351413423626	0.32087968389221216
0.3154770188328157	0.3173105278840055	0.31964505252089126	0.3216007277483745	0.32289227873180154	0.33181410038044934	0.3241197756378435	0.3434142031121765	0.35932264642887435	0.3185716066297067
0.31555558913270804	0.31727321087754395	0.31964505252089126	0.3223842921045914	0.323051082033689	0.32787782018585243	0.3252827812092158	0.3421720493862172	0.3563574335250479	0.3185716066297067
0.31555558913270804	0.3171133963599222	0.32048177220694046	0.32204461163775894	0.32544721988859665	0.3293391871238665	0.3238672890390511	0.3398359022920326	0.3592125978407559	0.31965875547304945
0.3154934236135437	0.31709216767911585	0.3200437788923452	0.32212024067192657	0.3245119653148131	0.3293574823103282	0.32498273926828497	0.3380821397768893	0.35578753095415305	0.3189467121587571
0.31564666957761306	0.3171762306592721	0.32015985042079825	0.32160897376934383	0.32332207297707705	0.3296446206525396	0.3250658798101701	0.3448670817425973	0.35783680711084237	0.3187644300326074
0.3156205411501997	0.3170518802261287	0.32020202471963993	0.32181042387966513	0.32580160265696484	0.32870979908451803	0.32307210797885516	0.34201210985268066	0.3563574335250479	0.3201982820342728
0.3154878151002427	0.3173693376282794	0.3207339342964789	0.32162022456473277	0.32449941677543936	0.3305415476516522	0.3243298945975947	0.3388404592935213	0.35722337179291336	0.3197329225301232
0.3155673346144771	0.3173105278840055	0.3196951343669041	0.32232499166396966	0.3230137871404757	0.32795280266785304	0.323228280239178	0.3378852147783878	0.35661217062042766	0.3185609128237192
0.31549762517308316	0.31723477427462876	0.3201721141005813	0.32230014512785615	0.32308494356067896	0.3278615699907872	0.3236127073653919	0.33910273164142324	0.3556454855376696	0.3215199950830818
0.31576194306236155	0.31713285292546206	0.32067839313525787	0.32159217098246	0.32314154005477075	0.3293574823103282	0.32437400579431763	0.33996400762139095	0.355653723833084	0.3187760090012232
0.3155235939000623	0.31704996729419277	0.3199781528025459	0.3223893603492212	0.32464364595729045	0.3281720482914174	0.3243298945975947	0.3392015418504977	0.3556249243626337	0.3208357876668283
0.3154997117682827	0.31717619807977293	0.31995444323608907	0.3231657201241531	0.32289227873180154	0.3296797079182594	0.3231031959964089	0.3381809668510474	0.35695248895855225	0.3198970971076278
0.31554807233925636	0.3170407922116863	0.3201328088035973	0.3217024855631467	0.3234217965663058	0.32941510569814947	0.323572727254177	0.3385272987518062	0.36055984820127024	0.31960352325119384
0.3154617209611733	0.3175754594203535	0.32067839313525787	0.323398448409642	0.3231028777382373	0.3305415476516522	0.32652115306927326	0.33862781667484604	0.3560403833801087	0.3198271021708564
0.3156205411501997	0.3171571901909921	0.3201328088035973	0.3219265338963688	0.32394757538879093	0.3278351945820437	0.3245125182460266	0.33883534998692405	0.36095104191870414	0.31903361058762536
0.31585996273912637	0.3171348832516887	0.31964398168303276	0.32347173106407723	0.3230327156023617	0.32858732837721394	0.32309728549689826	0.33829080089115565	0.35573775430539734	0.3198271021708564
0.3158828771794607	0.3170963532538084	0.3200151794960548	0.3220512025051371	0.32382199460519406	0.3286748748780852	0.32467374206294264	0.3425278613833186	0.3562543012394559	0.3185804970644635
0.3155673346144771	0.3184872217280781	0.3195777344524932	0.32250758533489227	0.3230027154743398	0.3310504819186186	0.32477485610026596	0.3382142864564471	0.3592125978407559	0.32365624392694314
0.31574154838824864	0.3173491002202501	0.3200437788923452	0.32236555741146905	0.32314154005477075	0.33171793731468163	0.3241197756378435	0.3398670205591759	0.3556249243626337	0.31903361058762536
0.3154934236135437	0.3171190138497684	0.3207234570093274	0.3216974976576543	0.3252888187203763	0.3301037554240392	0.3239701761637942	0.3396925377671079	0.3555398652643456	0.3190897101868464
0.3155142688688422	0.3171692914264015	0.3206044544674018	0.3222327230528023	0.323051082033689	0.3305415476516522	0.3242808291665453	0.3398359022920326	0.35601182554739574	0.3208401400279382
0.3156987904448287	0.3170903537634999	0.3198602159040086	0.3238141512299014	0.32388910265890397	0.33066464775453785	0.32646698995891116	0.3475957111142329	0.3555784646357898	0.32392415487367465
0.3156068270796794	0.31710427194560165	0.3195439826100975	0.3229162677328899	0.3246162973404219	0.3294742475298526	0.32650246545249734	0.33884037376803305	0.35759519366195797	0.3265988969480197
0.3157327577682137	0.31762038009393984	0.3197233837218807	0.3222327230528023	0.3237366321269672	0.33071495397589773	0.3230418272890148	0.3388229603584257	0.3608503446729696	0.319022228247631
0.31579848808440253	0.31733908190072635	0.3195756180487733	0.3235470732957269	0.3246732877714524	0.3278615699907872	0.32482160858886033	0.33884037376803305	0.3556249243626337	0.319022228247631
