 
su_cost	sd_cost	prod_cost	cr⁺	cr⁻	𝜟pd	𝜟pw
1779.9999994127984	1730.0	37469.84311227761	34.799999949322	0.6995717752939403	0.0	1.1362764921059898
 
list 1: units stutup/down states
1	0	0	0	0	0	0	1	1	1	1	1	1	1	1	0	0	0	0	0	0	0	0	0
0	1	1	1	1	1	1	1	0	0	0	0	0	0	0	1	1	1	1	1	1	1	1	1
1	1	1	1	1	1	1	0	0	0	0	0	0	0	1	1	1	1	1	1	1	1	1	1
 
list 2: units dispatching power in scenario NO.1
0.9	0.0	0.0	0.0	0.0	0.0	0.0	1.051417769037575	0.9153437402424062	1.0048471108656152	0.979161764814716	0.9160765913644563	0.915920705510987	1.016697590692655	0.9000000223443476	5.781893896994461e-8	0.0	0.0	0.0	0.0	0.0	0.0	0.0	0.0
0.0	0.11247371706363979	0.1	0.1	0.46508461130414	0.2482473879885003	0.4717418269510053	0.1	0.0	0.0	0.0	0.0	0.0	0.0	0.0	0.48591096398134037	0.49230357727336693	0.3305524693279495	0.2814300988430747	0.4184936692934149	0.30062729742901495	0.18431472439827054	0.1	0.2442518821100898
0.1133904061590046	0.2	0.14052602988544524	0.17605945831688538	0.2	0.2	0.1	0.0	0.0	0.0	0.0	0.0	0.0	0.0	0.11514985812823385	0.2	0.2000000108640526	0.2	0.2	0.2	0.2	0.2	0.17500098454919497	0.2
 
list 3: spolied wind power
0.6491150421774047	0.0	0.0	0.0	0.0	0.0	0.0	0.0	0.19960470986712064	0.0	0.0	0.04054204918966586	0.00904274945904171	0.0	0.2379719414127568	0.0	0.0	0.0	0.0	0.0	0.0	0.0	0.0	0.0
0.0	0.0	0.0	0.0	0.0	0.0	0.0	0.0	0.0	0.0	0.0	0.0	0.0	0.0	0.0	0.0	0.0	0.0	0.0	0.0	0.0	0.0	0.0	0.0
 
list 4: forced load curtailments
0.0	0.0	0.0	0.0	0.0	0.0	0.0	0.0	0.0	0.0	0.0	0.0	0.0	0.0	0.0	0.0	0.0	0.0	0.0	0.0	0.0	0.0	0.0	0.0
0.0	0.0	0.0	0.0	0.0	0.0	0.0	0.0	0.0	0.0	0.0	0.0	0.0	0.0	0.0	0.0	0.0	0.0	0.0	0.0	0.0	0.0	0.0	0.0
0.0	0.0	0.0	0.0	0.0	0.0	0.0	0.0	0.0	0.0	0.0	0.0	0.0	0.0	0.0	0.0	0.0	0.0	0.0	0.0	0.0	0.0	0.0	0.0
 
 
list 10: sr⁺
1.1	0.0	0.0	0.0	0.0	0.0	0.0	1.1	1.1	1.1	1.1	1.1	1.1	1.1	1.1	0.0	0.0	0.0	0.0	0.0	0.0	0.0	0.0	0.0
0.0	0.5	0.5	0.5	0.5	0.5	0.5	0.0	0.0	0.0	0.0	0.0	0.0	0.0	0.0	0.4999999873305031	0.4999999873305031	0.5	0.5	0.5	0.5	0.5	0.4750009845491949	0.5
0.0	0.0	0.0	0.0	0.0	0.0	0.0	0.0	0.0	0.0	0.0	0.0	0.0	0.0	0.0	0.0	0.0	0.0	0.0	0.0	0.0	0.0	0.024999015450805046	0.0
 
list 11: sr⁻
0.0	0.0	0.0	0.0	0.0	0.0	0.0	0.015594445557740606	0.015343740242406182	0.016342988222283597	0.016153584558796327	0.016076591364456303	0.015920705510987017	0.016158375602326837	2.234434759440518e-8	0.0	0.0	0.0	0.0	0.0	0.0	0.0	0.0	0.0
0.0	0.0	0.0	0.0	0.014783103847173965	0.014774313153002878	0.01451033954326225	0.0	0.0	0.0	0.0	0.0	0.0	0.0	0.0	0.0	0.0	0.01441773688266801	0.01367769247528923	0.014507576582676646	0.013987368175642747	0.013914596318900435	0.0	0.013394037029472478
0.0133904061590046	0.01261270657073409	0.01298979349252864	0.013301160135420782	0.0	0.0	0.0	0.0	0.0	0.0	0.0	0.0	0.0	0.0	0.015149858170887449	0.015590596850133257	0.014659224102965643	0.0	0.0	0.0	0.0	0.0	0.012534924753862703	0.0
