 
su_cost	sd_cost	prod_cost	cr⁺	cr⁻	𝜟pd	𝜟pw
1430.0	1430.0	38893.734036728565	35.99999999999999	0.7158537760840408	0.0	0.4406672881144754
 
list 1: units stutup/down states
0	0	0	0	0	0	0	1	1	1	1	1	1	1	1	1	1	0	0	0	0	0	0	0
1	1	1	1	1	1	1	1	0	0	0	0	0	0	0	0	0	1	1	1	1	1	1	1
1	1	1	1	1	1	1	0	0	1	1	0	0	0	0	0	1	1	1	1	1	1	1	1
 
list 2: units dispatching power in scenario NO.1
0.0	0.0	0.0	0.0	0.0	0.0	0.0	1.0627177690375746	0.9162017402424049	0.9163394882222836	1.013861764814715	0.9155805913644526	1.0065779560519457	1.0489975906926552	0.9155548805152333	0.9160325972451812	0.9	0.0	0.0	0.0	0.0	0.0	0.0	0.0
0.17567536398159975	0.2883737170636398	0.28872602988544416	0.24825945831688467	0.40138461130414016	0.42434738798850025	0.5390418232081482	0.1	0.0	0.0	0.0	0.0	0.0	0.0	0.0	0.0	0.0	0.3011524693279497	0.26653009884307477	0.320893669293415	0.31542729742901554	0.1	0.46500098454919514	0.29965188211008953
0.2	0.2	0.2	0.2	0.2	0.2	0.1	0.0	0.0	0.1	0.1	0.0	0.0	0.0	0.0	0.0	0.11597122410296565	0.2	0.2	0.2	0.2	0.12531472439827074	0.2	0.1
 
list 3: spolied wind power
0.0	0.0	0.0	0.0	0.0	0.0	0.0	0.0	0.0	0.0	0.0	0.0	0.0	0.0	0.0	0.0	0.0	0.0	0.0	0.0	0.0	0.0	0.0	0.0
0.0	0.0	0.0	0.0	0.0	0.0	-3.6987301246279455e-9	0.0	0.028862709867119585	0.01219237735666856	0.0	0.13924604918966232	0.0	0.0	0.05737694145540828	0.14172157797880114	0.0612676359655456	0.0	0.0	0.0	0.0	0.0	0.0	0.0
 
list 4: forced load curtailments
0.0	0.0	0.0	0.0	0.0	0.0	0.0	0.0	0.0	0.0	0.0	0.0	0.0	0.0	0.0	0.0	0.0	0.0	0.0	0.0	0.0	0.0	0.0	0.0
0.0	0.0	0.0	0.0	0.0	0.0	0.0	0.0	0.0	0.0	0.0	0.0	0.0	0.0	0.0	0.0	0.0	0.0	0.0	0.0	0.0	0.0	0.0	0.0
0.0	0.0	0.0	0.0	0.0	0.0	0.0	0.0	0.0	0.0	0.0	0.0	0.0	0.0	0.0	0.0	0.0	0.0	0.0	0.0	0.0	0.0	0.0	0.0
 
 
list 10: sr⁺
0.0	0.0	0.0	0.0	0.0	0.0	0.0	0.2	1.1	1.1	1.0	1.1	1.1	1.1	1.1	1.1	1.1	0.0	0.0	0.0	0.0	0.0	0.0	0.0
0.5	0.5	0.5	0.5	0.5	0.5	0.460958176791853	0.9	0.0	0.0	0.0	0.0	0.0	0.0	0.0	0.0	0.0	0.5	0.5	0.5	0.5	0.5	0.5	0.5
0.0	0.0	0.0	0.0	0.0	0.0	0.039041823208146975	0.0	0.0	0.0	0.1	0.0	0.0	0.0	0.0	0.0	0.0	0.0	0.0	0.0	0.0	0.0	0.0	0.0
 
list 11: sr⁻
0.0	0.0	0.0	0.0	0.0	0.0	0.0	0.015650945557740607	0.01620174024240618	0.016339488222283597	0.01682708455879632	0.015580591364456303	0.016419205510987016	0.016319875602326835	0.015554880515235046	0.016032597245183404	0.0	0.0	0.0	0.0	0.0	0.0	0.0	0.0
0.0134474061590046	0.01349220657073409	0.014230793492528636	0.014162160135420777	0.014464603847173966	0.015654813153002878	0.014846839543262247	0.0	0.0	0.0	0.0	0.0	0.0	0.0	0.0	0.0	0.0	0.014270736882668012	0.01360319247528923	0.014019576582676645	0.01406136817564275	0.0	0.014484924753862703	0.013171037029472478
0.0	0.0	0.0	0.0	0.0	0.0	0.0	0.0	0.0	0.0	0.0	0.0	0.0	0.0	0.0	0.0	0.015971224102965646	0.0	0.0	0.0	0.0	0.013119596318900435	0.0	0.0
