 
su_cost	sd_cost	prod_cost	cr⁺	cr⁻	𝜟pd	𝜟pw
14018.0	7240.0	2.584655865576766e6	43.47119357043451	0.5564178605385017	0.0	1.3914600516068652e-13
 
list 1: units stutup/down states
0	0	0	0	0	0	1	1	1	0	0	0	0	0	1	1	1	0	0	1	1	1	1	1
0	0	0	0	0	0	1	1	1	0	0	0	0	0	1	1	1	0	0	1	1	1	1	1
0	0	0	0	0	0	1	1	1	0	0	0	0	0	1	1	1	0	0	1	1	1	1	1
0	0	0	0	0	1	1	1	1	1	1	1	1	1	1	1	1	1	1	1	1	1	1	1
1	1	0	0	0	0	0	0	0	0	0	0	1	1	1	1	1	1	1	1	1	1	1	1
0	0	0	0	0	0	0	1	0	0	0	0	0	0	1	1	1	0	0	0	1	0	1	1
0	0	0	0	0	1	1	1	1	1	1	1	1	1	1	1	1	1	1	1	1	1	1	1
0	0	0	0	0	0	1	1	1	0	0	0	0	0	1	1	1	0	0	1	1	1	1	1
0	0	0	0	0	0	1	1	1	0	0	0	0	0	1	1	1	0	0	1	1	1	1	1
1	1	0	0	0	0	0	0	0	0	0	0	0	0	0	0	0	0	0	0	1	1	1	1
1	1	0	0	0	0	0	0	0	0	0	0	0	0	0	0	0	0	0	0	1	1	1	1
0	0	0	0	0	0	1	1	1	0	0	0	0	0	1	1	1	0	0	0	0	0	1	1
0	0	0	0	0	0	1	1	1	0	0	0	0	0	1	1	1	0	0	0	1	1	1	1
0	0	0	0	0	0	0	0	0	0	0	0	0	0	1	1	1	1	1	1	1	1	1	1
0	0	0	0	0	0	1	1	1	0	0	0	0	0	1	1	1	0	0	0	1	0	1	1
0	0	0	0	0	1	1	1	1	1	1	1	1	1	1	1	1	1	1	1	1	1	1	1
0	0	0	0	0	0	1	1	1	0	0	0	0	0	1	1	1	0	0	0	1	0	1	1
0	0	0	0	0	0	1	1	1	0	0	0	0	0	1	1	1	0	0	1	1	0	1	1
0	0	0	0	0	0	0	0	0	0	0	0	0	0	1	1	1	1	1	1	1	1	1	1
1	1	0	0	0	0	0	0	0	0	1	1	1	1	1	1	1	1	1	1	1	1	1	1
0	0	0	0	0	1	1	1	1	1	1	1	1	1	1	1	1	1	1	1	1	1	1	1
0	0	0	0	0	0	0	0	0	0	0	0	0	0	1	1	1	1	1	1	1	1	1	1
0	0	0	0	1	1	1	1	1	1	1	1	1	1	1	1	1	1	1	1	1	1	1	1
0	0	0	0	0	1	1	1	1	1	1	1	1	1	1	1	0	0	0	0	0	0	0	0
0	0	0	0	1	1	1	1	1	1	1	1	1	1	1	1	1	1	1	1	1	1	1	1
0	0	0	0	1	1	1	1	1	1	1	1	1	1	1	1	1	1	1	1	1	1	1	1
1	1	0	0	0	0	0	0	0	0	0	0	1	1	1	1	1	1	1	1	1	1	1	1
1	1	0	0	0	0	0	0	0	0	0	0	1	1	1	1	1	1	1	1	1	1	1	1
1	1	1	0	0	0	0	0	0	0	0	0	0	0	0	0	0	0	0	0	1	1	1	1
0	0	0	0	0	1	1	1	1	0	0	0	0	0	1	1	1	1	1	1	1	1	1	1
0	0	0	0	0	0	0	1	0	0	0	0	0	0	1	1	1	0	0	0	1	0	1	1
0	0	0	0	0	0	1	1	1	0	0	0	0	0	1	1	1	0	0	1	1	1	1	1
0	0	0	0	0	0	0	0	0	0	0	0	0	0	1	1	1	0	0	0	0	0	1	1
0	0	0	0	0	0	0	0	0	0	0	0	0	0	1	1	1	1	1	1	1	1	1	1
0	0	0	0	0	0	0	0	0	0	0	0	0	0	1	1	1	1	1	1	1	1	1	1
0	0	0	0	0	1	1	1	1	1	1	1	1	1	1	1	1	1	1	1	1	1	1	1
0	0	0	0	0	0	0	0	0	0	0	0	0	0	1	1	1	1	1	1	1	1	1	1
0	0	0	0	0	0	1	1	1	0	0	0	0	0	1	1	1	0	0	0	1	0	1	1
0	0	0	0	0	1	1	1	1	1	1	1	1	1	1	1	1	1	1	1	1	1	1	1
0	0	0	0	1	1	1	1	1	1	1	1	1	1	1	1	1	1	1	1	1	1	1	1
0	0	0	0	0	0	0	0	0	0	0	0	0	0	1	1	1	0	0	0	1	1	1	1
0	0	0	0	0	0	1	1	1	0	0	0	0	0	1	1	1	0	0	0	1	0	1	1
1	1	0	0	0	0	0	0	0	0	1	1	1	1	1	1	1	1	1	1	1	1	1	1
0	0	0	0	1	1	1	1	1	1	1	1	1	1	1	1	1	1	1	1	1	1	1	1
1	1	0	0	0	0	0	0	0	0	0	0	0	0	0	0	0	0	0	0	1	1	1	1
0	0	0	0	0	0	0	0	0	0	0	0	0	0	1	1	1	0	0	0	1	0	1	1
0	0	0	0	0	0	0	0	0	0	0	0	0	0	1	1	1	1	1	1	1	1	1	1
0	0	0	0	0	0	0	0	0	0	0	0	0	0	1	1	1	1	1	1	1	1	1	1
0	0	0	0	0	0	0	0	0	0	0	0	0	0	1	1	1	0	0	0	1	0	1	1
1	1	0	0	0	0	1	1	1	0	0	0	0	0	1	1	0	0	0	0	1	1	1	1
0	0	0	0	0	0	0	0	0	0	0	0	0	0	1	1	1	1	1	1	1	1	1	1
0	0	0	0	0	0	0	0	0	0	0	0	0	0	1	1	1	1	1	1	1	1	1	1
0	0	0	0	0	1	1	1	1	1	1	1	1	1	1	1	1	1	1	1	1	1	1	1
1	1	0	0	0	0	1	1	1	0	0	0	0	0	1	1	0	0	0	0	1	1	1	1
0	0	0	0	0	0	1	1	1	0	0	0	0	0	1	1	1	0	0	1	1	1	1	1
0	0	0	0	0	0	1	1	1	0	0	0	0	0	1	1	1	0	0	1	1	1	1	1
0	0	0	0	0	0	1	1	1	0	0	0	0	0	1	1	1	0	0	1	1	1	1	1
0	0	0	0	0	1	1	1	1	1	1	1	1	1	1	1	1	1	1	1	1	1	1	1
1	1	0	0	0	0	0	0	0	0	0	0	1	1	1	1	1	1	1	1	1	1	1	1
0	0	0	0	0	0	0	1	0	0	0	0	0	0	1	1	1	0	0	0	1	0	1	1
0	0	0	0	0	1	1	1	1	1	1	1	1	1	1	1	1	1	1	1	1	1	1	1
0	0	0	0	0	0	1	1	1	0	0	0	0	0	1	1	1	0	0	1	1	1	1	1
0	0	0	0	0	0	1	1	1	0	0	0	0	0	1	1	1	0	0	1	1	1	1	1
1	1	0	0	0	0	0	0	0	0	1	1	1	1	1	1	1	1	1	1	1	1	1	1
1	1	0	0	0	0	0	0	0	0	0	0	0	0	0	0	0	0	0	0	1	1	1	1
0	0	0	0	0	0	1	1	1	0	0	0	0	0	1	1	1	0	0	0	1	1	1	1
0	0	0	0	0	0	1	1	1	0	0	0	0	0	1	1	1	0	0	0	1	0	1	1
0	0	0	0	0	0	0	0	0	0	0	0	0	0	1	1	1	1	1	1	1	1	1	1
0	0	0	0	0	0	1	1	1	0	0	0	0	0	1	1	1	0	0	0	1	0	1	1
0	0	0	0	1	1	1	1	1	1	1	1	1	1	1	1	1	1	1	1	1	1	1	1
0	0	0	0	0	0	1	1	1	0	0	0	0	0	1	1	1	0	0	0	1	0	1	1
0	0	0	0	0	0	1	1	1	0	0	0	0	0	1	1	1	0	0	1	1	0	1	1
0	0	0	0	0	0	0	0	0	0	0	0	0	0	1	1	1	1	1	1	1	1	1	1
1	1	0	0	0	0	0	0	0	0	1	1	1	1	1	1	1	1	1	1	1	1	1	1
0	0	0	0	0	1	1	1	1	1	1	1	1	1	1	1	1	1	1	1	1	1	1	1
0	0	0	0	0	0	0	0	0	0	0	0	0	0	1	1	1	1	1	1	1	1	1	1
0	0	0	0	1	1	1	1	1	1	1	1	1	1	1	1	1	1	1	1	1	1	1	1
0	0	0	0	0	1	1	1	1	1	1	1	1	1	1	1	0	0	0	0	0	0	0	0
0	0	0	0	1	1	1	1	1	1	1	1	1	1	1	1	0	0	0	0	0	0	0	0
0	0	0	0	1	1	1	1	1	1	0	0	0	0	0	0	0	0	0	0	1	1	1	1
1	1	0	0	0	0	0	0	0	0	0	0	1	1	1	1	1	1	1	1	1	1	1	1
1	1	0	0	0	0	0	0	0	0	0	0	1	1	1	1	1	1	1	1	1	1	1	1
1	1	1	0	0	0	0	0	0	0	0	0	0	0	0	0	0	0	0	0	1	1	1	1
0	0	0	0	0	1	1	1	1	0	0	0	0	0	1	1	1	1	1	1	1	1	1	1
0	0	0	0	0	0	0	1	0	0	0	0	0	0	1	1	1	0	0	0	1	0	1	1
0	0	0	0	0	0	1	1	1	0	0	0	0	0	1	1	1	0	0	1	1	1	1	1
0	0	0	0	0	0	0	0	0	0	0	0	0	0	1	1	1	0	0	0	0	0	1	1
0	0	0	0	0	0	0	0	0	0	0	0	0	0	1	1	1	1	1	1	1	1	1	1
0	0	0	0	0	0	0	0	0	0	0	0	0	0	1	1	1	1	1	1	1	1	1	1
0	0	0	0	0	1	1	1	1	1	1	1	1	1	1	1	1	1	1	1	1	1	1	1
0	0	0	0	0	0	0	0	0	0	0	0	0	0	1	1	1	1	1	1	1	1	1	1
0	0	0	0	0	0	1	1	1	0	0	0	0	0	1	1	1	0	0	0	1	0	1	1
0	0	0	0	1	1	1	1	1	1	1	1	1	1	1	1	1	1	1	1	1	1	1	1
0	0	0	0	1	1	1	1	1	1	1	1	1	1	1	1	0	0	0	0	0	0	0	0
0	0	0	0	0	0	0	0	0	0	0	0	0	0	1	1	1	0	0	0	1	0	1	1
0	0	0	0	0	0	1	1	1	0	0	0	0	0	1	1	1	0	0	0	1	0	1	1
1	1	0	0	0	0	0	0	0	0	1	1	1	1	1	1	1	1	1	1	1	1	1	1
0	0	0	0	1	1	1	1	1	1	1	1	1	1	1	1	1	1	1	1	1	1	1	1
1	1	0	0	0	0	0	0	0	0	0	0	1	1	1	1	1	1	1	1	1	1	1	1
0	0	0	0	0	0	0	0	0	0	0	0	0	0	1	1	1	0	0	0	1	0	1	1
0	0	0	0	0	0	0	0	0	0	0	0	0	0	1	1	1	1	1	1	1	1	1	1
0	0	0	0	0	0	0	0	0	0	0	0	0	0	1	1	1	1	1	1	1	1	1	1
0	0	0	0	0	0	0	0	0	0	0	0	0	0	1	1	1	0	0	0	1	0	1	1
1	1	0	0	0	0	1	1	1	0	0	0	0	0	1	1	0	0	0	0	1	1	1	1
0	0	0	0	0	0	0	0	0	0	0	0	0	0	1	1	1	1	1	1	1	1	1	1
0	0	0	0	0	0	0	0	0	0	0	0	0	0	1	1	1	1	1	1	1	1	1	1
0	0	0	0	0	1	1	1	1	1	1	1	1	1	1	1	1	1	1	1	1	1	1	1
1	1	0	0	0	0	1	1	1	0	0	0	0	0	1	1	0	0	0	0	1	1	1	1
 
list 2: units dispatching power in scenario NO.1
0.0	0.0	0.0	0.0	0.0	0.0	0.05	0.2999999999478534	0.05	0.0	0.0	0.0	0.0	0.0	0.05	0.2947087201906974	0.05	0.0	0.0	0.05	0.22870571433778386	0.2999999997049347	0.050000000086543275	0.2999999999680473
0.0	0.0	0.0	0.0	0.0	0.0	0.05	0.2999999999478534	0.05	0.0	0.0	0.0	0.0	0.0	0.05	0.2947087201906974	0.05	0.0	0.0	0.05	0.22870571433778386	0.2999999997049347	0.050000000086543275	0.2999999999680473
0.0	0.0	0.0	0.0	0.0	0.0	0.05	0.2999999999478534	0.05	0.0	0.0	0.0	0.0	0.0	0.05	0.2947087201906974	0.05	0.0	0.0	0.05	0.22870571433778386	0.2999999997049347	0.050000000086543275	0.2999999999680473
0.0	0.0	0.0	0.0	0.0	1.5	2.099999999807279	2.6999999997724746	2.0999999998148695	1.500000034323543	2.1000000342807628	2.399999999926553	2.9999999998841833	2.7722900048573833	2.699999999550732	2.100000000299385	1.5000000003648803	1.5000000001277423	1.5000000001277423	1.500000000125551	2.100000000053957	2.154694444843741	1.5546944448863882	1.5
1.4000000000401054	1.0	0.0	0.0	0.0	0.0	0.0	0.0	0.0	0.0	0.0	0.0	1.0	1.0000000024232019	1.5999999673243352	1.6000000001628292	1.0000000002425622	1.0000000001204585	1.0000000001204585	1.0000000001123357	1.6000000000328232	1.600000001022972	1.0000000010683066	1.0
0.0	0.0	0.0	0.0	0.0	0.0	0.0	0.1	0.0	0.0	0.0	0.0	0.0	0.0	0.1	0.29470873710721623	0.1	0.0	0.0	0.0	0.1	0.0	0.1	0.2999999999680475
0.0	0.0	0.0	0.0	0.0	0.25	0.4499999997433075	0.6499999997074211	0.4499999997491091	0.40000000084890575	0.6000000008071671	0.7999999999002555	0.9999999998607372	0.800000001622027	0.6499999990997658	0.45000000024616404	0.2500000003157169	0.25000000012565354	0.25000000012565343	0.2500000001213967	0.4500000000475449	0.450000003631831	0.2500000036752689	0.25
0.0	0.0	0.0	0.0	0.0	0.0	0.05	0.2999999999478534	0.05	0.0	0.0	0.0	0.0	0.0	0.05	0.29470872019069205	0.05	0.0	0.0	0.05	0.22870571433778386	0.2999999997049347	0.050000000086543275	0.2999999999680473
0.0	0.0	0.0	0.0	0.0	0.0	0.05	0.2999999999478534	0.05	0.0	0.0	0.0	0.0	0.0	0.05	0.29470872019069205	0.05	0.0	0.0	0.05	0.22870571433778386	0.2999999997049347	0.050000000086543275	0.2999999999680473
1.4000000000426172	1.0	0.0	0.0	0.0	0.0	0.0	0.0	0.0	0.0	0.0	0.0	0.0	0.0	0.0	0.0	0.0	0.0	0.0	0.0	1.0	1.5999999999628916	2.199999999671351	2.7999999996342666
1.300000000040121	1.0	0.0	0.0	0.0	0.0	0.0	0.0	0.0	0.0	0.0	0.0	0.0	0.0	0.0	0.0	0.0	0.0	0.0	0.0	1.0	1.6999999999546478	2.035097511573637	2.735097511533559
0.0	0.0	0.0	0.0	0.0	0.0	0.08	0.29999999994785387	0.08	0.0	0.0	0.0	0.0	0.0	0.08	0.29470872962523	0.08	0.0	0.0	0.0	0.0	0.0	0.08	0.29999999996804727
0.0	0.0	0.0	0.0	0.0	0.0	0.08	0.29999999994785387	0.08	0.0	0.0	0.0	0.0	0.0	0.08	0.29470872962523	0.08	0.0	0.0	0.0	0.08	0.2999999997872229	0.08000000008038503	0.29999999996804727
0.0	0.0	0.0	0.0	0.0	0.0	0.0	0.0	0.0	0.0	0.0	0.0	0.0	0.0	0.25	0.44999999992524065	0.2500000001249188	0.25000000012494267	0.2500000001249426	0.25000000012010715	0.450000000045542	0.4500000027306611	0.2500000027743445	0.25
0.0	0.0	0.0	0.0	0.0	0.0	0.08	0.29999999994785387	0.08	0.0	0.0	0.0	0.0	0.0	0.08	0.29470872962523	0.08	0.0	0.0	0.0	0.08	0.0	0.08	0.29999999996804727
0.0	0.0	0.0	0.0	0.0	0.25	0.4499999997433075	0.6499999997074211	0.4499999997491091	0.40000000084890575	0.6000000008071671	0.7999999999002555	0.9999999998607372	0.800000001622027	0.6499999990997658	0.45000000024616404	0.2500000003157169	0.25000000012565354	0.25000000012565343	0.2500000001213967	0.4500000000475449	0.450000003631831	0.2500000036752689	0.25
0.0	0.0	0.0	0.0	0.0	0.0	0.08	0.29999999994785387	0.08	0.0	0.0	0.0	0.0	0.0	0.08	0.29470872962523	0.08	0.0	0.0	0.0	0.08	0.0	0.08	0.29999999996804727
0.0	0.0	0.0	0.0	0.0	0.0	0.08	0.29999999994785387	0.08	0.0	0.0	0.0	0.0	0.0	0.08	0.29470872962523	0.08	0.0	0.0	0.08	0.08	0.0	0.08	0.29999999996804727
0.0	0.0	0.0	0.0	0.0	0.0	0.0	0.0	0.0	0.0	0.0	0.0	0.0	0.0	0.25	0.44999999992524065	0.2500000001249188	0.25000000012494267	0.2500000001249426	0.25000000012010715	0.450000000045542	0.4500000027306611	0.2500000027743445	0.25
1.0	0.5	0.0	0.0	0.0	0.0	0.0	0.0	0.0	0.0	0.5	0.9999999999336654	1.4999999999082827	1.0000000017896253	1.4999999952339693	1.0000000002066332	0.5000000002814193	0.5000000001248615	0.5000000001248613	0.5000000010592266	1.0000000010311272	1.5000000009864507	1.499999999427708	1.9999999993870363
0.0	0.0	0.0	0.0	0.0	0.5	0.5000000005324233	1.000000000489401	0.5000000005323928	0.5000000002626545	1.0000000002054343	0.7795370565981731	1.279537056563934	0.7795370567435113	0.5000000010203536	0.9999999999956637	0.5000000001373505	0.5000000001038245	0.5000000001038245	0.5000000001287099	1.0000000000786207	1.4999999999945617	1.000000000191366	1.5000000001502807
0.0	0.0	0.0	0.0	0.0	0.0	0.0	0.0	0.0	0.0	0.0	0.0	0.0	0.0	0.25	0.44999999992524065	0.2500000001249188	0.25000000012494267	0.2500000001249426	0.25000000012010715	0.450000000045542	0.4500000027306611	0.2500000027743445	0.25
0.0	0.0	0.0	0.0	0.25	0.4499999996979873	0.6499999992752106	0.8499999992374162	0.6499999992769856	0.45000000013743546	0.6500000000936311	0.7999999999119521	0.9999999998706389	0.8000000016319184	0.6499999990997686	0.45000000024616416	0.25000000031571695	0.25000000012565354	0.25000000012565343	0.2500000001213967	0.4500000000475449	0.450000003631831	0.2500000036752689	0.25
0.0	0.0	0.0	0.0	0.0	0.5	0.5000000005378861	0.9000000004949695	0.5000000005378558	0.5000000002653191	0.9000000002084725	0.8128703865274229	1.2128703864932282	0.8128703866715572	0.5000000007662606	0.5	0.0	0.0	0.0	0.0	0.0	0.0	0.0	0.0
0.0	0.0	0.0	0.0	0.5	0.8999999982239176	1.2548781355369851	1.6548781354962865	1.2548781355339083	0.8548781360341641	1.2548781359894325	1.5999999998935175	1.9999999998531648	1.600000000727731	1.2999999975290772	0.900000000207027	0.5000000002811595	0.5000000001242	0.5000000001242	0.5000000010017489	0.9000000009736213	1.3000000009289823	1.299999999461209	1.6999999994205064
0.0	0.0	0.0	0.0	0.25	0.4499999996979873	0.6499999992752106	0.8499999992374162	0.6499999992769856	0.45000000013743546	0.6500000000936311	0.7999999999119521	0.9999999998706389	0.8000000016319184	0.6499999990997686	0.45000000024616416	0.25000000031571695	0.25000000012565354	0.25000000012565343	0.2500000001213967	0.4500000000475449	0.450000003631831	0.2500000036752689	0.25
1.1600000000426818	1.0	0.0	0.0	0.0	0.0	0.0	0.0	0.0	0.0	0.0	0.0	1.0	1.8399999990245006	2.6799999979263065	1.840000000262961	1.0000000003324234	1.000000000128119	1.000000000128119	1.0000000025491174	1.8400000025223582	2.6800000024795647	2.6799999999700574	3.519999999927687
1.1600000000401438	1.0	0.0	0.0	0.0	0.0	0.0	0.0	0.0	0.0	0.0	0.0	1.0	1.0000000023755324	1.8399997286938614	1.8400000001622694	1.00000000024214	1.0000000001204588	1.0000000001204585	1.0000000006283403	1.8400000005993682	2.680000000553833	2.035097549805531	2.875097549765452
1.4000000000330663	0.8000000001806018	0.8	0.0	0.0	0.0	0.0	0.0	0.0	0.0	0.0	0.0	0.0	0.0	0.0	0.0	0.0	0.0	0.0	0.0	0.8	1.399999999963038	1.9999999996780617	2.5999999996410477
0.0	0.0	0.0	0.0	0.0	0.3	0.3000000000920253	0.7999999999527541	0.3	0.0	0.0	0.0	0.0	0.0	0.3	0.7999999994821199	0.30000000009196515	0.30000000009197697	0.30000000009197697	0.30000000006383837	0.7999999994866842	0.7999999998504962	0.3000000000920864	0.799999999969957
0.0	0.0	0.0	0.0	0.0	0.0	0.0	0.1	0.0	0.0	0.0	0.0	0.0	0.0	0.1	0.29470873710721623	0.1	0.0	0.0	0.0	0.1	0.0	0.1	0.2999999999680475
0.0	0.0	0.0	0.0	0.0	0.0	0.05	0.2999999999478534	0.05	0.0	0.0	0.0	0.0	0.0	0.05	0.29470872019069205	0.05	0.0	0.0	0.05	0.22870571433778386	0.2999999997049347	0.050000000086543275	0.2999999999680473
0.0	0.0	0.0	0.0	0.0	0.0	0.0	0.0	0.0	0.0	0.0	0.0	0.0	0.0	0.05	0.19999995327884623	0.05	0.0	0.0	0.0	0.0	0.0	0.05	0.19999999996810858
0.0	0.0	0.0	0.0	0.0	0.0	0.0	0.0	0.0	0.0	0.0	0.0	0.0	0.0	0.25	0.44999999978159755	0.250000000092254	0.250000000092267	0.25000000009226697	0.2500000000709586	0.4499999998541994	0.4500000000922567	0.2500000001632054	0.25
0.0	0.0	0.0	0.0	0.0	0.0	0.0	0.0	0.0	0.0	0.0	0.0	0.0	0.0	0.25	0.2500000012272219	0.2500000000751108	0.2500000000751202	0.2500000000751202	0.2500000000552357	0.25000000164432296	0.4499999999347172	0.25000000008969775	0.25
0.0	0.0	0.0	0.0	0.0	1.5	2.0999999982966955	2.6999999982575797	2.0999999982970303	1.5000000011283492	2.100000001082772	2.399999999886985	2.9999999998470215	2.40000000057023	1.914109455860742	2.1000000001608123	1.5000000002408287	1.5000000001202431	1.5000000001202431	1.5000000001119616	2.100000000032166	2.1000000009899846	1.5000000010354113	1.5
0.0	0.0	0.0	0.0	0.0	0.0	0.0	0.0	0.0	0.0	0.0	0.0	0.0	0.0	0.25	0.44999999978159755	0.250000000092254	0.250000000092267	0.25000000009226697	0.2500000000709586	0.4499999998541994	0.4500000000922567	0.2500000001632054	0.25
0.0	0.0	0.0	0.0	0.0	0.0	0.1	0.2999999999444848	0.1	0.0	0.0	0.0	0.0	0.0	0.1	0.10000000124396038	0.1	0.0	0.0	0.0	0.1	0.0	0.1	0.29999999996681304
0.0	0.0	0.0	0.0	0.0	1.0	1.5999999990687446	2.199999999030294	1.5999999990703722	1.2000000002174676	1.800000000177332	2.399999999838198	2.9999999998024465	2.4000000005247895	1.9141093597367878	1.6000000001628476	1.0000000002425764	1.0000000001204585	1.0000000001204585	1.0000000001123357	1.6000000000328232	1.600000001022972	1.0000000010683066	1.0
0.0	0.0	0.0	0.0	0.5	0.8999999998594447	1.2999999996800675	1.699999999645594	1.2999999996882377	1.2882825327686165	1.6882825327259574	1.5999999999283798	1.9999999998858118	1.699999992288528	1.2999999997308542	0.900000000331834	0.5000000003952759	0.5000000001284973	0.5000000001279815	0.89361652787163	1.2936165278450904	1.693616527802717	1.2999999999985468	1.6999999999560027
0.0	0.0	0.0	0.0	0.0	0.0	0.0	0.0	0.0	0.0	0.0	0.0	0.0	0.0	0.08	0.19999995305061016	0.08	0.0	0.0	0.0	0.08	0.19999999978993888	0.08000000008038212	0.19999999996810922
0.0	0.0	0.0	0.0	0.0	0.0	0.2	0.4999999999475281	0.2	0.0	0.0	0.0	0.0	0.0	0.2	0.29470957813763343	0.2	0.0	0.0	0.0	0.2	0.0	0.2	0.49999999996792527
1.4000000000426172	1.0	0.0	0.0	0.0	0.0	0.0	0.0	0.0	0.0	1.0	1.5999999999427796	2.19999999991837	2.772286228982362	2.1999999995902604	1.6000000003087291	1.0000000003736917	1.0000000001281188	1.0000000001281188	1.000000000126247	1.600000000054974	2.154693844424625	1.5546938444672809	1.0
0.0	0.0	0.0	0.0	1.0	1.4124879851864351	1.7999999994389078	2.3999999993988315	1.7999999994373101	1.2000000004177855	1.8000000003759387	2.3999999998576147	2.9999999998205116	2.4000000005428546	1.9141093597323038	1.6000000001628476	1.0000000002425764	1.0000000001204585	1.0000000001204585	1.0000000001123357	1.6000000000328232	1.600000001022972	1.0000000010683066	1.0
1.4000000000426172	1.0	0.0	0.0	0.0	0.0	0.0	0.0	0.0	0.0	0.0	0.0	0.0	0.0	0.0	0.0	0.0	0.0	0.0	0.0	1.0	1.5999999999628916	2.199999999671351	2.7999999996342666
0.0	0.0	0.0	0.0	0.0	0.0	0.0	0.0	0.0	0.0	0.0	0.0	0.0	0.0	0.08	0.19999995305061016	0.08	0.0	0.0	0.0	0.08	0.0	0.08	0.19999999996810922
0.0	0.0	0.0	0.0	0.0	0.0	0.0	0.0	0.0	0.0	0.0	0.0	0.0	0.0	0.25	0.44999999978159755	0.250000000092254	0.250000000092267	0.25000000009226697	0.2500000000709586	0.4499999998541994	0.4500000000922567	0.2500000001632054	0.25
0.0	0.0	0.0	0.0	0.0	0.0	0.0	0.0	0.0	0.0	0.0	0.0	0.0	0.0	0.25	0.2500000012272219	0.2500000000751108	0.2500000000751202	0.2500000000751202	0.2500000000552357	0.25000000164432296	0.4499999999347172	0.25000000008969775	0.25
0.0	0.0	0.0	0.0	0.0	0.0	0.0	0.0	0.0	0.0	0.0	0.0	0.0	0.0	0.08	0.19999995305061016	0.08	0.0	0.0	0.0	0.08	0.0	0.08	0.19999999996810922
0.2500000000798681	0.25	0.0	0.0	0.0	0.0	0.25	0.49999999994752853	0.25	0.0	0.0	0.0	0.0	0.0	0.25	0.25	0.0	0.0	0.0	0.0	0.25	0.4999999997817006	0.250000000079953	0.49999999996792543
0.0	0.0	0.0	0.0	0.0	0.0	0.0	0.0	0.0	0.0	0.0	0.0	0.0	0.0	0.25	0.44999999978159755	0.250000000092254	0.250000000092267	0.25000000009226697	0.2500000000709586	0.4499999998541994	0.4500000000922567	0.2500000001632054	0.25
0.0	0.0	0.0	0.0	0.0	0.0	0.0	0.0	0.0	0.0	0.0	0.0	0.0	0.0	0.25	0.2500000012272219	0.2500000000751108	0.2500000000751202	0.2500000000751202	0.2500000000552357	0.25000000164432296	0.4499999999347172	0.25000000008969775	0.25
0.0	0.0	0.0	0.0	0.0	0.25	0.25000000027319286	0.4500000002267177	0.25000000027315983	0.2500000001488824	0.4500000000680269	0.25000000067240674	0.4500000006345267	0.2500000008253132	0.2500000004904226	0.4499999997857226	0.250000000102183	0.250000000092267	0.25000000009226697	0.2500000000709586	0.4499999998541994	0.4500000000922567	0.2500000001632054	0.25
0.25000000007511675	0.25	0.0	0.0	0.0	0.0	0.25	0.49999999994441374	0.25	0.0	0.0	0.0	0.0	0.0	0.25	0.25	0.0	0.0	0.0	0.0	0.25	0.4999999997153348	0.2500000000751918	0.4999999999667877
0.0	0.0	0.0	0.0	0.0	0.0	0.05	0.2999999999478534	0.05	0.0	0.0	0.0	0.0	0.0	0.05	0.29470872019069205	0.05	0.0	0.0	0.05	0.22870571433778386	0.2999999997049347	0.050000000086543275	0.2999999999680473
0.0	0.0	0.0	0.0	0.0	0.0	0.05	0.2999999999478534	0.05	0.0	0.0	0.0	0.0	0.0	0.05	0.29470872019069205	0.05	0.0	0.0	0.05	0.22870571433778386	0.2999999997049347	0.050000000086543275	0.2999999999680473
0.0	0.0	0.0	0.0	0.0	0.0	0.05	0.2999999999478534	0.05	0.0	0.0	0.0	0.0	0.0	0.05	0.29470872019069205	0.05	0.0	0.0	0.05	0.22870571433778386	0.2999999997049347	0.050000000086543275	0.29999999996804727
0.0	0.0	0.0	0.0	0.0	1.5	2.099999999807279	2.6999999997724746	2.0999999998148695	1.500000034323543	2.1000000342807628	2.399999999926553	2.9999999998841833	2.7722900048573833	2.699999999550732	2.100000000299385	1.5000000003648803	1.5000000001277423	1.5000000001277423	1.500000000125551	2.100000000053957	2.154694444843741	1.5546944448863882	1.5
1.4000000000401054	1.0	0.0	0.0	0.0	0.0	0.0	0.0	0.0	0.0	0.0	0.0	1.0	1.0000000024232019	1.5999999673243352	1.6000000001628292	1.0000000002425622	1.0000000001204585	1.0000000001204585	1.0000000001123357	1.6000000000328232	1.600000001022972	1.0000000010683066	1.0
0.0	0.0	0.0	0.0	0.0	0.0	0.0	0.1	0.0	0.0	0.0	0.0	0.0	0.0	0.1	0.29470873710721623	0.1	0.0	0.0	0.0	0.1	0.0	0.1	0.2999999999680475
0.0	0.0	0.0	0.0	0.0	0.25	0.4499999997433075	0.6499999997074211	0.4499999997491091	0.40000000084890575	0.6000000008071671	0.7999999999002555	0.9999999998607372	0.800000001622027	0.6499999990997658	0.45000000024616404	0.2500000003157169	0.25000000012565354	0.25000000012565343	0.2500000001213967	0.4500000000475449	0.450000003631831	0.2500000036752689	0.25
0.0	0.0	0.0	0.0	0.0	0.0	0.05	0.2999999999478534	0.05	0.0	0.0	0.0	0.0	0.0	0.05	0.29470872019069205	0.05	0.0	0.0	0.05	0.22870571433778386	0.2999999997049347	0.050000000086543275	0.2999999999680473
0.0	0.0	0.0	0.0	0.0	0.0	0.05	0.2999999999478534	0.05	0.0	0.0	0.0	0.0	0.0	0.05	0.29470872019069205	0.05	0.0	0.0	0.05	0.22870571433778386	0.2999999997049347	0.050000000086543275	0.2999999999680473
1.4000000000426172	1.0	0.0	0.0	0.0	0.0	0.0	0.0	0.0	0.0	1.0	1.5999999999427796	2.19999999991837	2.772286228982362	2.1999999995902604	1.6000000003087291	1.0000000003736917	1.0000000001281188	1.0000000001281188	1.000000000126247	1.600000000054974	2.154693844424625	1.5546938444672809	1.0
1.300000000040121	1.0	0.0	0.0	0.0	0.0	0.0	0.0	0.0	0.0	0.0	0.0	0.0	0.0	0.0	0.0	0.0	0.0	0.0	0.0	1.0	1.6999999999546478	2.035097511573637	2.735097511533559
0.0	0.0	0.0	0.0	0.0	0.0	0.08	0.29999999994785387	0.08	0.0	0.0	0.0	0.0	0.0	0.08	0.29470872962523	0.08	0.0	0.0	0.0	0.08	0.2999999997872229	0.08000000008038503	0.29999999996804727
0.0	0.0	0.0	0.0	0.0	0.0	0.08	0.29999999994785387	0.08	0.0	0.0	0.0	0.0	0.0	0.08	0.29470872962523	0.08	0.0	0.0	0.0	0.08	0.0	0.08	0.29999999996804727
0.0	0.0	0.0	0.0	0.0	0.0	0.0	0.0	0.0	0.0	0.0	0.0	0.0	0.0	0.25	0.44999999992524065	0.2500000001249188	0.25000000012494267	0.2500000001249426	0.25000000012010715	0.450000000045542	0.4500000027306611	0.2500000027743445	0.25
0.0	0.0	0.0	0.0	0.0	0.0	0.08	0.29999999994785387	0.08	0.0	0.0	0.0	0.0	0.0	0.08	0.29470872962523	0.08	0.0	0.0	0.0	0.08	0.0	0.08	0.29999999996804727
0.0	0.0	0.0	0.0	0.25	0.4499999996979873	0.6499999992752106	0.8499999992374162	0.6499999992769856	0.45000000013743546	0.6500000000936311	0.7999999999119521	0.9999999998706389	0.8000000016319184	0.6499999990997686	0.45000000024616416	0.25000000031571695	0.25000000012565354	0.25000000012565343	0.2500000001213967	0.4500000000475449	0.450000003631831	0.2500000036752689	0.25
0.0	0.0	0.0	0.0	0.0	0.0	0.08	0.29999999994785387	0.08	0.0	0.0	0.0	0.0	0.0	0.08	0.29470872962523	0.08	0.0	0.0	0.0	0.08	0.0	0.08	0.29999999996804727
0.0	0.0	0.0	0.0	0.0	0.0	0.08	0.29999999994785387	0.08	0.0	0.0	0.0	0.0	0.0	0.08	0.29470872962523	0.08	0.0	0.0	0.08	0.08	0.0	0.08	0.29999999996804727
0.0	0.0	0.0	0.0	0.0	0.0	0.0	0.0	0.0	0.0	0.0	0.0	0.0	0.0	0.25	0.44999999992524065	0.2500000001249188	0.25000000012494267	0.2500000001249426	0.25000000012010715	0.450000000045542	0.4500000027306611	0.2500000027743445	0.25
1.0	0.5	0.0	0.0	0.0	0.0	0.0	0.0	0.0	0.0	0.5	0.9999999999336654	1.4999999999082827	1.0000000017896253	1.4999999952339693	1.0000000002066332	0.5000000002814193	0.5000000001248615	0.5000000001248613	0.5000000010592266	1.0000000010311272	1.5000000009864507	1.499999999427708	1.9999999993870363
0.0	0.0	0.0	0.0	0.0	0.5	0.5000000005324233	1.000000000489401	0.5000000005323928	0.5000000002626545	1.0000000002054343	0.7795370565981731	1.279537056563934	0.7795370567435114	0.5000000010203536	0.9999999999956637	0.5000000001373505	0.5000000001038245	0.5000000001038245	0.5000000001287099	1.0000000000786207	1.4999999999945617	1.000000000191366	1.5000000001502807
0.0	0.0	0.0	0.0	0.0	0.0	0.0	0.0	0.0	0.0	0.0	0.0	0.0	0.0	0.25	0.44999999992524065	0.2500000001249188	0.25000000012494267	0.2500000001249426	0.25000000012010715	0.450000000045542	0.4500000027306611	0.2500000027743445	0.25
0.0	0.0	0.0	0.0	0.25	0.4499999996979873	0.6499999992752106	0.8499999992374162	0.6499999992769856	0.45000000013743546	0.6500000000936311	0.7999999999119521	0.9999999998706389	0.8000000016319184	0.6499999990997686	0.45000000024616416	0.25000000031571695	0.25000000012565354	0.25000000012565343	0.2500000001213967	0.4500000000475449	0.450000003631831	0.2500000036752689	0.25
0.0	0.0	0.0	0.0	0.0	0.5	0.5000000005378861	0.9000000004949695	0.5000000005378558	0.5000000002653191	0.9000000002084725	0.8128703865274229	1.2128703864932282	0.8128703866715572	0.5000000007662606	0.5	0.0	0.0	0.0	0.0	0.0	0.0	0.0	0.0
0.0	0.0	0.0	0.0	0.5	0.8999999982195431	1.254878130016579	1.6548781299758784	1.2548781300134983	0.854878130513429	1.254878130468695	1.2999999998359084	1.69999999979527	1.2999999998614538	0.8999999999321712	0.5	0.0	0.0	0.0	0.0	0.0	0.0	0.0	0.0
0.0	0.0	0.0	0.0	0.25	0.4499999989435164	0.4499999997491338	0.6499999997074168	0.4499999997432818	0.25	0.0	0.0	0.0	0.0	0.0	0.0	0.0	0.0	0.0	0.0	0.25	0.44999999995656387	0.2500000001258534	0.44999999998687956
1.1600000000426818	1.0	0.0	0.0	0.0	0.0	0.0	0.0	0.0	0.0	0.0	0.0	1.0	1.8399999990245006	2.6799999979263065	1.840000000262961	1.0000000003324234	1.000000000128119	1.000000000128119	1.0000000025491174	1.8400000025223582	2.6800000024795647	2.6799999999700574	3.519999999927687
1.1600000000401438	1.0	0.0	0.0	0.0	0.0	0.0	0.0	0.0	0.0	0.0	0.0	1.0	1.0000000023755324	1.8399997286938614	1.8400000001622694	1.00000000024214	1.0000000001204588	1.0000000001204585	1.0000000006283403	1.8400000005993682	2.680000000553833	2.0350975498055526	2.8750975497654734
1.4000000000330663	0.8000000001806018	0.8	0.0	0.0	0.0	0.0	0.0	0.0	0.0	0.0	0.0	0.0	0.0	0.0	0.0	0.0	0.0	0.0	0.0	0.8	1.399999999963038	1.9999999996780617	2.5999999996410477
0.0	0.0	0.0	0.0	0.0	0.3	0.3000000000920253	0.7999999999527541	0.3	0.0	0.0	0.0	0.0	0.0	0.3	0.7999999994821199	0.30000000009196515	0.30000000009197697	0.30000000009197697	0.30000000006383837	0.7999999994866842	0.7999999998504962	0.3000000000920864	0.799999999969957
0.0	0.0	0.0	0.0	0.0	0.0	0.0	0.1	0.0	0.0	0.0	0.0	0.0	0.0	0.1	0.29470873710721623	0.1	0.0	0.0	0.0	0.1	0.0	0.1	0.2999999999680475
0.0	0.0	0.0	0.0	0.0	0.0	0.05	0.2999999999478534	0.05	0.0	0.0	0.0	0.0	0.0	0.05	0.29470872019069205	0.05	0.0	0.0	0.05	0.22870571433778386	0.2999999997049347	0.050000000086543275	0.2999999999680473
0.0	0.0	0.0	0.0	0.0	0.0	0.0	0.0	0.0	0.0	0.0	0.0	0.0	0.0	0.05	0.19999995327884623	0.05	0.0	0.0	0.0	0.0	0.0	0.05	0.19999999996810858
0.0	0.0	0.0	0.0	0.0	0.0	0.0	0.0	0.0	0.0	0.0	0.0	0.0	0.0	0.25	0.44999999978159755	0.250000000092254	0.250000000092267	0.25000000009226697	0.2500000000709586	0.4499999998541994	0.4500000000922567	0.2500000001632054	0.25
0.0	0.0	0.0	0.0	0.0	0.0	0.0	0.0	0.0	0.0	0.0	0.0	0.0	0.0	0.25	0.2500000012272219	0.2500000000751108	0.2500000000751202	0.2500000000751202	0.2500000000552357	0.25000000164432296	0.4499999999347172	0.25000000008969775	0.25
0.0	0.0	0.0	0.0	0.0	1.5	2.0999999982966955	2.6999999982575797	2.0999999982970303	1.5000000011283492	2.100000001082772	2.399999999886985	2.9999999998470215	2.40000000057023	1.914109455860742	2.1000000001608123	1.5000000002408287	1.5000000001202431	1.5000000001202431	1.5000000001119616	2.100000000032166	2.1000000009899846	1.5000000010354113	1.5
0.0	0.0	0.0	0.0	0.0	0.0	0.0	0.0	0.0	0.0	0.0	0.0	0.0	0.0	0.25	0.44999999978159755	0.250000000092254	0.250000000092267	0.25000000009226697	0.2500000000709586	0.4499999998541994	0.4500000000922567	0.2500000001632054	0.25
0.0	0.0	0.0	0.0	0.0	0.0	0.1	0.2999999999444848	0.1	0.0	0.0	0.0	0.0	0.0	0.1	0.10000000124396038	0.1	0.0	0.0	0.0	0.1	0.0	0.1	0.29999999996681304
0.0	0.0	0.0	0.0	1.0	1.4124879851864351	1.7999999994389078	2.3999999993988315	1.7999999994373101	1.2000000004177855	1.8000000003759387	2.3999999998576147	2.9999999998205116	2.4000000005428546	1.9141093597323038	1.6000000001628476	1.0000000002425764	1.0000000001204585	1.0000000001204585	1.0000000001123357	1.6000000000328232	1.600000001022972	1.0000000010683066	1.0
0.0	0.0	0.0	0.0	0.5	0.8999999998594377	1.299999999680049	1.699999999645575	1.299999999688218	1.2882655980156068	1.6882655979729788	1.299999999877612	1.6999999998350301	1.2999999998919622	0.899999999948289	0.5	0.0	0.0	0.0	0.0	0.0	0.0	0.0	0.0
0.0	0.0	0.0	0.0	0.0	0.0	0.0	0.0	0.0	0.0	0.0	0.0	0.0	0.0	0.08	0.19999995305061016	0.08	0.0	0.0	0.0	0.08	0.0	0.08	0.19999999996810922
0.0	0.0	0.0	0.0	0.0	0.0	0.2	0.4999999999475281	0.2	0.0	0.0	0.0	0.0	0.0	0.2	0.29470957813763343	0.2	0.0	0.0	0.0	0.2	0.0	0.2	0.49999999996792527
1.4000000000426172	1.0	0.0	0.0	0.0	0.0	0.0	0.0	0.0	0.0	1.0	1.5999999999427796	2.19999999991837	2.772286228982362	2.1999999995902604	1.6000000003087291	1.0000000003736917	1.0000000001281188	1.0000000001281188	1.000000000126247	1.600000000054974	2.154693844424625	1.5546938444672809	1.0
0.0	0.0	0.0	0.0	1.0	1.4124879851864351	1.7999999994389078	2.3999999993988315	1.7999999994373104	1.2000000004177855	1.8000000003759387	2.3999999998576147	2.9999999998205116	2.4000000005428546	1.9141093597323038	1.6000000001628476	1.0000000002425764	1.0000000001204585	1.0000000001204585	1.0000000001123357	1.6000000000328232	1.600000001022972	1.0000000010683066	1.0
1.4000000000426172	1.0	0.0	0.0	0.0	0.0	0.0	0.0	0.0	0.0	0.0	0.0	1.0	1.599999999092721	2.1999999980449587	1.6000000002652903	1.000000000334485	1.0000000001281188	1.0000000001281188	1.000000000126247	1.600000000054974	2.154693844424627	1.5546938444672826	1.0
0.0	0.0	0.0	0.0	0.0	0.0	0.0	0.0	0.0	0.0	0.0	0.0	0.0	0.0	0.08	0.19999995305061016	0.08	0.0	0.0	0.0	0.08	0.0	0.08	0.19999999996810922
0.0	0.0	0.0	0.0	0.0	0.0	0.0	0.0	0.0	0.0	0.0	0.0	0.0	0.0	0.25	0.44999999978159755	0.250000000092254	0.250000000092267	0.25000000009226697	0.2500000000709586	0.4499999998541994	0.4500000000922567	0.2500000001632054	0.25
0.0	0.0	0.0	0.0	0.0	0.0	0.0	0.0	0.0	0.0	0.0	0.0	0.0	0.0	0.25	0.2500000012272219	0.2500000000751108	0.2500000000751202	0.2500000000751202	0.2500000000552357	0.25000000164432296	0.4499999999347172	0.25000000008969775	0.25
0.0	0.0	0.0	0.0	0.0	0.0	0.0	0.0	0.0	0.0	0.0	0.0	0.0	0.0	0.08	0.19999995305061016	0.08	0.0	0.0	0.0	0.08	0.0	0.08	0.19999999996810922
0.2500000000798681	0.25	0.0	0.0	0.0	0.0	0.25	0.49999999994752853	0.25	0.0	0.0	0.0	0.0	0.0	0.25	0.25	0.0	0.0	0.0	0.0	0.25	0.4999999997817006	0.250000000079953	0.49999999996792543
0.0	0.0	0.0	0.0	0.0	0.0	0.0	0.0	0.0	0.0	0.0	0.0	0.0	0.0	0.25	0.44999999978159755	0.250000000092254	0.250000000092267	0.25000000009226697	0.2500000000709586	0.4499999998541994	0.4500000000922567	0.2500000001632054	0.25
0.0	0.0	0.0	0.0	0.0	0.0	0.0	0.0	0.0	0.0	0.0	0.0	0.0	0.0	0.25	0.2500000012272219	0.2500000000751108	0.2500000000751202	0.2500000000751202	0.2500000000552357	0.25000000164432296	0.4499999999347172	0.25000000008969775	0.25
0.0	0.0	0.0	0.0	0.0	0.25	0.25000000027319286	0.4500000002267177	0.25000000027315983	0.2500000001488824	0.4500000000680269	0.25000000067240674	0.4500000006345267	0.2500000008253132	0.2500000004904226	0.4499999997857226	0.250000000102183	0.250000000092267	0.25000000009226697	0.2500000000709586	0.4499999998541994	0.4500000000922567	0.2500000001632054	0.25
0.25000000007511675	0.25	0.0	0.0	0.0	0.0	0.25	0.49999999994441374	0.25	0.0	0.0	0.0	0.0	0.0	0.25	0.25	0.0	0.0	0.0	0.0	0.25	0.4999999997153348	0.2500000000751918	0.4999999999667877
 
list 3: spolied wind power
0.0	0.0	0.0	0.0	0.0	0.0	0.0	0.0	0.0	0.0	0.0	0.0	0.0	0.0	0.0	0.0	0.0	0.0	0.0	0.0	0.0	0.0	0.0	0.0
0.0	0.0	6.957299513620242e-14	0.0	0.0	0.0	0.0	0.0	0.0	6.95730100244841e-14	0.0	0.0	0.0	0.0	0.0	0.0	0.0	0.0	0.0	0.0	0.0	0.0	0.0	0.0
 
list 4: forced load curtailments
0.0	0.0	0.0	0.0	0.0	0.0	0.0	0.0	0.0	0.0	0.0	0.0	0.0	0.0	0.0	0.0	0.0	0.0	0.0	0.0	0.0	0.0	0.0	0.0
0.0	0.0	0.0	0.0	0.0	0.0	0.0	0.0	0.0	0.0	0.0	0.0	0.0	0.0	0.0	0.0	0.0	0.0	0.0	0.0	0.0	0.0	0.0	0.0
0.0	0.0	0.0	0.0	0.0	0.0	0.0	0.0	0.0	0.0	0.0	0.0	0.0	0.0	0.0	0.0	0.0	0.0	0.0	0.0	0.0	0.0	0.0	0.0
0.0	0.0	0.0	0.0	0.0	0.0	0.0	0.0	0.0	0.0	0.0	0.0	0.0	0.0	0.0	0.0	0.0	0.0	0.0	0.0	0.0	0.0	0.0	0.0
0.0	0.0	0.0	0.0	0.0	0.0	0.0	0.0	0.0	0.0	0.0	0.0	0.0	0.0	0.0	0.0	0.0	0.0	0.0	0.0	0.0	0.0	0.0	0.0
0.0	0.0	0.0	0.0	0.0	0.0	0.0	0.0	0.0	0.0	0.0	0.0	0.0	0.0	0.0	0.0	0.0	0.0	0.0	0.0	0.0	0.0	0.0	0.0
0.0	0.0	0.0	0.0	0.0	0.0	0.0	0.0	0.0	0.0	0.0	0.0	0.0	0.0	0.0	0.0	0.0	0.0	0.0	0.0	0.0	0.0	0.0	0.0
0.0	0.0	0.0	0.0	0.0	0.0	0.0	0.0	0.0	0.0	0.0	0.0	0.0	0.0	0.0	0.0	0.0	0.0	0.0	0.0	0.0	0.0	0.0	0.0
0.0	0.0	0.0	0.0	0.0	0.0	0.0	0.0	0.0	0.0	0.0	0.0	0.0	0.0	0.0	0.0	0.0	0.0	0.0	0.0	0.0	0.0	0.0	0.0
0.0	0.0	0.0	0.0	0.0	0.0	0.0	0.0	0.0	0.0	0.0	0.0	0.0	0.0	0.0	0.0	0.0	0.0	0.0	0.0	0.0	0.0	0.0	0.0
0.0	0.0	0.0	0.0	0.0	0.0	0.0	0.0	0.0	0.0	0.0	0.0	0.0	0.0	0.0	0.0	0.0	0.0	0.0	0.0	0.0	0.0	0.0	0.0
0.0	0.0	0.0	0.0	0.0	0.0	0.0	0.0	0.0	0.0	0.0	0.0	0.0	0.0	0.0	0.0	0.0	0.0	0.0	0.0	0.0	0.0	0.0	0.0
0.0	0.0	0.0	0.0	0.0	0.0	0.0	0.0	0.0	0.0	0.0	0.0	0.0	0.0	0.0	0.0	0.0	0.0	0.0	0.0	0.0	0.0	0.0	0.0
0.0	0.0	0.0	0.0	0.0	0.0	0.0	0.0	0.0	0.0	0.0	0.0	0.0	0.0	0.0	0.0	0.0	0.0	0.0	0.0	0.0	0.0	0.0	0.0
0.0	0.0	0.0	0.0	0.0	0.0	0.0	0.0	0.0	0.0	0.0	0.0	0.0	0.0	0.0	0.0	0.0	0.0	0.0	0.0	0.0	0.0	0.0	0.0
0.0	0.0	0.0	0.0	0.0	0.0	0.0	0.0	0.0	0.0	0.0	0.0	0.0	0.0	0.0	0.0	0.0	0.0	0.0	0.0	0.0	0.0	0.0	0.0
0.0	0.0	0.0	0.0	0.0	0.0	0.0	0.0	0.0	0.0	0.0	0.0	0.0	0.0	0.0	0.0	0.0	0.0	0.0	0.0	0.0	0.0	0.0	0.0
0.0	0.0	0.0	0.0	0.0	0.0	0.0	0.0	0.0	0.0	0.0	0.0	0.0	0.0	0.0	0.0	0.0	0.0	0.0	0.0	0.0	0.0	0.0	0.0
0.0	0.0	0.0	0.0	0.0	0.0	0.0	0.0	0.0	0.0	0.0	0.0	0.0	0.0	0.0	0.0	0.0	0.0	0.0	0.0	0.0	0.0	0.0	0.0
0.0	0.0	0.0	0.0	0.0	0.0	0.0	0.0	0.0	0.0	0.0	0.0	0.0	0.0	0.0	0.0	0.0	0.0	0.0	0.0	0.0	0.0	0.0	0.0
0.0	0.0	0.0	0.0	0.0	0.0	0.0	0.0	0.0	0.0	0.0	0.0	0.0	0.0	0.0	0.0	0.0	0.0	0.0	0.0	0.0	0.0	0.0	0.0
0.0	0.0	0.0	0.0	0.0	0.0	0.0	0.0	0.0	0.0	0.0	0.0	0.0	0.0	0.0	0.0	0.0	0.0	0.0	0.0	0.0	0.0	0.0	0.0
0.0	0.0	0.0	0.0	0.0	0.0	0.0	0.0	0.0	0.0	0.0	0.0	0.0	0.0	0.0	0.0	0.0	0.0	0.0	0.0	0.0	0.0	0.0	0.0
0.0	0.0	0.0	0.0	0.0	0.0	0.0	0.0	0.0	0.0	0.0	0.0	0.0	0.0	0.0	0.0	0.0	0.0	0.0	0.0	0.0	0.0	0.0	0.0
0.0	0.0	0.0	0.0	0.0	0.0	0.0	0.0	0.0	0.0	0.0	0.0	0.0	0.0	0.0	0.0	0.0	0.0	0.0	0.0	0.0	0.0	0.0	0.0
0.0	0.0	0.0	0.0	0.0	0.0	0.0	0.0	0.0	0.0	0.0	0.0	0.0	0.0	0.0	0.0	0.0	0.0	0.0	0.0	0.0	0.0	0.0	0.0
0.0	0.0	0.0	0.0	0.0	0.0	0.0	0.0	0.0	0.0	0.0	0.0	0.0	0.0	0.0	0.0	0.0	0.0	0.0	0.0	0.0	0.0	0.0	0.0
0.0	0.0	0.0	0.0	0.0	0.0	0.0	0.0	0.0	0.0	0.0	0.0	0.0	0.0	0.0	0.0	0.0	0.0	0.0	0.0	0.0	0.0	0.0	0.0
0.0	0.0	0.0	0.0	0.0	0.0	0.0	0.0	0.0	0.0	0.0	0.0	0.0	0.0	0.0	0.0	0.0	0.0	0.0	0.0	0.0	0.0	0.0	0.0
0.0	0.0	0.0	0.0	0.0	0.0	0.0	0.0	0.0	0.0	0.0	0.0	0.0	0.0	0.0	0.0	0.0	0.0	0.0	0.0	0.0	0.0	0.0	0.0
0.0	0.0	0.0	0.0	0.0	0.0	0.0	0.0	0.0	0.0	0.0	0.0	0.0	0.0	0.0	0.0	0.0	0.0	0.0	0.0	0.0	0.0	0.0	0.0
0.0	0.0	0.0	0.0	0.0	0.0	0.0	0.0	0.0	0.0	0.0	0.0	0.0	0.0	0.0	0.0	0.0	0.0	0.0	0.0	0.0	0.0	0.0	0.0
0.0	0.0	0.0	0.0	0.0	0.0	0.0	0.0	0.0	0.0	0.0	0.0	0.0	0.0	0.0	0.0	0.0	0.0	0.0	0.0	0.0	0.0	0.0	0.0
0.0	0.0	0.0	0.0	0.0	0.0	0.0	0.0	0.0	0.0	0.0	0.0	0.0	0.0	0.0	0.0	0.0	0.0	0.0	0.0	0.0	0.0	0.0	0.0
0.0	0.0	0.0	0.0	0.0	0.0	0.0	0.0	0.0	0.0	0.0	0.0	0.0	0.0	0.0	0.0	0.0	0.0	0.0	0.0	0.0	0.0	0.0	0.0
0.0	0.0	0.0	0.0	0.0	0.0	0.0	0.0	0.0	0.0	0.0	0.0	0.0	0.0	0.0	0.0	0.0	0.0	0.0	0.0	0.0	0.0	0.0	0.0
0.0	0.0	0.0	0.0	0.0	0.0	0.0	0.0	0.0	0.0	0.0	0.0	0.0	0.0	0.0	0.0	0.0	0.0	0.0	0.0	0.0	0.0	0.0	0.0
0.0	0.0	0.0	0.0	0.0	0.0	0.0	0.0	0.0	0.0	0.0	0.0	0.0	0.0	0.0	0.0	0.0	0.0	0.0	0.0	0.0	0.0	0.0	0.0
0.0	0.0	0.0	0.0	0.0	0.0	0.0	0.0	0.0	0.0	0.0	0.0	0.0	0.0	0.0	0.0	0.0	0.0	0.0	0.0	0.0	0.0	0.0	0.0
0.0	0.0	0.0	0.0	0.0	0.0	0.0	0.0	0.0	0.0	0.0	0.0	0.0	0.0	0.0	0.0	0.0	0.0	0.0	0.0	0.0	0.0	0.0	0.0
0.0	0.0	0.0	0.0	0.0	0.0	0.0	0.0	0.0	0.0	0.0	0.0	0.0	0.0	0.0	0.0	0.0	0.0	0.0	0.0	0.0	0.0	0.0	0.0
0.0	0.0	0.0	0.0	0.0	0.0	0.0	0.0	0.0	0.0	0.0	0.0	0.0	0.0	0.0	0.0	0.0	0.0	0.0	0.0	0.0	0.0	0.0	0.0
0.0	0.0	0.0	0.0	0.0	0.0	0.0	0.0	0.0	0.0	0.0	0.0	0.0	0.0	0.0	0.0	0.0	0.0	0.0	0.0	0.0	0.0	0.0	0.0
0.0	0.0	0.0	0.0	0.0	0.0	0.0	0.0	0.0	0.0	0.0	0.0	0.0	0.0	0.0	0.0	0.0	0.0	0.0	0.0	0.0	0.0	0.0	0.0
0.0	0.0	0.0	0.0	0.0	0.0	0.0	0.0	0.0	0.0	0.0	0.0	0.0	0.0	0.0	0.0	0.0	0.0	0.0	0.0	0.0	0.0	0.0	0.0
0.0	0.0	0.0	0.0	0.0	0.0	0.0	0.0	0.0	0.0	0.0	0.0	0.0	0.0	0.0	0.0	0.0	0.0	0.0	0.0	0.0	0.0	0.0	0.0
0.0	0.0	0.0	0.0	0.0	0.0	0.0	0.0	0.0	0.0	0.0	0.0	0.0	0.0	0.0	0.0	0.0	0.0	0.0	0.0	0.0	0.0	0.0	0.0
0.0	0.0	0.0	0.0	0.0	0.0	0.0	0.0	0.0	0.0	0.0	0.0	0.0	0.0	0.0	0.0	0.0	0.0	0.0	0.0	0.0	0.0	0.0	0.0
0.0	0.0	0.0	0.0	0.0	0.0	0.0	0.0	0.0	0.0	0.0	0.0	0.0	0.0	0.0	0.0	0.0	0.0	0.0	0.0	0.0	0.0	0.0	0.0
0.0	0.0	0.0	0.0	0.0	0.0	0.0	0.0	0.0	0.0	0.0	0.0	0.0	0.0	0.0	0.0	0.0	0.0	0.0	0.0	0.0	0.0	0.0	0.0
0.0	0.0	0.0	0.0	0.0	0.0	0.0	0.0	0.0	0.0	0.0	0.0	0.0	0.0	0.0	0.0	0.0	0.0	0.0	0.0	0.0	0.0	0.0	0.0
0.0	0.0	0.0	0.0	0.0	0.0	0.0	0.0	0.0	0.0	0.0	0.0	0.0	0.0	0.0	0.0	0.0	0.0	0.0	0.0	0.0	0.0	0.0	0.0
0.0	0.0	0.0	0.0	0.0	0.0	0.0	0.0	0.0	0.0	0.0	0.0	0.0	0.0	0.0	0.0	0.0	0.0	0.0	0.0	0.0	0.0	0.0	0.0
0.0	0.0	0.0	0.0	0.0	0.0	0.0	0.0	0.0	0.0	0.0	0.0	0.0	0.0	0.0	0.0	0.0	0.0	0.0	0.0	0.0	0.0	0.0	0.0
0.0	0.0	0.0	0.0	0.0	0.0	0.0	0.0	0.0	0.0	0.0	0.0	0.0	0.0	0.0	0.0	0.0	0.0	0.0	0.0	0.0	0.0	0.0	0.0
0.0	0.0	0.0	0.0	0.0	0.0	0.0	0.0	0.0	0.0	0.0	0.0	0.0	0.0	0.0	0.0	0.0	0.0	0.0	0.0	0.0	0.0	0.0	0.0
0.0	0.0	0.0	0.0	0.0	0.0	0.0	0.0	0.0	0.0	0.0	0.0	0.0	0.0	0.0	0.0	0.0	0.0	0.0	0.0	0.0	0.0	0.0	0.0
0.0	0.0	0.0	0.0	0.0	0.0	0.0	0.0	0.0	0.0	0.0	0.0	0.0	0.0	0.0	0.0	0.0	0.0	0.0	0.0	0.0	0.0	0.0	0.0
0.0	0.0	0.0	0.0	0.0	0.0	0.0	0.0	0.0	0.0	0.0	0.0	0.0	0.0	0.0	0.0	0.0	0.0	0.0	0.0	0.0	0.0	0.0	0.0
0.0	0.0	0.0	0.0	0.0	0.0	0.0	0.0	0.0	0.0	0.0	0.0	0.0	0.0	0.0	0.0	0.0	0.0	0.0	0.0	0.0	0.0	0.0	0.0
0.0	0.0	0.0	0.0	0.0	0.0	0.0	0.0	0.0	0.0	0.0	0.0	0.0	0.0	0.0	0.0	0.0	0.0	0.0	0.0	0.0	0.0	0.0	0.0
0.0	0.0	0.0	0.0	0.0	0.0	0.0	0.0	0.0	0.0	0.0	0.0	0.0	0.0	0.0	0.0	0.0	0.0	0.0	0.0	0.0	0.0	0.0	0.0
0.0	0.0	0.0	0.0	0.0	0.0	0.0	0.0	0.0	0.0	0.0	0.0	0.0	0.0	0.0	0.0	0.0	0.0	0.0	0.0	0.0	0.0	0.0	0.0
0.0	0.0	0.0	0.0	0.0	0.0	0.0	0.0	0.0	0.0	0.0	0.0	0.0	0.0	0.0	0.0	0.0	0.0	0.0	0.0	0.0	0.0	0.0	0.0
0.0	0.0	0.0	0.0	0.0	0.0	0.0	0.0	0.0	0.0	0.0	0.0	0.0	0.0	0.0	0.0	0.0	0.0	0.0	0.0	0.0	0.0	0.0	0.0
0.0	0.0	0.0	0.0	0.0	0.0	0.0	0.0	0.0	0.0	0.0	0.0	0.0	0.0	0.0	0.0	0.0	0.0	0.0	0.0	0.0	0.0	0.0	0.0
0.0	0.0	0.0	0.0	0.0	0.0	0.0	0.0	0.0	0.0	0.0	0.0	0.0	0.0	0.0	0.0	0.0	0.0	0.0	0.0	0.0	0.0	0.0	0.0
0.0	0.0	0.0	0.0	0.0	0.0	0.0	0.0	0.0	0.0	0.0	0.0	0.0	0.0	0.0	0.0	0.0	0.0	0.0	0.0	0.0	0.0	0.0	0.0
0.0	0.0	0.0	0.0	0.0	0.0	0.0	0.0	0.0	0.0	0.0	0.0	0.0	0.0	0.0	0.0	0.0	0.0	0.0	0.0	0.0	0.0	0.0	0.0
0.0	0.0	0.0	0.0	0.0	0.0	0.0	0.0	0.0	0.0	0.0	0.0	0.0	0.0	0.0	0.0	0.0	0.0	0.0	0.0	0.0	0.0	0.0	0.0
0.0	0.0	0.0	0.0	0.0	0.0	0.0	0.0	0.0	0.0	0.0	0.0	0.0	0.0	0.0	0.0	0.0	0.0	0.0	0.0	0.0	0.0	0.0	0.0
0.0	0.0	0.0	0.0	0.0	0.0	0.0	0.0	0.0	0.0	0.0	0.0	0.0	0.0	0.0	0.0	0.0	0.0	0.0	0.0	0.0	0.0	0.0	0.0
0.0	0.0	0.0	0.0	0.0	0.0	0.0	0.0	0.0	0.0	0.0	0.0	0.0	0.0	0.0	0.0	0.0	0.0	0.0	0.0	0.0	0.0	0.0	0.0
0.0	0.0	0.0	0.0	0.0	0.0	0.0	0.0	0.0	0.0	0.0	0.0	0.0	0.0	0.0	0.0	0.0	0.0	0.0	0.0	0.0	0.0	0.0	0.0
0.0	0.0	0.0	0.0	0.0	0.0	0.0	0.0	0.0	0.0	0.0	0.0	0.0	0.0	0.0	0.0	0.0	0.0	0.0	0.0	0.0	0.0	0.0	0.0
0.0	0.0	0.0	0.0	0.0	0.0	0.0	0.0	0.0	0.0	0.0	0.0	0.0	0.0	0.0	0.0	0.0	0.0	0.0	0.0	0.0	0.0	0.0	0.0
0.0	0.0	0.0	0.0	0.0	0.0	0.0	0.0	0.0	0.0	0.0	0.0	0.0	0.0	0.0	0.0	0.0	0.0	0.0	0.0	0.0	0.0	0.0	0.0
0.0	0.0	0.0	0.0	0.0	0.0	0.0	0.0	0.0	0.0	0.0	0.0	0.0	0.0	0.0	0.0	0.0	0.0	0.0	0.0	0.0	0.0	0.0	0.0
0.0	0.0	0.0	0.0	0.0	0.0	0.0	0.0	0.0	0.0	0.0	0.0	0.0	0.0	0.0	0.0	0.0	0.0	0.0	0.0	0.0	0.0	0.0	0.0
0.0	0.0	0.0	0.0	0.0	0.0	0.0	0.0	0.0	0.0	0.0	0.0	0.0	0.0	0.0	0.0	0.0	0.0	0.0	0.0	0.0	0.0	0.0	0.0
0.0	0.0	0.0	0.0	0.0	0.0	0.0	0.0	0.0	0.0	0.0	0.0	0.0	0.0	0.0	0.0	0.0	0.0	0.0	0.0	0.0	0.0	0.0	0.0
0.0	0.0	0.0	0.0	0.0	0.0	0.0	0.0	0.0	0.0	0.0	0.0	0.0	0.0	0.0	0.0	0.0	0.0	0.0	0.0	0.0	0.0	0.0	0.0
0.0	0.0	0.0	0.0	0.0	0.0	0.0	0.0	0.0	0.0	0.0	0.0	0.0	0.0	0.0	0.0	0.0	0.0	0.0	0.0	0.0	0.0	0.0	0.0
0.0	0.0	0.0	0.0	0.0	0.0	0.0	0.0	0.0	0.0	0.0	0.0	0.0	0.0	0.0	0.0	0.0	0.0	0.0	0.0	0.0	0.0	0.0	0.0
0.0	0.0	0.0	0.0	0.0	0.0	0.0	0.0	0.0	0.0	0.0	0.0	0.0	0.0	0.0	0.0	0.0	0.0	0.0	0.0	0.0	0.0	0.0	0.0
0.0	0.0	0.0	0.0	0.0	0.0	0.0	0.0	0.0	0.0	0.0	0.0	0.0	0.0	0.0	0.0	0.0	0.0	0.0	0.0	0.0	0.0	0.0	0.0
0.0	0.0	0.0	0.0	0.0	0.0	0.0	0.0	0.0	0.0	0.0	0.0	0.0	0.0	0.0	0.0	0.0	0.0	0.0	0.0	0.0	0.0	0.0	0.0
0.0	0.0	0.0	0.0	0.0	0.0	0.0	0.0	0.0	0.0	0.0	0.0	0.0	0.0	0.0	0.0	0.0	0.0	0.0	0.0	0.0	0.0	0.0	0.0
0.0	0.0	0.0	0.0	0.0	0.0	0.0	0.0	0.0	0.0	0.0	0.0	0.0	0.0	0.0	0.0	0.0	0.0	0.0	0.0	0.0	0.0	0.0	0.0
0.0	0.0	0.0	0.0	0.0	0.0	0.0	0.0	0.0	0.0	0.0	0.0	0.0	0.0	0.0	0.0	0.0	0.0	0.0	0.0	0.0	0.0	0.0	0.0
0.0	0.0	0.0	0.0	0.0	0.0	0.0	0.0	0.0	0.0	0.0	0.0	0.0	0.0	0.0	0.0	0.0	0.0	0.0	0.0	0.0	0.0	0.0	0.0
 
 
list 10: sr⁺
0.0	0.0	0.0	0.0	0.0	0.0	0.0	2.6072727885573383e-11	0.0	0.0	0.0	0.0	0.0	0.0	0.0	0.0025473870029404685	0.0	0.0	0.0	6.936095256081156e-8	0.020768914670381746	1.4752168884860988e-10	0.015862433256960438	1.5976256541627e-11
0.0	0.0	0.0	0.0	0.0	0.0	0.0	2.6072727885573383e-11	0.0	0.0	0.0	0.0	0.0	0.0	0.0	0.0025473870029404685	0.0	0.0	0.0	0.0	0.020768914670381746	1.4752168884860988e-10	0.015862433256960438	1.5976256541627e-11
0.0	0.0	0.0	0.0	0.0	0.0	0.0	2.6072727885573383e-11	0.0	0.0	0.0	0.0	0.0	0.0	0.0	0.0025473870029404685	0.0	0.0	0.0	0.0	0.020768914670381746	1.4752168884860988e-10	0.015862433256960438	1.5976256541627e-11
0.0	0.0	0.0	0.0	0.0	0.0	0.04255831712422147	0.05330194048710334	6.870269141559374e-8	4.9965949788084946e-8	0.0596395434372664	6.830166128157984e-8	5.790717883333134e-11	0.0484273523694637	0.04800198205769953	0.03550707478727682	6.906830159441723e-8	6.895194624393242e-8	6.898818223108436e-8	6.906721589745521e-8	0.034479887128119675	0.03527024981498208	0.016186332342931164	0.0
6.911735650182442e-8	0.0	0.0	0.0	0.0	0.0	0.0	0.0	0.0	0.0	0.0	0.0	0.0	0.0641904595738634	0.057893937899150566	0.036191664618932355	6.91981834288443e-8	6.908648469587187e-8	6.912186869012266e-8	6.919712972506208e-8	0.035067845090802366	0.035899539658995394	0.01613424039087372	0.0
0.0	0.0	0.0	0.0	0.0	0.0	0.0	0.0	0.0	0.0	0.0	0.0	0.0	0.0	0.0	0.0025474228796073615	0.0	0.0	0.0	0.0	0.0	0.0	0.0	1.5976176762028916e-11
0.0	0.0	0.0	0.0	0.0	0.0	0.04107689050882754	0.05523111544028819	6.815628316272134e-8	4.922577326509981e-8	0.05409158988839411	6.63529219601522e-8	6.962976805679052e-11	0.04626829078477073	0.049684576424013936	0.03435862381784083	6.855719808667479e-8	6.842201930871343e-8	6.846166647657284e-8	6.855582736135064e-8	0.03346892291258668	0.03442607474662265	0.016204718594573203	0.0
0.0	0.0	0.0	0.0	0.0	0.0	0.0	2.6072727885573383e-11	0.0	0.0	0.0	0.0	0.0	0.0	0.0	0.0025473870029430238	0.0	0.0	0.0	0.0	0.020768914670381746	1.4752168884860988e-10	0.015862433256960438	1.5976256541627e-11
0.0	0.0	0.0	0.0	0.0	0.0	0.0	2.6072727885573383e-11	0.0	0.0	0.0	0.0	0.0	0.0	0.0	0.0025473870029430238	0.0	0.0	0.0	0.0	0.020768914670381746	1.4752168884860988e-10	0.015862433256960438	1.5976256541627e-11
6.91173540694304e-8	0.0	0.0	0.0	0.0	0.0	0.0	0.0	0.0	0.0	0.0	0.0	0.0	0.0	0.0	0.0	0.0	0.0	0.0	0.0	0.0	0.03589961054124549	0.01620276466013242	0.07111800463440213
6.925104888062014e-8	0.0	0.0	0.0	0.0	0.0	0.0	0.0	0.0	0.0	0.0	0.0	0.0	0.0	0.0	0.0	0.0	0.0	0.0	0.0	0.0	0.03611961298813839	0.016144910315539936	0.12865151479479267
0.0	0.0	0.0	0.0	0.0	0.0	0.0	2.6072499877747322e-11	0.0	0.0	0.0	0.0	0.0	0.0	0.0	0.00254740567334549	0.0	0.0	0.0	0.0	0.0	0.0	0.01609274480452185	1.5976248362951484e-11
0.0	0.0	0.0	0.0	0.0	0.0	0.0	2.6072499877747322e-11	0.0	0.0	0.0	0.0	0.0	0.0	0.0	0.00254740567334549	0.0	0.0	0.0	0.0	0.0	1.0638285586234964e-10	0.015735277235611748	1.5976248362951484e-11
0.0	0.0	0.0	0.0	0.0	0.0	0.0	0.0	0.0	0.0	0.0	0.0	0.0	0.0	0.0	0.03435735819076907	6.855805724977082e-8	6.84220224111444e-8	6.846166958526508e-8	6.85558330649588e-8	0.03346891512716043	0.034425799801551436	0.016202950447557957	0.0
0.0	0.0	0.0	0.0	0.0	0.0	0.0	2.6072499877747322e-11	0.0	0.0	0.0	0.0	0.0	0.0	0.0	0.00254740567334549	0.0	0.0	0.0	0.0	0.0	0.0	0.0	1.5976248362951484e-11
0.0	0.0	0.0	0.0	0.0	0.0	0.04107689050882754	0.05523111544028819	6.815628316272134e-8	4.922577326509981e-8	0.05409158988839411	6.63529219601522e-8	6.962976805679052e-11	0.04626829078477073	0.049684576424013936	0.03435862381784083	6.855719808667479e-8	6.842201930871343e-8	6.846166647657284e-8	6.855582736135064e-8	0.03346892291258668	0.03442607474662265	0.016204718594573203	0.0
0.0	0.0	0.0	0.0	0.0	0.0	0.0	2.6072499877747322e-11	0.0	0.0	0.0	0.0	0.0	0.0	0.0	0.00254740567334549	0.0	0.0	0.0	0.0	0.0	0.0	0.0	1.5976248362951484e-11
0.0	0.0	0.0	0.0	0.0	0.0	0.0	2.6072499877747322e-11	0.0	0.0	0.0	0.0	0.0	0.0	0.0	0.00254740567334549	0.0	0.0	0.0	0.0	0.0	0.0	0.0	1.5976248362951484e-11
0.0	0.0	0.0	0.0	0.0	0.0	0.0	0.0	0.0	0.0	0.0	0.0	0.0	0.0	0.0	0.03435735819076907	6.855805724977082e-8	6.84220224111444e-8	6.846166958526508e-8	6.85558330649588e-8	0.03346891512716043	0.034425799801551436	0.016202950447557957	0.0
0.0	6.959898837252199e-8	0.0	0.0	0.0	0.0	0.0	0.0	0.0	0.0	0.0	6.907452027272662e-8	0.16253317683475355	0.06349772675469907	0.056652068693634115	0.036273409052620505	6.919815850836249e-8	6.908648195186459e-8	6.912186594839221e-8	6.919648152316519e-8	0.03513675039634781	0.035510360241590724	0.016185135919322507	0.1132528229557947
0.0	0.0	0.0	0.0	0.0	0.0	0.043856355817206504	0.06491799367218143	6.919196666344701e-8	5.0147725759469184e-8	0.06183459939642104	6.9140233461442e-8	0.16914810043033596	0.06384241020485527	0.05871619342048972	0.036273653438741775	6.919825025914752e-8	6.90864950630808e-8	6.912187904911877e-8	6.919711934251168e-8	0.03513785010974025	0.03551027017979045	0.016147700967006146	0.13619259595213187
0.0	0.0	0.0	0.0	0.0	0.0	0.0	0.0	0.0	0.0	0.0	0.0	0.0	0.0	0.0	0.03435735819076907	6.855805724977082e-8	6.84220224111444e-8	6.846166958526508e-8	6.85558330649588e-8	0.03346891512716043	0.034425799801551436	0.016202950447557957	0.0
0.0	0.0	0.0	0.0	0.0	0.10348334432976199	0.03899744997752254	0.041701974965165506	6.742605509572886e-8	4.911633795457517e-8	0.05271527087814393	6.635231836296966e-8	6.467911308961326e-11	0.046269968560270394	0.049684809448941575	0.034358629881269996	6.855719809242106e-8	6.842201930869988e-8	6.846166647657284e-8	6.855582736135064e-8	0.033468922910429626	0.0344260747467048	0.016204718594123202	0.0
0.0	0.0	0.0	0.0	0.0	0.0	0.04350570321811943	0.0638185529122389	6.905700339690513e-8	5.001393234490301e-8	0.060736647579307024	6.893780216902373e-8	0.15287590773765317	0.06270890368901365	0.05804010702999167	0.0	0.0	0.0	0.0	0.0	0.0	0.0	0.0	0.0
0.0	0.0	0.0	0.0	0.0	0.11901946802813373	0.042049339727190854	0.054890216258418105	6.84843891744823e-8	4.983251679719833e-8	0.05874052624065796	6.770264197586407e-8	7.341574620987439e-11	0.05563482166613817	0.05490152341504379	0.03585431717797963	6.906839740383178e-8	6.895195015158679e-8	6.898818613650256e-8	6.906615622114204e-8	0.03477735072036901	0.034938343176822435	0.0162108768499883	0.09039678198147606
0.0	0.0	0.0	0.0	0.0	0.10348334432976108	0.038997449977522504	0.0417019749651655	6.742605509572886e-8	4.911633795457517e-8	0.05271527087814394	6.635231836296966e-8	6.467911308961326e-11	0.04626996856026975	0.04968480944894156	0.03435862988126988	6.855719809242106e-8	6.842201930869988e-8	6.846166647657284e-8	6.855582736135064e-8	0.033468922910429626	0.0344260747467048	0.01620471859412313	0.0
6.934987025493508e-8	0.0	0.0	0.0	0.0	0.0	0.0	0.0	0.0	0.0	0.0	0.0	0.0	0.0645059202997678	0.05810717618028951	0.03668288348306466	6.934467341387647e-8	6.923839830674013e-8	6.927282465125993e-8	6.934020237053568e-8	0.03548787465470999	0.0359773318960921	0.016148837445735864	0.12478726430373752
6.934987093830771e-8	0.0	0.0	0.0	0.0	0.0	0.0	0.0	0.0	0.0	0.0	0.0	0.1991419914241977	0.06497321629897657	0.05903303477721003	0.0366829667268669	6.934469614601816e-8	6.9238400175986e-8	6.92728265189879e-8	6.934370744565851e-8	0.03548944459751407	0.03597744140512381	0.016136220013113316	0.14221388851336597
6.91173633183119e-8	6.926113319438883e-8	6.948152428136087e-8	0.0	0.0	0.0	0.0	0.0	0.0	0.0	0.0	0.0	0.0	0.0	0.0	0.0	0.0	0.0	0.0	0.0	0.0	0.03602301461849535	0.01618496554097506	0.10376888736048867
0.0	0.0	0.0	0.0	0.0	0.0	0.04071160664390076	2.362244462058673e-11	0.0	0.0	0.0	0.0	0.0	0.0	0.0	2.5888132503252955e-10	6.80689745064585e-8	6.791356916990995e-8	6.795662151054668e-8	6.806612075582969e-8	2.5660262401291683e-10	7.474897023732198e-11	0.01618499831306011	1.502145020828559e-11
0.0	0.0	0.0	0.0	0.0	0.0	0.0	0.062242209453075195	0.0	0.0	0.0	0.0	0.0	0.0	0.0	0.0025474228796073615	0.0	0.0	0.0	0.0	0.0	0.0	0.0	1.5976176762028916e-11
0.0	0.0	0.0	0.0	0.0	0.0	0.0	2.6072727885573383e-11	0.0	0.0	0.0	0.0	0.0	0.0	0.0	0.0025473870029430238	0.0	0.0	0.0	0.0	0.020768914670381746	1.4752168884860988e-10	0.015862433256960438	1.5976256541627e-11
0.0	0.0	0.0	0.0	0.0	0.0	0.0	0.0	0.0	0.0	0.0	0.0	0.0	0.0	0.0	2.3904681299715232e-8	0.0	0.0	0.0	0.0	0.0	0.0	0.0	1.5945637146369314e-11
0.0	0.0	0.0	0.0	0.0	0.0	0.0	0.0	0.0	0.0	0.0	0.0	0.0	0.0	0.0	0.03435679962337843	6.85581995155815e-8	6.842216546472282e-8	6.846181251505472e-8	6.855604976782159e-8	0.03346803707956789	0.03442554763192708	0.016205786949303663	0.0
0.0	0.0	0.0	0.0	0.0	0.0	0.0	0.0	0.0	0.0	0.0	0.0	0.0	0.0	0.0	0.035151211114705254	6.855827417026009e-8	6.842224046043721e-8	6.84618874463946e-8	6.855611877838762e-8	0.03415839168063536	0.03442551404495444	0.01620534254200917	0.0
0.0	0.0	0.0	0.0	0.0	0.0	0.04256089293429468	0.05329421055934718	6.870741446973554e-8	5.001298951997653e-8	0.05982028867767092	6.83019285178184e-8	7.648732234950527e-11	0.059106455035444955	0.05684754090006189	0.0355072925901898	6.906844330209418e-8	6.895195453344408e-8	6.898819051410435e-8	6.906723107493037e-8	0.03447992316530118	0.035360750735082463	0.016150022812724808	0.0
0.0	0.0	0.0	0.0	0.0	0.0	0.0	0.0	0.0	0.0	0.0	0.0	0.0	0.0	0.0	0.03435679962337843	6.85581995155815e-8	6.842216546472282e-8	6.846181251505472e-8	6.855604976782159e-8	0.03346803707956789	0.03442554763192708	0.016205786949303663	0.0
0.0	0.0	0.0	0.0	0.0	0.0	0.0	2.7756991082149883e-11	0.0	0.0	0.0	0.0	0.0	0.0	0.0	0.030249255521480823	0.0	0.0	0.0	0.0	0.0	0.0	0.0	1.659338227093752e-11
0.0	0.0	0.0	0.0	0.0	0.0	0.04340960538186893	0.06224273120596649	6.902042369515376e-8	5.0103095923841533e-8	0.0610833429544395	6.830225575045772e-8	9.87735727307805e-11	0.059104161719727204	0.056951300333591616	0.03619165564897172	6.919818341695873e-8	6.908648469588542e-8	6.912186869012266e-8	6.919712972506208e-8	0.03506784506944513	0.03589953965957406	0.01613424038928349	0.0
0.0	0.0	0.0	0.0	0.0	0.1190219554291707	0.041885190742821404	0.053292864089100195	6.845446295275753e-8	4.955135780522252e-8	0.05150306430040237	6.770212264726539e-8	5.709310861464934e-11	0.05227260291999809	0.054885920197729754	0.03585431645744207	6.906826499684764e-8	6.89519454015751e-8	6.898818127606488e-8	6.896361911938077e-8	0.034079318469701594	0.03254620904487982	0.016208406402275676	0.09046499066649788
0.0	0.0	0.0	0.0	0.0	0.0	0.0	0.0	0.0	0.0	0.0	0.0	0.0	0.0	0.0	2.4024698934170318e-8	0.0	0.0	0.0	0.0	0.0	1.0502515147721605e-10	0.014685950911701584	1.5945303801277778e-11
0.0	0.0	0.0	0.0	0.0	0.0	0.0	2.623541114477178e-11	0.0	0.0	0.0	0.0	0.0	0.0	0.0	0.033727908855451516	0.0	0.0	0.0	0.0	0.0	0.0	0.0	1.6037268004298473e-11
6.91173540694304e-8	0.0	0.0	0.0	0.0	0.0	0.0	0.0	0.0	0.0	0.06444135171935889	6.903686298422496e-8	0.15365271514576748	0.04822486624780246	0.055611502930169046	0.03619153180665245	6.919809834327344e-8	6.908647992137076e-8	6.912186391945692e-8	6.919712092777789e-8	0.035067797893877	0.03526255347977062	0.01613537418940684	0.0
0.0	0.0	0.0	0.0	0.0	0.12388242604598487	0.0431652445216664	0.06051659659827118	6.892456331708736e-8	5.0103042841398036e-8	0.06108997304380549	6.830212735640397e-8	8.974149154340649e-11	0.05910414046753575	0.056950640979627175	0.036191653131774804	6.919818341697228e-8	6.908648469588542e-8	6.912186869012266e-8	6.919712972506208e-8	0.035067845069436304	0.03589953965957391	0.016134240389285605	0.0
6.91173540694304e-8	0.0	0.0	0.0	0.0	0.0	0.0	0.0	0.0	0.0	0.0	0.0	0.0	0.0	0.0	0.0	0.0	0.0	0.0	0.0	0.0	0.03589961054124549	0.01620276466013242	0.07111800463440213
0.0	0.0	0.0	0.0	0.0	0.0	0.0	0.0	0.0	0.0	0.0	0.0	0.0	0.0	0.0	2.4024698934170318e-8	0.0	0.0	0.0	0.0	0.0	0.0	0.0	1.5945303801277778e-11
0.0	0.0	0.0	0.0	0.0	0.0	0.0	0.0	0.0	0.0	0.0	0.0	0.0	0.0	0.0	0.03435679962337843	6.85581995155815e-8	6.842216546472282e-8	6.846181251505472e-8	6.855604976782159e-8	0.03346803707956789	0.03442554763192708	0.016205786949303663	0.0
0.0	0.0	0.0	0.0	0.0	0.0	0.0	0.0	0.0	0.0	0.0	0.0	0.0	0.0	0.0	0.035151211114705254	6.855827417026009e-8	6.842224046043721e-8	6.84618874463946e-8	6.855611877838762e-8	0.03415839168063536	0.03442551404495444	0.01620534254200917	0.0
0.0	0.0	0.0	0.0	0.0	0.0	0.0	0.0	0.0	0.0	0.0	0.0	0.0	0.0	0.0	2.4024698934170318e-8	0.0	0.0	0.0	0.0	0.03608862301404498	0.0	0.0	1.5945303801277778e-11
6.682953275625634e-8	0.0	0.0	0.0	0.0	0.0	0.0	2.623514782537299e-11	0.0	0.0	0.0	0.0	0.0	0.0	0.0	0.0	0.0	0.0	0.0	0.0	0.0	1.0914370106722081e-10	0.015862476647268878	1.6037174875815176e-11
0.0	0.0	0.0	0.0	0.0	0.0	0.0	0.0	0.0	0.0	0.0	0.0	0.0	0.0	0.0	0.03435679962337843	6.85581995155815e-8	6.842216546472282e-8	6.846181251505472e-8	6.855604976782159e-8	0.03346803707956789	0.03442554763192708	0.016205786949303663	0.16209033710033316
0.0	0.0	0.0	0.0	0.0	0.0	0.0	0.0	0.0	0.0	0.0	0.0	0.0	0.0	0.0	0.035151211114705254	6.855827417026009e-8	6.842224046043721e-8	6.84618874463946e-8	6.855611877838762e-8	0.03415839168063536	0.03442551404495444	0.01620534254200917	0.0
0.0	0.0	0.0	0.0	0.0	0.0	0.042084587769625585	0.059673780830690144	6.85259753598511e-8	4.94869620831304e-8	0.05679023192950272	6.855108115718853e-8	0.1354783601384406	0.060556585963182176	0.05528145391162058	0.03435736671874451	6.855815385322793e-8	6.842216547406051e-8	6.846181251639642e-8	6.855604976803843e-8	0.03346803735540803	0.034425547616566875	0.01620578694818384	0.0
6.682970543640452e-8	0.0	0.0	0.0	0.0	0.0	0.0	2.7792515671310937e-11	0.0	0.0	0.0	0.0	0.0	0.0	0.0	0.0	0.0	0.0	0.0	0.0	0.0	1.4232284310253467e-10	0.015862684299405908	1.6606064115162577e-11
0.0	0.0	0.0	0.0	0.0	0.0	0.0	2.6072727885573383e-11	0.0	0.0	0.0	0.0	0.0	0.0	0.0	0.0025473870029430238	0.0	0.0	0.0	0.0	0.020768914670381746	1.4752168884860988e-10	0.015862433256960438	1.5976256541627e-11
0.0	0.0	0.0	0.0	0.0	0.0	0.0	2.6072727885573383e-11	0.0	0.0	0.0	0.0	0.0	0.0	0.0	0.0025473870029430238	0.0	0.0	0.0	0.0	0.020768914670381746	1.4752168884860988e-10	0.015862433256960438	1.5976256541627e-11
0.0	0.0	0.0	0.0	0.0	0.0	0.0	2.6072727885573383e-11	0.0	0.0	0.0	0.0	0.0	0.0	0.0	0.0025473870029430238	0.0	0.0	0.0	0.0	0.02076891467038008	1.4752168716603187e-10	0.015862433256960216	1.5976256541627e-11
0.0	0.0	0.0	0.0	0.0	0.0	0.04255831712422147	0.05330194048710334	6.870269141559374e-8	4.9965949788084946e-8	0.0596395434372664	6.830166128157984e-8	5.790717883333134e-11	0.0484273523694637	0.04800198205769953	0.03550707478727682	6.906830159441723e-8	6.895194624393242e-8	6.898818223108436e-8	6.906721589745521e-8	0.034479887128119675	0.03527024981498208	0.016186332342931164	0.0
6.911735650182442e-8	0.0	0.0	0.0	0.0	0.0	0.0	0.0	0.0	0.0	0.0	0.0	0.0	0.0641904595738634	0.057893937899150566	0.036191664618932355	6.91981834288443e-8	6.908648469587187e-8	6.912186869012266e-8	6.919712972506208e-8	0.035067845090802366	0.035899539658995394	0.01613424039087372	0.0
0.0	0.0	0.0	0.0	0.0	0.0	0.0	0.0	0.0	0.0	0.0	0.0	0.0	0.0	0.0	0.0025474228796073615	0.0	0.0	0.0	0.0	0.0	0.0	0.0	1.5976176762028916e-11
0.0	0.0	0.0	0.0	0.0	0.0	0.04107689050882754	0.05523111544028819	6.815628316272134e-8	4.922577326509981e-8	0.05409158988839411	6.63529219601522e-8	6.962976805679052e-11	0.04626829078477073	0.049684576424013936	0.03435862381784083	6.855719808667479e-8	6.842201930871343e-8	6.846166647657284e-8	6.855582736135064e-8	0.03346892291258668	0.03442607474662265	0.016204718594573203	0.0
0.0	0.0	0.0	0.0	0.0	0.0	0.0	2.6072727885573383e-11	0.0	0.0	0.0	0.0	0.0	0.0	0.0	0.0025473870029430238	0.0	0.0	0.0	0.0	0.020768914670381746	1.4752168884860988e-10	0.015862433256960438	1.5976256541627e-11
0.0	0.0	0.0	0.0	0.0	0.0	0.0	2.6072727885573383e-11	0.0	0.0	0.0	0.0	0.0	0.0	0.0	0.0025473870029430238	0.0	0.0	0.0	0.0	0.020768914670381746	1.4752168884860988e-10	0.015862433256960438	1.5976256541627e-11
6.91173540694304e-8	0.0	0.0	0.0	0.0	0.0	0.0	0.0	0.0	0.0	0.0	6.903686298422496e-8	0.15365271514576748	0.04822486624780246	0.055611502930169046	0.03619153180665245	6.919809834327344e-8	6.908647992137076e-8	6.912186391945692e-8	6.919712092777789e-8	0.035067797893877	0.03526255347977062	0.01613537418940684	0.0
6.925104888062014e-8	0.0	0.0	0.0	0.0	0.0	0.0	0.0	0.0	0.0	0.0	0.0	0.0	0.0	0.0	0.0	0.0	0.0	0.0	0.0	0.0	0.03611961298813839	0.016144910315539936	0.12865151479479267
0.0	0.0	0.0	0.0	0.0	0.0	0.0	2.6072499877747322e-11	0.0	0.0	0.0	0.0	0.0	0.0	0.0	0.00254740567334549	0.0	0.0	0.0	0.0	0.0	1.0638285586234964e-10	0.015735277235611748	1.5976248362951484e-11
0.0	0.0	0.0	0.0	0.0	0.0	0.04464666289079975	2.6072499877747322e-11	0.0	0.0	0.0	0.0	0.0	0.0	0.0	0.00254740567334549	0.0	0.0	0.0	0.0	0.0	0.0	0.0	1.5976248362951484e-11
0.0	0.0	0.0	0.0	0.0	0.0	0.0	0.0	0.0	0.0	0.0	0.0	0.0	0.0	0.0	0.03435735819076907	6.855805724977082e-8	6.84220224111444e-8	6.846166958526508e-8	6.85558330649588e-8	0.03346891512716043	0.034425799801551436	0.016202950447557957	0.0
0.0	0.0	0.0	0.0	0.0	0.0	0.0	2.6072499877747322e-11	0.0	0.0	0.0	0.0	0.0	0.0	0.0	0.00254740567334549	0.0	0.0	0.0	0.0	0.0	0.0	0.0	1.5976248362951484e-11
0.0	0.0	0.0	0.0	0.0	0.10348334432976102	0.038997449977522504	0.04170197496516596	6.742605509572886e-8	4.911633795457517e-8	0.05271527087814392	6.635231836296966e-8	6.467911308961326e-11	0.04626996856026977	0.04968480944894157	0.03435862988126988	6.855719809242106e-8	6.842201930869988e-8	6.846166647657284e-8	6.855582736135064e-8	0.03346892291042972	0.034426074746704796	0.016204718594123126	0.0
0.0	0.0	0.0	0.0	0.0	0.0	0.0	2.6072499877747322e-11	6.949942318855722e-8	0.0	0.0	0.0	0.0	0.0	0.0	0.00254740567334549	6.949181568846456e-8	0.0	0.0	0.0	0.0	0.0	0.0	1.5976248362951484e-11
0.0	0.0	0.0	0.0	0.0	0.0	0.0	2.6072499877747322e-11	0.0	0.0	0.0	0.0	0.0	0.0	0.0	0.00254740567334549	0.0	0.0	0.0	0.0	0.0	0.0	0.0	1.5976248362951484e-11
0.0	0.0	0.0	0.0	0.0	0.0	0.0	0.0	0.0	0.0	0.0	0.0	0.0	0.0	0.0	0.03435735819076907	6.855805724977082e-8	6.84220224111444e-8	6.846166958526508e-8	6.85558330649588e-8	0.03346891512716043	0.034425799801551436	0.016202950447557957	0.0
6.934642759386187e-8	0.0	0.0	0.0	0.0	0.0	0.0	0.0	0.0	0.0	0.0	6.907452027272662e-8	0.16253317683475255	0.06349772675469915	0.05665206869363412	0.03627340905262047	6.919815850836249e-8	6.908648195186459e-8	6.912186594839221e-8	6.919648152316519e-8	0.0351367503963478	0.03551036024159072	0.01618513591932237	0.11325282295579495
0.0	0.0	0.0	0.0	0.0	0.0	0.04385635581720649	0.06491799367218132	6.919196666344701e-8	5.0147725759469184e-8	0.061834599396421115	6.9140233461442e-8	0.16914810043033593	0.06384241020485527	0.05871619342048972	0.03627365343874174	6.919825025914752e-8	6.90864950630808e-8	6.912187904911877e-8	6.919711934251168e-8	0.035137850109740236	0.03551027017979044	0.01614770096700616	0.1361925959521303
0.0	0.0	0.0	0.0	0.0	0.0	0.0	0.0	0.0	0.0	0.0	0.0	0.0	0.0	0.0	0.03435735819076907	6.855805724977082e-8	6.84220224111444e-8	6.846166958526508e-8	6.85558330649588e-8	0.03346891512716043	0.034425799801551436	0.016202950447557957	0.0
0.0	0.0	0.0	0.0	6.9587227872613e-8	0.10348334432976103	0.038997449977522504	0.0417019749651655	6.742605509572886e-8	4.911633795457517e-8	0.05271527087814389	6.635231836296966e-8	6.467911308961326e-11	0.04626996856026973	0.04968480944894153	0.03435862988126988	6.855719809242106e-8	6.842201930869988e-8	6.846166647657284e-8	6.855582736135064e-8	0.03346892291042963	0.0344260747467048	0.016204718594123126	0.0
0.0	0.0	0.0	0.0	0.0	0.13492693134257133	0.04350570321811943	0.0638185529122389	6.905700339690513e-8	5.001393234490301e-8	0.060736647579307024	6.893780216902373e-8	0.15287590773765317	0.06270890368901365	0.05804010702999167	0.0	0.0	0.0	0.0	0.0	0.0	0.0	0.0	0.0
0.0	0.0	0.0	0.0	0.0	0.11901224275526691	0.042041044970658206	0.054741267586909434	6.850641881706455e-8	4.9842344980218086e-8	0.05869883190240977	6.848198894909168e-8	0.09991639878647611	0.06010952490544628	0.05704151234145866	0.0	0.0	0.0	0.0	0.0	0.0	0.0	0.0	0.0
0.0	0.0	0.0	0.0	0.0	0.10341310978314358	0.041078042400954286	0.055230728488675	6.815632921698689e-8	4.948756604148102e-8	0.0	0.0	0.0	0.0	0.0	0.0	0.0	0.0	0.0	0.0	0.0	0.03442554734576167	0.016205509020234005	0.11707770313573355
6.934987025493508e-8	0.0	0.0	0.0	0.0	0.0	0.0	0.0	0.0	0.0	0.0	0.0	0.0	0.0645059202999445	0.05810717618316639	0.0366828834838258	6.934467341387647e-8	6.923839830674013e-8	6.927282465125993e-8	6.934020237044081e-8	0.03548787470973208	0.03597733189846243	0.01614883266029376	0.12478732970554492
6.934987093830771e-8	0.0	0.0	0.0	0.0	0.0	0.0	0.0	0.0	0.0	0.0	0.0	0.0	0.06497321629907843	0.05903303477625456	0.03668296672763006	6.934469614601816e-8	6.9238400175986e-8	6.92728265189879e-8	6.934370744565851e-8	0.035489444559798744	0.03597744141030549	0.016136215700445534	0.14221413351759327
6.91173633183119e-8	6.926113319438883e-8	0.0	0.0	0.0	0.0	0.0	0.0	0.0	0.0	0.0	0.0	0.0	0.0	0.0	0.0	0.0	0.0	0.0	0.0	0.0	0.03602301461849535	0.01618496554097506	0.10376888736048867
0.0	0.0	0.0	0.0	0.0	0.0	0.04071160664390076	2.362244462058673e-11	0.0	0.0	0.0	0.0	0.0	0.0	0.0	2.5888132503252955e-10	6.80689745064585e-8	6.791356916990995e-8	6.795662151054668e-8	6.806612075582969e-8	2.5660262401291683e-10	7.474897023732198e-11	0.01618499831306011	1.502145020828559e-11
0.0	0.0	0.0	0.0	0.0	0.0	0.0	0.0	0.0	0.0	0.0	0.0	0.0	0.0	0.0	0.0025474228796073615	0.0	0.0	0.0	0.0	0.0	0.0	0.0	1.5976176762028916e-11
0.0	0.0	0.0	0.0	0.0	0.0	0.0	2.6072727885573383e-11	0.0	0.0	0.0	0.0	0.0	0.0	0.0	0.0025473870029430238	0.0	0.0	0.0	0.0	0.020768914670381746	1.4752168884860988e-10	0.015862433256960438	1.5976256541627e-11
0.0	0.0	0.0	0.0	0.0	0.0	0.0	0.0	0.0	0.0	0.0	0.0	0.0	0.0	0.0	2.3904681299715232e-8	0.0	0.0	0.0	0.0	0.0	0.0	0.0	1.5945637146369314e-11
0.0	0.0	0.0	0.0	0.0	0.0	0.0	0.0	0.0	0.0	0.0	0.0	0.0	0.0	0.0	0.03435679962337843	6.85581995155815e-8	6.842216546472282e-8	6.846181251505472e-8	6.855604976782159e-8	0.03346803707956789	0.03442554763192708	0.016205786949303663	0.0
0.0	0.0	0.0	0.0	0.0	0.0	0.0	0.0	0.0	0.0	0.0	0.0	0.0	0.0	0.0	0.035151211114705254	6.855827417026009e-8	6.842224046043721e-8	6.84618874463946e-8	6.855611877838762e-8	0.03415839168063536	0.03442551404495444	0.01620534254200917	0.0
0.0	0.0	0.0	0.0	0.0	0.0	0.04256089293429468	0.05329421055934718	6.870741446973554e-8	5.001298951997653e-8	0.05982028867767092	6.83019285178184e-8	7.648732234950527e-11	0.059106455035444955	0.05684754090006189	0.0355072925901898	6.906844330209418e-8	6.895195453344408e-8	6.898819051410435e-8	6.906723107493037e-8	0.03447992316530118	0.035360750735082463	0.016150022812724808	0.0
0.0	0.0	0.0	0.0	0.0	0.0	0.0	0.0	0.0	0.0	0.0	0.0	0.0	0.0	0.0	0.03435679962337843	6.85581995155815e-8	6.842216546472282e-8	6.846181251505472e-8	6.855604976782159e-8	0.03346803707956789	0.03442554763192708	0.016205786949303663	0.0
0.0	0.0	0.0	0.0	0.0	0.0	0.0	2.7756991082149883e-11	0.0	0.0	0.0	0.0	0.0	0.0	0.0	0.030249255521480823	0.0	0.0	0.0	0.0	0.0	0.0	0.0	1.659338227093752e-11
0.0	0.0	0.0	0.0	0.0	0.1238824260459849	0.04316524452166641	0.06051659659827117	6.892456331708736e-8	5.0103042841398036e-8	0.061089973043805465	6.830212735640397e-8	8.974149154340649e-11	0.059104140467535794	0.0569506409796272	0.03619165313177481	6.919818341697228e-8	6.908648469588542e-8	6.912186869012266e-8	6.919712972506208e-8	0.035067845069436304	0.03589953965957392	0.016134240389285598	0.0
0.0	0.0	0.0	0.0	0.0	0.11902572195896248	0.041885781544279216	0.05329612357003561	6.845446306995978e-8	4.9808528032623846e-8	0.05148463293931522	6.848177791652494e-8	0.0999124501464638	0.06010990301650403	0.0570410419674968	0.0	0.0	0.0	0.0	0.0	0.0	0.0	0.0	0.0
0.0	0.0	0.0	0.0	0.0	0.0	0.0	0.0	0.0	0.0	0.0	0.0	0.0	0.0	0.0	2.4024698934170318e-8	0.0	0.0	0.0	0.0	0.0	0.0	0.0	1.5945303801277778e-11
0.0	0.0	0.0	0.0	0.0	0.0	0.0	2.623541114477178e-11	0.0	0.0	0.0	0.0	0.0	0.0	0.0	0.033727908855451516	0.0	0.0	0.0	0.0	0.0	0.0	0.0	1.6037268004298473e-11
6.91173540694304e-8	0.0	0.0	0.0	0.0	0.0	0.0	0.0	0.0	0.0	0.0	6.903686298422496e-8	0.15365271514576748	0.04822486624780246	0.055611502930169046	0.03619153180665245	6.919809834327344e-8	6.908647992137076e-8	6.912186391945692e-8	6.919712092777789e-8	0.035067797893877	0.03526255347977062	0.01613537418940684	0.0
0.0	0.0	0.0	0.0	0.0	0.12388242604598468	0.04316524452166642	0.060516596598271175	6.892456331708736e-8	5.0103042841398036e-8	0.061089973043805486	6.830212735640397e-8	8.974149154340649e-11	0.05910414046753585	0.056950640979627314	0.036191653131774804	6.919818341697228e-8	6.908648469588542e-8	6.912186869012266e-8	6.919712972506208e-8	0.035067845069436304	0.035899539659573924	0.0161342403892856	0.0
6.91173540694304e-8	0.0	0.0	0.0	0.0	0.0	0.0	0.0	0.0	0.0	0.0	0.0	0.0	0.06327930278913764	0.05559767186938318	0.036191564168898384	6.919812429523808e-8	6.908647992134366e-8	6.912186391944337e-8	6.919712092777789e-8	0.03506779790880809	0.03526255347879482	0.016135374188586637	0.0
0.0	0.0	0.0	0.0	0.0	0.0	0.0	0.0	0.0	0.0	0.0	0.0	0.0	0.0	0.0	2.4024698934170318e-8	0.0	0.0	0.0	0.0	0.0	0.0	0.0	1.5945303801277778e-11
0.0	0.0	0.0	0.0	0.0	0.0	0.0	0.0	0.0	0.0	0.0	0.0	0.0	0.0	0.0	0.03435679962337843	6.85581995155815e-8	6.842216546472282e-8	6.846181251505472e-8	6.855604976782159e-8	0.03346803707956789	0.03442554763192708	0.016205786949303663	0.0
0.0	0.0	0.0	0.0	0.0	0.0	0.0	0.0	0.0	0.0	0.0	0.0	0.0	0.0	0.0	0.035151211114705254	6.855827417026009e-8	6.842224046043721e-8	6.84618874463946e-8	6.855611877838762e-8	0.03415839168063536	0.03442551404495444	0.01620534254200917	0.0
0.0	0.0	0.0	0.0	0.0	0.0	0.0	0.0	0.0	0.0	0.0	0.0	0.0	0.0	0.0	2.4024698934170318e-8	0.0	0.0	0.0	0.0	0.0	0.0	0.0	1.5945303801277778e-11
6.682953275625634e-8	0.0	0.0	0.0	0.0	0.0	0.0	2.623514782537299e-11	0.0	0.0	0.0	0.0	0.0	0.0	0.0	0.0	0.0	0.0	0.0	0.0	0.0	1.0914370106722081e-10	0.015862476647268878	1.6037174875815176e-11
0.0	0.0	0.0	0.0	0.0	0.0	0.0	0.0	0.0	0.0	0.0	0.0	0.0	0.0	0.0	0.03435679962337843	6.85581995155815e-8	6.842216546472282e-8	6.846181251505472e-8	6.855604976782159e-8	0.03346803707956789	0.03442554763192708	0.016205786949303663	0.0
0.0	0.0	0.0	0.0	0.0	0.0	0.0	0.0	0.0	0.0	0.0	0.0	0.0	0.0	0.0	0.035151211114705254	6.855827417026009e-8	6.842224046043721e-8	6.84618874463946e-8	6.855611877838762e-8	0.03415839168063536	0.03442551404495444	0.01620534254200917	0.0
0.0	0.0	0.0	0.0	0.0	0.0	0.042084587769625585	0.059673780830690144	6.85259753598511e-8	4.94869620831304e-8	0.05679023192950272	6.855108115718853e-8	0.1354783601384406	0.060556585963182176	0.05528145391162058	0.03435736671874451	6.855815385322793e-8	6.842216547406051e-8	6.846181251639642e-8	6.855604976803843e-8	0.03346803735540803	0.034425547616566875	0.01620578694818384	0.0
6.682970543640452e-8	0.0	0.0	0.0	0.0	0.0	0.0	2.7792515671310937e-11	0.0	0.0	0.0	0.0	0.0	0.0	0.060954804908022193	0.03720345340104197	0.0	0.0	0.0	0.0	0.0	1.4232284310253467e-10	0.015862684299405908	1.6606064115162577e-11
 
list 11: sr⁻
0.0	0.0	0.0	0.0	0.0	0.0	0.0	6.684503199419001e-8	0.0	0.0	0.0	0.0	0.0	0.0	0.0	6.643716248594855e-8	0.0	0.0	0.0	0.0	6.621584599233391e-8	6.683051609843464e-8	4.3258184347574314e-11	6.683637123889024e-8
0.0	0.0	0.0	0.0	0.0	0.0	0.0	6.684503199419001e-8	0.0	0.0	0.0	0.0	0.0	0.0	0.0	6.643716248594855e-8	0.0	0.0	0.0	0.0	6.621584599233391e-8	6.683051609843464e-8	4.3258184347574314e-11	6.683637123889024e-8
0.0	0.0	0.0	0.0	0.0	0.0	0.0	6.684503199419001e-8	0.0	0.0	0.0	0.0	0.0	0.0	0.0	6.643716248594855e-8	0.0	0.0	0.0	0.0	6.621584599233391e-8	6.683051609843464e-8	4.3258184347574314e-11	6.683637123889024e-8
0.0	0.0	0.0	0.0	0.0	0.0	6.832334128376082e-8	6.894230526463335e-8	6.832144952820978e-8	1.517128799940317e-8	6.859785727403615e-8	6.87364669522012e-8	6.907646315914369e-8	6.914113651267605e-8	6.894739095071026e-8	6.831288218209068e-8	1.8223069537758272e-10	6.384185790629469e-11	6.384182426245043e-11	6.278547507722822e-11	6.831187573771893e-8	6.894967537398472e-8	1.0133722185000393e-7	0.0
6.583778518606733e-8	0.0	0.0	0.0	0.0	0.0	0.0	0.0	0.0	0.0	0.0	0.0	0.0	1.2010559788795544e-9	6.810130503402299e-8	6.831192977735032e-8	1.211880250074023e-10	6.020321285392396e-11	6.020318370857903e-11	5.6175879527371287e-11	6.831173156433585e-8	6.83175988391144e-8	5.321036346622237e-10	0.0
0.0	0.0	0.0	0.0	0.0	0.0	0.0	0.0	0.0	0.0	0.0	0.0	0.0	0.0	0.0	6.583150549601541e-8	0.0	0.0	0.0	0.0	0.0	0.0	0.0	6.640919724964784e-8
0.0	0.0	0.0	0.0	0.0	0.0	6.6411472473887e-8	6.772707556754285e-8	6.638898158761774e-8	6.617862577371395e-8	6.752345334615022e-8	6.82065659045317e-8	6.856856488798738e-8	6.822626180005387e-8	6.772547905683167e-8	6.64315961764096e-8	1.5770161587500348e-10	6.279841562387399e-11	6.279837150081604e-11	6.070777942595271e-11	6.641209743405362e-8	6.661809089774111e-8	1.813380628590952e-9	0.0
0.0	0.0	0.0	0.0	0.0	0.0	0.0	6.684503199419001e-8	0.0	0.0	0.0	0.0	0.0	0.0	0.0	6.643716248594855e-8	0.0	0.0	0.0	0.0	6.621584599233391e-8	6.683051609843464e-8	4.3258184347574314e-11	6.683637123889024e-8
0.0	0.0	0.0	0.0	0.0	0.0	0.0	6.684503199419001e-8	0.0	0.0	0.0	0.0	0.0	0.0	0.0	6.643716248594855e-8	0.0	0.0	0.0	0.0	6.621584599233391e-8	6.683051609843464e-8	4.3258184347574314e-11	6.683637123889024e-8
6.583782404815579e-8	0.0	0.0	0.0	0.0	0.0	0.0	0.0	0.0	0.0	0.0	0.0	0.0	0.0	0.0	0.0	0.0	0.0	0.0	0.0	0.0	6.831042077031966e-8	6.895107273287076e-8	6.915521443139777e-8
6.512576162543153e-8	0.0	0.0	0.0	0.0	0.0	0.0	0.0	0.0	0.0	0.0	0.0	0.0	0.0	0.0	0.0	0.0	0.0	0.0	0.0	0.0	6.848608549357932e-8	6.880903015099127e-8	6.912478810457514e-8
0.0	0.0	0.0	0.0	0.0	0.0	0.0	6.659401599421204e-8	0.0	0.0	0.0	0.0	0.0	0.0	0.0	6.60888442342248e-8	0.0	0.0	0.0	0.0	0.0	0.0	0.0	6.658436139752341e-8
0.0	0.0	0.0	0.0	0.0	0.0	0.0	6.659401599421204e-8	0.0	0.0	0.0	0.0	0.0	0.0	0.0	6.60888442342248e-8	0.0	0.0	0.0	0.0	0.0	6.658091475325405e-8	4.018090991275259e-11	6.658436139752341e-8
0.0	0.0	0.0	0.0	0.0	0.0	0.0	0.0	0.0	0.0	0.0	0.0	0.0	0.0	0.0	6.641366404970593e-8	6.243444285817008e-11	6.244331749417663e-11	6.244328694474225e-11	6.006277059852228e-11	6.641198700089307e-8	6.656762580006424e-8	1.373350387352608e-9	0.0
0.0	0.0	0.0	0.0	0.0	0.0	0.0	6.659401599421204e-8	0.0	0.0	0.0	0.0	0.0	0.0	0.0	6.60888442342248e-8	0.0	0.0	0.0	0.0	0.0	0.0	0.0	6.658436139752341e-8
0.0	0.0	0.0	0.0	0.0	0.0	6.6411472473887e-8	6.772707556754285e-8	6.638898158761774e-8	6.617862577371395e-8	6.752345334615022e-8	6.82065659045317e-8	6.856856488798738e-8	6.822626180005387e-8	6.772547905683167e-8	6.64315961764096e-8	1.5770161587500348e-10	6.279841562387399e-11	6.279837150081604e-11	6.070777942595271e-11	6.641209743405362e-8	6.661809089774111e-8	1.813380628590952e-9	0.0
0.0	0.0	0.0	0.0	0.0	0.0	0.0	6.659401599421204e-8	0.0	0.0	0.0	0.0	0.0	0.0	0.0	6.60888442342248e-8	0.0	0.0	0.0	0.0	0.0	0.0	0.0	6.658436139752341e-8
0.0	0.0	0.0	0.0	0.0	0.0	0.0	6.659401599421204e-8	0.0	0.0	0.0	0.0	0.0	0.0	0.0	6.60888442342248e-8	0.0	0.0	0.0	0.0	0.0	0.0	0.0	6.658436139752341e-8
0.0	0.0	0.0	0.0	0.0	0.0	0.0	0.0	0.0	0.0	0.0	0.0	0.0	0.0	0.0	6.641366404970593e-8	6.243444285817008e-11	6.244331749417663e-11	6.244328694474225e-11	6.006277059852228e-11	6.641198700089307e-8	6.656762580006424e-8	1.373350387352608e-9	0.0
0.0	0.0	0.0	0.0	0.0	0.0	0.0	0.0	0.0	0.0	0.0	6.807538675884719e-8	6.882064376915304e-8	6.81009148682045e-8	6.88090587308858e-8	6.807286146896059e-8	1.4058469533596465e-10	6.24027309577557e-11	6.240270992579527e-11	5.304550873126607e-10	6.808152744972181e-8	6.881216922541376e-8	6.88223647896146e-8	6.906854444830419e-8
0.0	0.0	0.0	0.0	0.0	0.0	2.6570253720392704e-10	6.808094230949561e-8	2.656874111183068e-10	1.3120332954498228e-10	6.808623215959653e-8	6.712521641995359e-8	6.861599699836435e-8	6.714899112657648e-8	5.083068502202183e-10	6.807080945942445e-8	6.864524032787212e-11	5.1892906530174045e-11	5.189288549519606e-11	6.436558772249948e-11	6.807136869898232e-8	6.880948743148566e-8	6.808535374277754e-8	6.881275347517116e-8
0.0	0.0	0.0	0.0	0.0	0.0	0.0	0.0	0.0	0.0	0.0	0.0	0.0	0.0	0.0	6.641366404970593e-8	6.243444285817008e-11	6.244331749417663e-11	6.244328694474225e-11	6.006277059852228e-11	6.641198700089307e-8	6.656762580006424e-8	1.373350387352608e-9	0.0
0.0	0.0	0.0	0.0	0.0	0.0	6.772768233481057e-8	6.831115315943104e-8	6.772043349402785e-8	6.64339685069724e-8	6.77417358986381e-8	6.820665741606041e-8	6.856860696300056e-8	6.822633903726138e-8	6.772547854901848e-8	6.643159518328042e-8	1.5770165206517437e-10	6.279841562387399e-11	6.279837150081604e-11	6.070777942589977e-11	6.641209743432467e-8	6.661809089776821e-8	1.813380628590952e-9	0.0
0.0	0.0	0.0	0.0	0.0	0.0	2.684234435834637e-10	6.773879512968542e-8	2.684084098969619e-10	1.325331402443753e-10	6.774316009726064e-8	6.725317029859302e-8	6.851172239140315e-8	6.727320033653758e-8	3.820756971632956e-10	0.0	0.0	0.0	0.0	0.0	0.0	0.0	0.0	0.0
0.0	0.0	0.0	0.0	0.0	0.0	6.861294504908674e-8	6.893250605655751e-8	6.861322365178917e-8	6.769156103483549e-8	6.861320346672299e-8	6.88919519342278e-8	6.907642914297815e-8	6.889164686482219e-8	6.862208582749871e-8	6.772931154389375e-8	1.4045508950351916e-10	6.207230866509316e-11	6.207229190956386e-11	5.016196866295581e-10	6.774041410384588e-8	6.862387830592297e-8	6.863185443726149e-8	6.893938702972507e-8
0.0	0.0	0.0	0.0	0.0	0.0	6.772768233481057e-8	6.831115315943104e-8	6.772043349402785e-8	6.64339685069724e-8	6.77417358986381e-8	6.820665741606041e-8	6.856860696300056e-8	6.822633903726138e-8	6.772547854901848e-8	6.643159518328042e-8	1.577016520651479e-10	6.279841562387399e-11	6.279837150081604e-11	6.070777942589977e-11	6.641209743432467e-8	6.661809089776821e-8	1.813380628590952e-9	0.0
6.342260888437265e-8	0.0	0.0	0.0	0.0	0.0	0.0	0.0	0.0	0.0	0.0	0.0	0.0	6.867298029249202e-8	6.9129805718978e-8	6.866580584020271e-8	1.6603773974812954e-10	6.403006151625359e-11	6.403008818679324e-11	1.2744927607555477e-9	6.871895898242293e-8	6.913400181550542e-8	6.913568359775523e-8	6.927913523859365e-8
6.342240006231795e-8	0.0	0.0	0.0	0.0	0.0	0.0	0.0	0.0	0.0	0.0	0.0	0.0	1.1776321824992315e-9	6.831995946891313e-8	6.866544480608344e-8	1.2097727263012805e-10	6.020329750543056e-11	6.020327072842946e-11	3.144440855411241e-10	6.866908163718122e-8	6.91213942864981e-8	6.889532044270289e-8	6.918679802732516e-8
6.661372261052858e-8	9.024268310955994e-11	0.0	0.0	0.0	0.0	0.0	0.0	0.0	0.0	0.0	0.0	0.0	0.0	0.0	0.0	0.0	0.0	0.0	0.0	0.0	6.83104217468199e-8	6.8951084369694e-8	6.915521967492473e-8
0.0	0.0	0.0	0.0	0.0	0.0	4.599745272174109e-11	6.807577777268796e-8	0.0	0.0	0.0	0.0	0.0	0.0	0.0	6.806603750935032e-8	4.596905382649461e-11	4.597330973943527e-11	4.597329337367347e-11	3.1921764925743514e-11	6.806564491470212e-8	6.80691495672165e-8	4.602796580804092e-11	6.807099627550897e-8
0.0	0.0	0.0	0.0	0.0	0.0	0.0	0.0	0.0	0.0	0.0	0.0	0.0	0.0	0.0	6.583150549601541e-8	0.0	0.0	0.0	0.0	0.0	0.0	0.0	6.640919724964784e-8
0.0	0.0	0.0	0.0	0.0	0.0	0.0	6.684503199419001e-8	0.0	0.0	0.0	0.0	0.0	0.0	0.0	6.643716248594855e-8	0.0	0.0	0.0	0.0	6.621584599233391e-8	6.683051609843464e-8	4.3258184347574314e-11	6.683637123889024e-8
0.0	0.0	0.0	0.0	0.0	0.0	0.0	0.0	0.0	0.0	0.0	0.0	0.0	0.0	0.0	6.521586075060011e-8	0.0	0.0	0.0	0.0	0.0	0.0	0.0	6.608280818832125e-8
0.0	0.0	0.0	0.0	0.0	0.0	0.0	0.0	0.0	0.0	0.0	0.0	0.0	0.0	0.0	6.640622356456115e-8	4.611337929098971e-11	4.6118224112434474e-11	4.6118206825286113e-11	3.548248434643733e-11	6.640153534462898e-8	6.642165903670259e-8	8.155486769934392e-11	0.0
0.0	0.0	0.0	0.0	0.0	0.0	0.0	0.0	0.0	0.0	0.0	0.0	0.0	0.0	0.0	6.109065117036226e-10	3.754639427803212e-11	3.754996283286816e-11	3.7549951401973246e-11	2.7619775018890618e-11	8.173049308220197e-10	6.641317383704489e-8	4.483443506689094e-11	0.0
0.0	0.0	0.0	0.0	0.0	0.0	6.831290239905951e-8	6.89396549240879e-8	6.831094962070708e-8	5.618882047460408e-10	6.833127501725141e-8	6.873634710961591e-8	6.907642242597978e-8	6.87380646074504e-8	6.885759393350326e-8	6.831191571821614e-8	1.203226538338447e-10	6.009566095260925e-11	6.009563193077231e-11	5.598881098399276e-11	6.831172707874751e-8	6.831737483864941e-8	5.157802232468611e-10	0.0
0.0	0.0	0.0	0.0	0.0	0.0	0.0	0.0	0.0	0.0	0.0	0.0	0.0	0.0	0.0	6.640622356456115e-8	4.611337929098971e-11	4.6118224112434474e-11	4.6118206825286113e-11	3.548248434643733e-11	6.640153534462898e-8	6.642165903670259e-8	8.155486769934392e-11	0.0
0.0	0.0	0.0	0.0	0.0	0.0	0.0	6.641947511007906e-8	0.0	0.0	0.0	0.0	0.0	0.0	0.0	6.192020291535294e-10	0.0	0.0	0.0	0.0	0.0	0.0	0.0	6.640912873309853e-8
0.0	0.0	0.0	0.0	0.0	0.0	6.831825186119796e-8	6.894101001325161e-8	6.831631378657855e-8	6.643755235590182e-8	6.863340791735725e-8	6.904316759325435e-8	6.920542016602765e-8	6.9040415597344e-8	6.88346534497079e-8	6.831192992171184e-8	1.2119515826791844e-10	6.020321285405631e-11	6.020318370857903e-11	5.6175879527371287e-11	6.831173156443071e-8	6.831759883915505e-8	5.321036346623296e-10	0.0
0.0	0.0	0.0	0.0	0.0	0.0	6.86333724775665e-8	6.894208701694509e-8	6.86341339195285e-8	6.852659954662921e-8	6.890070907997962e-8	6.889202292900578e-8	6.907646495230566e-8	6.893700791900912e-8	6.863054357903343e-8	6.773126736953192e-8	1.9739345803670045e-10	6.421900581161889e-11	6.396136394482901e-11	0.27816921337462547	6.845487853430782e-8	6.886319918246139e-8	6.863393070271771e-8	6.894031309268944e-8
0.0	0.0	0.0	0.0	0.0	0.0	0.0	0.0	0.0	0.0	0.0	0.0	0.0	0.0	0.0	6.513161621935436e-8	0.0	0.0	0.0	0.0	0.0	6.634715228065891e-8	4.017945216555635e-11	6.635567194271266e-8
0.0	0.0	0.0	0.0	0.0	0.0	0.0	6.720685864223315e-8	0.0	0.0	0.0	0.0	0.0	0.0	0.0	8.458763672588145e-8	0.0	0.0	0.0	0.0	0.0	0.0	0.0	6.719945883016038e-8
6.583782404815579e-8	0.0	0.0	0.0	0.0	0.0	0.0	0.0	0.0	0.0	0.0	6.831808111404673e-8	6.894817068618512e-8	6.909155445587267e-8	6.894747839339085e-8	6.831295525735776e-8	1.8662668789294655e-10	6.402996642758055e-11	6.402993250040376e-11	6.313370034277363e-11	6.831188349879045e-8	6.879822725930189e-8	6.772833419267784e-8	0.0
0.0	0.0	0.0	0.0	0.0	0.0	6.863238571672256e-8	6.903360097214523e-8	6.863310890593128e-8	6.644670922970161e-8	6.863415400482097e-8	6.90431916637623e-8	6.920543115670704e-8	6.90404379495406e-8	6.883466555231794e-8	6.831192992248433e-8	1.2119515856927688e-10	6.020321285405631e-11	6.020318370857903e-11	5.6175879527371287e-11	6.831173156443071e-8	6.831759883915505e-8	5.321036346623296e-10	0.0
6.583782404815579e-8	0.0	0.0	0.0	0.0	0.0	0.0	0.0	0.0	0.0	0.0	0.0	0.0	0.0	0.0	0.0	0.0	0.0	0.0	0.0	0.0	6.831042077031966e-8	6.895107273287076e-8	6.915521443139777e-8
0.0	0.0	0.0	0.0	0.0	0.0	0.0	0.0	0.0	0.0	0.0	0.0	0.0	0.0	0.0	6.513161621935436e-8	0.0	0.0	0.0	0.0	0.0	0.0	0.0	6.635567194271266e-8
0.0	0.0	0.0	0.0	0.0	0.0	0.0	0.0	0.0	0.0	0.0	0.0	0.0	0.0	0.0	6.640622356456115e-8	4.611337929098971e-11	4.6118224112434474e-11	4.6118206825286113e-11	3.548248434643733e-11	6.640153534462898e-8	6.642165903670259e-8	8.155486769934392e-11	0.0
0.0	0.0	0.0	0.0	0.0	0.0	0.0	0.0	0.0	0.0	0.0	0.0	0.0	0.0	0.0	6.109065117036226e-10	3.754639427803212e-11	3.754996283286816e-11	3.7549951401973246e-11	2.7619775018890618e-11	8.173049308220197e-10	6.641317383704489e-8	4.483443506689094e-11	0.0
0.0	0.0	0.0	0.0	0.0	0.0	0.0	0.0	0.0	0.0	0.0	0.0	0.0	0.0	0.0	6.513161621935436e-8	0.0	0.0	0.0	0.0	0.0	0.0	0.0	6.635567194271266e-8
3.9922355457244607e-11	0.0	0.0	0.0	0.0	0.0	0.0	6.684502019179556e-8	0.0	0.0	0.0	0.0	0.0	0.0	0.0	0.0	0.0	0.0	0.0	0.0	0.0	6.683327612631797e-8	3.996501428777603e-11	6.68363667985809e-8
0.0	0.0	0.0	0.0	0.0	0.0	0.0	0.0	0.0	0.0	0.0	0.0	0.0	0.0	0.0	6.640622356456115e-8	4.611337929098971e-11	4.6118224112434474e-11	4.6118206825286113e-11	3.548248434643733e-11	6.640153534462898e-8	6.642165903670259e-8	8.155486769934392e-11	0.0
0.0	0.0	0.0	0.0	0.0	0.0	0.0	0.0	0.0	0.0	0.0	0.0	0.0	0.0	0.0	6.109065117036226e-10	3.754639427803212e-11	3.754996283286816e-11	3.7549951401973246e-11	2.7619775018890618e-11	8.173049308220197e-10	6.641317383704489e-8	4.483443506689094e-11	0.0
0.0	0.0	0.0	0.0	0.0	0.0	1.3646237572057864e-10	6.643470306797112e-8	1.364459278989924e-10	7.440139027903641e-11	6.643760897445715e-8	3.353914032599172e-10	6.646700425674021e-8	4.1143321469336337e-10	2.447793113610319e-10	6.64068030642391e-8	5.107487758589089e-11	4.611822449455221e-11	4.6118206825286113e-11	3.54824843468807e-11	6.640153534714975e-8	6.642165903976546e-8	8.155486769934392e-11	0.0
3.7548021228324755e-11	0.0	0.0	0.0	0.0	0.0	0.0	6.684490687968521e-8	0.0	0.0	0.0	0.0	0.0	0.0	0.0	0.0	0.0	0.0	0.0	0.0	0.0	6.683090395644749e-8	3.758575458959794e-11	6.683632499753206e-8
0.0	0.0	0.0	0.0	0.0	0.0	0.0	6.684503199419001e-8	0.0	0.0	0.0	0.0	0.0	0.0	0.0	6.643716248594855e-8	0.0	0.0	0.0	0.0	6.621584599233391e-8	6.683051609843464e-8	4.3258184347574314e-11	6.683637123889024e-8
0.0	0.0	0.0	0.0	0.0	0.0	0.0	6.684503199419001e-8	0.0	0.0	0.0	0.0	0.0	0.0	0.0	6.643716248594855e-8	0.0	0.0	0.0	0.0	6.621584599233391e-8	6.683051609843464e-8	4.3258184347574314e-11	6.683637123889024e-8
0.0	0.0	0.0	0.0	0.0	0.0	0.0	6.684503199419001e-8	0.0	0.0	0.0	0.0	0.0	0.0	0.0	6.643716248594855e-8	0.0	0.0	0.0	0.0	6.621584599233391e-8	6.683051609843464e-8	4.3258184250866974e-11	6.683637123889024e-8
0.0	0.0	0.0	0.0	0.0	0.0	6.832334128376082e-8	6.894230526463335e-8	6.832144952820978e-8	1.517128799940317e-8	6.859785727403615e-8	6.87364669522012e-8	6.907646315914369e-8	6.914113651267605e-8	6.894739095071026e-8	6.831288218209068e-8	1.8223069537758272e-10	6.384185790629469e-11	6.384182426245043e-11	6.278547507722822e-11	6.831187573771893e-8	6.894967537398472e-8	1.0133722185000393e-7	0.0
6.583778518606733e-8	0.0	0.0	0.0	0.0	0.0	0.0	0.0	0.0	0.0	0.0	0.0	0.0	1.2010559788795544e-9	6.810130503402299e-8	6.831192977735032e-8	1.211880250074023e-10	6.020321285392396e-11	6.020318370857903e-11	5.6175879527371287e-11	6.831173156433585e-8	6.83175988391144e-8	5.321036346622237e-10	0.0
0.0	0.0	0.0	0.0	0.0	0.0	0.0	0.0	0.0	0.0	0.0	0.0	0.0	0.0	0.0	6.583150549601541e-8	0.0	0.0	0.0	0.0	0.0	0.0	0.0	6.640919724964784e-8
0.0	0.0	0.0	0.0	0.0	0.0	6.6411472473887e-8	6.772707556754285e-8	6.638898158761774e-8	6.617862577371395e-8	6.752345334615022e-8	6.82065659045317e-8	6.856856488798738e-8	6.822626180005387e-8	6.772547905683167e-8	6.64315961764096e-8	1.5770161587500348e-10	6.279841562387399e-11	6.279837150081604e-11	6.070777942595271e-11	6.641209743405362e-8	6.661809089774111e-8	1.813380628590952e-9	0.0
0.0	0.0	0.0	0.0	0.0	0.0	0.0	6.684503199419001e-8	0.0	0.0	0.0	0.0	0.0	0.0	0.0	6.643716248594855e-8	0.0	0.0	0.0	0.0	6.621584599233391e-8	6.683051609843464e-8	4.3258184347574314e-11	6.683637123889024e-8
0.0	0.0	0.0	0.0	0.0	0.0	0.0	6.684503199419001e-8	0.0	0.0	0.0	0.0	0.0	0.0	0.0	6.643716248594855e-8	0.0	0.0	0.0	0.0	6.621584599233391e-8	6.683051609843464e-8	4.3258184347574314e-11	6.683637123889024e-8
6.583782404815579e-8	0.0	0.0	0.0	0.0	0.0	0.0	0.0	0.0	0.0	0.0	6.831808111404673e-8	6.894817068618512e-8	6.909155445587267e-8	6.894747839339085e-8	6.831295525735776e-8	1.8662668789294655e-10	6.402996642758055e-11	6.402993250040376e-11	6.313370034277363e-11	6.831188349879045e-8	6.879822725930189e-8	6.772833419267784e-8	0.0
6.512576162543153e-8	0.0	0.0	0.0	0.0	0.0	0.0	0.0	0.0	0.0	0.0	0.0	0.0	0.0	0.0	0.0	0.0	0.0	0.0	0.0	0.0	6.848608549357932e-8	6.880903015099127e-8	6.912478810457514e-8
0.0	0.0	0.0	0.0	0.0	0.0	0.0	6.659401599421204e-8	0.0	0.0	0.0	0.0	0.0	0.0	0.0	6.60888442342248e-8	0.0	0.0	0.0	0.0	0.0	6.658091475325405e-8	4.018090991275259e-11	6.658436139752341e-8
0.0	0.0	0.0	0.0	0.0	0.0	0.0	6.659401599421204e-8	0.0	0.0	0.0	0.0	0.0	0.0	0.0	6.60888442342248e-8	0.0	0.0	0.0	0.0	0.0	0.0	0.0	6.658436139752341e-8
0.0	0.0	0.0	0.0	0.0	0.0	0.0	0.0	0.0	0.0	0.0	0.0	0.0	0.0	0.0	6.641366404970593e-8	6.243444285817008e-11	6.244331749417663e-11	6.244328694474225e-11	6.006277059852228e-11	6.641198700089307e-8	6.656762580006424e-8	1.373350387352608e-9	0.0
0.0	0.0	0.0	0.0	0.0	0.0	0.0	6.659401599421204e-8	0.0	0.0	0.0	0.0	0.0	0.0	0.0	6.60888442342248e-8	0.0	0.0	0.0	0.0	0.0	0.0	0.0	6.658436139752341e-8
0.0	0.0	0.0	0.0	0.0	0.0	6.772768233481057e-8	6.831115315943104e-8	6.772043349402785e-8	6.64339685069724e-8	6.77417358986381e-8	6.820665741606041e-8	6.856860696300056e-8	6.822633903726138e-8	6.772547854901848e-8	6.643159518328042e-8	1.5770165206517437e-10	6.279841562387399e-11	6.279837150081604e-11	6.070777942588653e-11	6.641209743432467e-8	6.661809089776821e-8	1.813380628590952e-9	0.0
0.0	0.0	0.0	0.0	0.0	0.0	0.0	6.659401599421204e-8	0.0	0.0	0.0	0.0	0.0	0.0	0.0	6.60888442342248e-8	0.0	0.0	0.0	0.0	0.0	0.0	0.0	6.658436139752341e-8
0.0	0.0	0.0	0.0	0.0	0.0	0.0	6.659401599421204e-8	0.0	0.0	0.0	0.0	0.0	0.0	0.0	6.60888442342248e-8	0.0	0.0	0.0	0.0	0.0	0.0	0.0	6.658436139752341e-8
0.0	0.0	0.0	0.0	0.0	0.0	0.0	0.0	0.0	0.0	0.0	0.0	0.0	0.0	0.0	6.641366404970593e-8	6.243444285817008e-11	6.244331749417663e-11	6.244328694474225e-11	6.006277059852228e-11	6.641198700089307e-8	6.656762580006424e-8	1.373350387352608e-9	0.0
6.72661984327743e-8	0.0	0.0	0.0	0.0	0.0	0.0	0.0	0.0	0.0	0.0	6.807538675884719e-8	6.882064376915304e-8	6.81009148682045e-8	6.88090587308858e-8	6.807286146896059e-8	1.4058469532659435e-10	6.24027309577557e-11	6.24027099258085e-11	5.304550873126607e-10	6.808152744972181e-8	6.881216922541376e-8	6.88223647896146e-8	6.906854444830419e-8
0.0	0.0	0.0	0.0	0.0	0.0	2.657025371699928e-10	6.808094230949561e-8	2.65687411152294e-10	1.3120332954498228e-10	6.808623215959653e-8	6.712521641995359e-8	6.861599699836435e-8	6.714899112657648e-8	5.08306849963885e-10	6.807080945942445e-8	6.864524033254404e-11	5.189290653016743e-11	5.189288549519606e-11	6.436558911871418e-11	6.807136869898232e-8	6.880948743148566e-8	6.808535374277754e-8	6.881275347517116e-8
0.0	0.0	0.0	0.0	0.0	0.0	0.0	0.0	0.0	0.0	0.0	0.0	0.0	0.0	0.0	6.641366404970593e-8	6.243444285817008e-11	6.244331749417663e-11	6.244328694474225e-11	6.006277059852228e-11	6.641198700089307e-8	6.656762580006424e-8	1.373350387352608e-9	0.0
0.0	0.0	0.0	0.0	0.0	0.0	6.772768233481057e-8	6.831115315943104e-8	6.772043349402785e-8	6.64339685069724e-8	6.77417358986381e-8	6.820665741606041e-8	6.856860696300056e-8	6.822633903726138e-8	6.772547854901848e-8	6.643159518328042e-8	1.5770165206517437e-10	6.279841562387399e-11	6.279837150082927e-11	6.070777942588653e-11	6.641209743432467e-8	6.661809089776821e-8	1.813380628590952e-9	0.0
0.0	0.0	0.0	0.0	0.0	0.0	2.684234435834637e-10	6.773879512968542e-8	2.684084098969619e-10	1.325331402443753e-10	6.774316009726064e-8	6.725317029859302e-8	6.851172239140315e-8	6.727320033653758e-8	3.820756971632956e-10	0.0	0.0	0.0	0.0	0.0	0.0	0.0	0.0	0.0
0.0	0.0	0.0	0.0	0.0	0.0	6.859183625144776e-8	6.892341295703383e-8	6.859209036629216e-8	6.75993843030526e-8	6.859211167343983e-8	6.86301027365754e-8	6.894795951664298e-8	6.863095158455841e-8	6.773776239265205e-8	0.0	0.0	0.0	0.0	0.0	0.0	0.0	0.0	0.0
0.0	0.0	0.0	0.0	0.0	0.0	6.64117801331941e-8	6.772707543383362e-8	6.638868858250917e-8	0.0	0.0	0.0	0.0	0.0	0.0	0.0	0.0	0.0	0.0	0.0	0.0	6.641429220462334e-8	6.289823545733778e-11	6.641023938174027e-8
6.342260888437265e-8	0.0	0.0	0.0	0.0	0.0	0.0	0.0	0.0	0.0	0.0	0.0	0.0	6.867298029249202e-8	6.9129805718978e-8	6.866580584020271e-8	1.6603773965548531e-10	6.403006151625359e-11	6.403008818679324e-11	1.2744929136826876e-9	6.871895898324964e-8	6.913400181579002e-8	6.913568359771458e-8	6.927913523859365e-8
6.342240006231795e-8	0.0	0.0	0.0	0.0	0.0	0.0	0.0	0.0	0.0	0.0	0.0	0.0	1.1776321824994433e-9	6.831995946892668e-8	6.866544480608344e-8	1.2097727263012805e-10	6.020329750543056e-11	6.020327072842946e-11	3.1444408560623974e-10	6.866908163716766e-8	6.91213942864981e-8	6.889532044285196e-8	6.918679802744713e-8
6.661372261052858e-8	9.024268310955994e-11	0.0	0.0	0.0	0.0	0.0	0.0	0.0	0.0	0.0	0.0	0.0	0.0	0.0	0.0	0.0	0.0	0.0	0.0	0.0	6.83104217468199e-8	6.8951084369694e-8	6.915521967492473e-8
0.0	0.0	0.0	0.0	0.0	0.0	4.599745272174109e-11	6.807577777268796e-8	0.0	0.0	0.0	0.0	0.0	0.0	0.0	6.806603750935032e-8	4.596905382649461e-11	4.597330973943527e-11	4.597329337367347e-11	3.1921764925743514e-11	6.806564491470212e-8	6.80691495672165e-8	4.602796580804092e-11	6.807099627550897e-8
0.0	0.0	0.0	0.0	0.0	0.0	0.0	0.0	0.0	0.0	0.0	0.0	0.0	0.0	0.0	6.583150549601541e-8	0.0	0.0	0.0	0.0	0.0	0.0	0.0	6.640919724964784e-8
0.0	0.0	0.0	0.0	0.0	0.0	0.0	6.684503199419001e-8	0.0	0.0	0.0	0.0	0.0	0.0	0.0	6.643716248594855e-8	0.0	0.0	0.0	0.0	6.621584599233391e-8	6.683051609843464e-8	4.3258184347574314e-11	6.683637123889024e-8
0.0	0.0	0.0	0.0	0.0	0.0	0.0	0.0	0.0	0.0	0.0	0.0	0.0	0.0	0.0	6.521586075060011e-8	0.0	0.0	0.0	0.0	0.0	0.0	0.0	6.608280818832125e-8
0.0	0.0	0.0	0.0	0.0	0.0	0.0	0.0	0.0	0.0	0.0	0.0	0.0	0.0	0.0	6.640622356456115e-8	4.611337929098971e-11	4.6118224112434474e-11	4.6118206825286113e-11	3.548248434643733e-11	6.640153534462898e-8	6.642165903670259e-8	8.155486769934392e-11	0.0
0.0	0.0	0.0	0.0	0.0	0.0	0.0	0.0	0.0	0.0	0.0	0.0	0.0	0.0	0.0	6.109065117036226e-10	3.754639427803212e-11	3.754996283286816e-11	3.7549951401973246e-11	2.7619775018890618e-11	8.173049308220197e-10	6.641317383704489e-8	4.483443506689094e-11	0.0
0.0	0.0	0.0	0.0	0.0	0.0	6.831290239905951e-8	6.89396549240879e-8	6.831094962070708e-8	5.618882047460408e-10	6.833127501725141e-8	6.873634710961591e-8	6.907642242597978e-8	6.87380646074504e-8	6.885759393350326e-8	6.831191571821614e-8	1.203226538338447e-10	6.009566095260925e-11	6.009563193077231e-11	5.598881098399276e-11	6.831172707874751e-8	6.831737483864941e-8	5.157802232468611e-10	0.0
0.0	0.0	0.0	0.0	0.0	0.0	0.0	0.0	0.0	0.0	0.0	0.0	0.0	0.0	0.0	6.640622356456115e-8	4.611337929098971e-11	4.6118224112434474e-11	4.6118206825286113e-11	3.548248434643733e-11	6.640153534462898e-8	6.642165903670259e-8	8.155486769934392e-11	0.0
0.0	0.0	0.0	0.0	0.0	0.0	0.0	6.641947511007906e-8	0.0	0.0	0.0	0.0	0.0	0.0	0.0	6.192020291535294e-10	0.0	0.0	0.0	0.0	0.0	0.0	0.0	6.640912873309853e-8
0.0	0.0	0.0	0.0	0.0	0.0	6.863238571672256e-8	6.903360097214523e-8	6.863310890593128e-8	6.644670922970161e-8	6.863415400482097e-8	6.90431916637623e-8	6.920543115670704e-8	6.90404379495406e-8	6.883466555231794e-8	6.831192992248433e-8	1.2119515856927688e-10	6.020321285406954e-11	6.020318370857903e-11	5.6175879527371287e-11	6.831173156443071e-8	6.831759883915505e-8	5.321036346623296e-10	0.0
0.0	0.0	0.0	0.0	0.0	0.0	6.863337239274123e-8	6.894208698569296e-8	6.863413383997516e-8	6.829893068113898e-8	6.880203359360508e-8	6.863026463078221e-8	6.894802839775528e-8	6.863106943790376e-8	6.773800401914084e-8	0.0	0.0	0.0	0.0	0.0	0.0	0.0	0.0	0.0
0.0	0.0	0.0	0.0	0.0	0.0	0.0	0.0	0.0	0.0	0.0	0.0	0.0	0.0	0.0	6.513161621935436e-8	0.0	0.0	0.0	0.0	0.0	0.0	0.0	6.635567194271266e-8
0.0	0.0	0.0	0.0	0.0	0.0	0.0	6.720685864223315e-8	0.0	0.0	0.0	0.0	0.0	0.0	0.0	8.458763672588145e-8	0.0	0.0	0.0	0.0	0.0	0.0	0.0	6.719945883016038e-8
6.583782404815579e-8	0.0	0.0	0.0	0.0	0.0	0.0	0.0	0.0	0.0	0.0	6.831808111404673e-8	6.894817068618512e-8	6.909155445587267e-8	6.894747839339085e-8	6.831295525735776e-8	1.8662668789294655e-10	6.402996642758055e-11	6.402993250040376e-11	6.313370034277363e-11	6.831188349879045e-8	6.879822725930189e-8	6.772833419267784e-8	0.0
0.0	0.0	0.0	0.0	0.0	0.0	6.863238571672256e-8	6.903360097214523e-8	6.863310890593128e-8	6.644670922970161e-8	6.863415400482097e-8	6.90431916637623e-8	6.920543115670704e-8	6.90404379495406e-8	6.883466555231794e-8	6.831192992248433e-8	1.2119515856927688e-10	6.020321285405631e-11	6.020318370857903e-11	5.6175879527371287e-11	6.831173156443071e-8	6.831759883915505e-8	5.321036346623296e-10	0.0
6.583782404815579e-8	0.0	0.0	0.0	0.0	0.0	0.0	0.0	0.0	0.0	0.0	0.0	0.0	6.831660963428903e-8	6.894482026526514e-8	6.831264387124121e-8	1.6706637956621566e-10	6.402996610128757e-11	6.402993250040376e-11	6.313370034277363e-11	6.831188349870913e-8	6.879822725926123e-8	6.772833419255587e-8	0.0
0.0	0.0	0.0	0.0	0.0	0.0	0.0	0.0	0.0	0.0	0.0	0.0	0.0	0.0	0.0	6.513161621935436e-8	0.0	0.0	0.0	0.0	0.0	0.0	0.0	6.635567194271266e-8
0.0	0.0	0.0	0.0	0.0	0.0	0.0	0.0	0.0	0.0	0.0	0.0	0.0	0.0	0.0	6.640622356456115e-8	4.611337929098971e-11	4.6118224112434474e-11	4.6118206825286113e-11	3.548248434643733e-11	6.640153534462898e-8	6.642165903670259e-8	8.155486769934392e-11	0.0
0.0	0.0	0.0	0.0	0.0	0.0	0.0	0.0	0.0	0.0	0.0	0.0	0.0	0.0	0.0	6.109065117036226e-10	3.754639427803212e-11	3.754996283286816e-11	3.7549951401973246e-11	2.7619775018890618e-11	8.173049308220197e-10	6.641317383704489e-8	4.483443506689094e-11	0.0
0.0	0.0	0.0	0.0	0.0	0.0	0.0	0.0	0.0	0.0	0.0	0.0	0.0	0.0	0.0	6.513161621935436e-8	0.0	0.0	0.0	0.0	0.0	0.0	0.0	6.635567194271266e-8
3.9922355457244607e-11	0.0	0.0	0.0	0.0	0.0	0.0	6.684502019179556e-8	0.0	0.0	0.0	0.0	0.0	0.0	0.0	0.0	0.0	0.0	0.0	0.0	0.0	6.683327612631797e-8	3.996501428777603e-11	6.68363667985809e-8
0.0	0.0	0.0	0.0	0.0	0.0	0.0	0.0	0.0	0.0	0.0	0.0	0.0	0.0	0.0	6.640622356456115e-8	4.611337929098971e-11	4.6118224112434474e-11	4.6118206825286113e-11	3.548248434643733e-11	6.640153534462898e-8	6.642165903670259e-8	8.155486769934392e-11	0.0
0.0	0.0	0.0	0.0	0.0	0.0	0.0	0.0	0.0	0.0	0.0	0.0	0.0	0.0	0.0	6.109065117036226e-10	3.754639427803212e-11	3.754996283286816e-11	3.7549951401973246e-11	2.7619775018890618e-11	8.173049308220197e-10	6.641317383704489e-8	4.483443506689094e-11	0.0
0.0	0.0	0.0	0.0	0.0	0.0	1.3646237572057864e-10	6.643470306797112e-8	1.364459278989924e-10	7.440139027903641e-11	6.643760897445715e-8	3.353914032599172e-10	6.646700425674021e-8	4.1143321469336337e-10	2.447793113610319e-10	6.64068030642391e-8	5.107487758589089e-11	4.611822449455221e-11	4.6118206825286113e-11	3.54824843468807e-11	6.640153534714975e-8	6.642165903976546e-8	8.155486769934392e-11	0.0
3.7548021228324755e-11	0.0	0.0	0.0	0.0	0.0	0.0	6.684490687968521e-8	0.0	0.0	0.0	0.0	0.0	0.0	0.0	0.0	0.0	0.0	0.0	0.0	0.0	6.683090395644749e-8	3.758575458959794e-11	6.683632499753206e-8
