 
su_cost	sd_cost	prod_cost	cr⁺	cr⁻	𝜟pd	𝜟pw
9100.0	0.0	477275.2628643539	499.838172535587	4.607799076241889	0.0	28.398300893688912
 
δf
0.3744783821477363	0.5
0.3744783821477363	0.5
0.3744783821477363	0.5
0.3744783821477363	0.5
0.3744783821477363	0.5
0.3744783821477363	0.5
0.3744783821477363	0.5
0.3744783821477363	0.5
0.3744783821477363	0.5
0.3744783821477363	0.5
0.3744783821477363	0.5
0.3744783821477363	0.5
0.3744783821477363	0.5
0.3744783821477363	0.5
0.3744783821477363	0.5
0.3744783821477363	0.5
0.3744783821477363	0.5
0.3744783821477363	0.5
0.3744783821477363	0.5
0.3744783821477363	0.5
0.3744783821477363	0.5
0.3744783821477363	0.5
0.3744783821477363	0.5
0.3744783821477363	0.5
 
list 1: units stutup/down states
1.0	1.0	1.0	1.0	1.0	1.0	1.0	1.0	1.0	1.0	1.0	1.0	1.0	1.0	1.0	1.0	1.0	1.0	1.0	1.0	1.0	1.0	1.0	1.0
1.0	1.0	1.0	1.0	1.0	1.0	1.0	1.0	1.0	1.0	1.0	1.0	1.0	1.0	1.0	1.0	1.0	1.0	1.0	1.0	1.0	1.0	1.0	1.0
0.0	0.0	0.0	0.0	0.0	0.0	0.0	0.0	0.0	0.0	0.0	0.0	0.0	0.0	0.0	0.0	0.0	0.0	0.0	0.0	0.0	0.0	0.0	0.0
 
list 2: units dispatching power in scenario NO.1
0.911392258487171	0.9	0.9	0.9	0.9	0.9125699041162958	0.9140901571146638	1.0949464351408098	0.9146336706036005	0.9922199959959858	1.2996375883908982	1.3429351454468366	1.1336148583014394	1.3673010558713898	1.2265185370332332	0.9246292093389893	0.9	0.9	0.9	0.9	0.912692581629121	0.914623353821217	0.9146533751459701	0.9128822091350834
0.1	0.1	0.1	0.1	0.1	0.1	0.1	0.1	0.1	0.1	0.1	0.1	0.1	0.1	0.1	0.1	0.1	0.1	0.1	0.1	0.1	0.1	0.1	0.1
0.0	0.0	0.0	0.0	0.0	0.0	0.0	0.0	0.0	0.0	0.0	0.0	0.0	0.0	0.0	0.0	0.0	0.0	0.0	0.0	0.0	0.0	0.0	0.0
 
list 3: spolied wind power
0.0	0.2384620983763075	0.0	0.0	0.0	0.0	0.0	0.0	0.0	0.0	0.0	0.0	0.0	0.0	0.0	0.0	0.0	0.0	0.22779123726624767	0.0	0.0	0.0	0.28765395902715485	0.0
0.6505262071709785	0.0	0.0	0.0	0.0	0.014204985067250694	0.0	0.0	0.0017160850051923804	0.0	0.0	0.0	0.0	0.0	0.0	0.0	0.12331834587737667	0.24235356371104708	0.0	0.0	0.7879190981147827	0.14863863869035532	0.0	0.40421874946960834
 
list 4: forced load curtailments
0.0	0.0	0.0	0.0	0.0	0.0	0.0	0.0	0.0	0.0	0.0	0.0	0.0	0.0	0.0	0.0	0.0	0.0	0.0	0.0	0.0	0.0	0.0	0.0
0.0	0.0	0.0	0.0	0.0	0.0	0.0	0.0	0.0	0.0	0.0	0.0	0.0	0.0	0.0	0.0	0.0	0.0	0.0	0.0	0.0	0.0	0.0	0.0
0.0	0.0	0.0	0.0	0.0	0.0	0.0	0.0	0.0	0.0	0.0	0.0	0.0	0.0	0.0	0.0	0.0	0.0	0.0	0.0	0.0	0.0	0.0	0.0
 
list 5: pss charge state
0.0	1.0	1.0	1.0	1.0	0.0	-0.0	0.0	-0.0	0.0	0.0	0.0	-0.0	-0.0	-0.0	-0.0	1.0	1.0	1.0	1.0	-0.0	-0.0	-0.0	0.0
 
list 6: pss discharge state
1.0	0.0	0.0	0.0	0.0	1.0	1.0	1.0	1.0	1.0	1.0	1.0	1.0	1.0	1.0	1.0	0.0	0.0	0.0	0.0	1.0	1.0	1.0	1.0
 
list 7: pss charge power
0.0	0.21582277125355653	0.264362292472909	0.4131006129061514	0.16553785277914757	0.0	0.0	0.0	0.0	0.0	0.0	0.0	0.0	0.0	0.0	0.0	0.04215143836641377	0.01276763029850239	0.0132486849805617	0.5435969522368751	0.0	0.0	0.0	0.0
 
list 8: pss discharge power
0.1	0.0	0.0	0.0	0.0	0.0628186157689921	0.03718138423100789	0.1	0.0	0.1	0.1	0.1	0.1	0.1	0.1	0.1	0.0	0.0	0.0	0.0	0.1	0.1	0.1	0.1
 
list 9: pss strored energy
0.1	0.2834493555655231	0.5081573041674957	0.8592928251377244	1.0	0.9371813842310078	0.9	0.8	0.8	0.7	0.6	0.5	0.4	0.3	0.2	0.1	0.1358287226114517	0.14668120836517873	0.15794259059865617	0.62	0.52	0.42000000000000004	0.32000000000000006	0.22000000000000003
 
list 10: sr⁺
0.09999999999999998	0.2	0.2	0.2	0.9441055991085131	1.037181384231008	1.0457849937220243	0.09999999999999998	1.0542804510795825	0.09999999999999998	0.09999999999999998	0.09999999999999998	0.09999999999999998	0.09999999999999998	0.09999999999999998	0.09999999999999998	1.1	0.9515174191810022	0.9519984738630621	0.9510965631205591	0.8444561462744397	0.8502682673337375	0.8533148099164646	0.844645773774057
0.9	0.9	0.9	0.9	0.15589440089148698	0.0	0.0170336220469679	0.9	0.04571954892041774	0.9	0.9	0.9	0.9	0.9	0.9	0.9	0.0	0.1484825808189979	0.14800152613693796	0.14890343687944096	0.15554385372556034	0.1497317326662625	0.14668519008353542	0.15535422622594297
0.0	0.0	0.0	0.0	0.0	0.0	0.0	0.0	0.0	0.0	0.0	0.0	0.0	0.0	0.0	0.0	0.0	0.0	0.0	0.0	0.0	0.0	0.0	0.0
 
list 11: sr⁻
0.011392258487170952	0.0	0.0	0.0	0.0	0.01256990411629549	0.014090157114663578	0.014922263391214798	0.014633670603600393	0.014464945001001005	0.01687711560290228	0.016839516213638293	0.01679104628542464	0.016597174736032155	0.016803520365741693	0.014827817697665256	0.0	0.0	0.0	0.0	0.012692581629121418	0.014623353821217287	0.01465337514597005	0.01288220913508363
0.0	0.0	0.0	0.0	0.0	0.0	0.0	0.0	0.0	0.0	0.0	0.0	0.0	0.0	0.0	0.0	0.0	0.0	0.0	0.0	0.0	0.0	0.0	0.0
0.0	0.0	0.0	0.0	0.0	0.0	0.0	0.0	0.0	0.0	0.0	0.0	0.0	0.0	0.0	0.0	0.0	0.0	0.0	0.0	0.0	0.0	0.0	0.0
 
list 12: α
0.0	1.0	-0.0	0.0	-0.0	-0.0	-0.0	-0.0	0.0	-0.0	-0.0	-0.0	-0.0	0.0	0.0	0.0	1.0	-0.0	-0.0	-0.0	-0.0	-0.0	-0.0	-0.0
 
list 13: β
0.0	-0.0	-0.0	-0.0	0.0	1.0	-0.0	0.0	-0.0	-0.0	0.0	0.0	0.0	-0.0	-0.0	-0.0	-0.0	-0.0	-0.0	-0.0	1.0	-0.0	-0.0	-0.0
