 
su_cost	sd_cost	prod_cost	cr⁺	cr⁻	𝜟pd	𝜟pw
9100.0	0.0	477286.21790099406	499.7443068937108	4.623922069727277	0.0	28.39808012791311
 
δf
0.4022864380688994	0.5
0.4022864380688994	0.5
0.4022864380688994	0.5
0.4022864380688994	0.5
0.4022864380688994	0.5
0.4022864380688994	0.5
0.4022864380688994	0.5
0.4022864380688994	0.5
0.4022864380688994	0.5
0.4022864380688994	0.5
0.4022864380688994	0.5
0.4022864380688994	0.5
0.4022864380688994	0.5
0.4022864380688994	0.5
0.4022864380688994	0.5
0.4022864380688994	0.5
0.4022864380688994	0.5
0.4022864380688994	0.5
0.4022864380688994	0.5
0.4022864380688994	0.5
0.4022864380688994	0.5
0.4022864380688994	0.5
0.4022864380688994	0.5
0.4022864380688994	0.5
 
list 1: units stutup/down states
1.0	1.0	1.0	1.0	1.0	1.0	1.0	1.0	1.0	1.0	1.0	1.0	1.0	1.0	1.0	1.0	1.0	1.0	1.0	1.0	1.0	1.0	1.0	1.0
1.0	1.0	1.0	1.0	1.0	1.0	1.0	1.0	1.0	1.0	1.0	1.0	1.0	1.0	1.0	1.0	1.0	1.0	1.0	1.0	1.0	1.0	1.0	1.0
0.0	0.0	0.0	0.0	0.0	0.0	0.0	0.0	0.0	0.0	0.0	0.0	0.0	0.0	0.0	0.0	0.0	0.0	0.0	0.0	0.0	0.0	0.0	0.0
 
list 2: units dispatching power in scenario NO.1
0.911392258487171	0.9	0.9	0.9	0.9	0.9125699041162958	0.9140901571146636	1.0949464351408098	0.9146336706036003	0.9922199959959858	1.2996375883908982	1.3429351454468366	1.1336148583014394	1.3673010558713898	1.2265185370332332	0.9246292093389893	0.9	0.9	0.9	0.9	0.912692581629121	0.914623353821217	0.9146533751459703	0.9128822091350834
0.1	0.1	0.1	0.1	0.1	0.1	0.1	0.1	0.1	0.1	0.1	0.1	0.1	0.1	0.1	0.1	0.1	0.1	0.1	0.1	0.1	0.1	0.1	0.1
0.0	0.0	0.0	0.0	0.0	0.0	0.0	0.0	0.0	0.0	0.0	0.0	0.0	0.0	0.0	0.0	0.0	0.0	0.0	0.0	0.0	0.0	0.0	0.0
 
list 3: spolied wind power
0.6505262071709785	0.0	0.0	0.0	0.0	0.0	0.0	0.0	0.015921070072442922	0.0	0.0	0.0	0.0	0.0	0.0	0.0	0.0	0.062212968855855144	0.0	0.5312501779988159	0.0	0.14863863869035532	0.28765395902715507	0.40421874946960834
0.0	0.23846209837630716	0.0	0.0	0.0	0.0	0.0	0.0	0.0	0.0	0.0	0.0	0.0	0.0	0.0	0.0	0.0	0.0	0.0	0.0	0.7879190981147827	0.0	0.0	0.0
 
list 4: forced load curtailments
0.0	0.0	0.0	0.0	0.0	0.0	0.0	0.0	0.0	0.0	0.0	0.0	0.0	0.0	0.0	0.0	0.0	0.0	0.0	0.0	0.0	0.0	0.0	0.0
0.0	0.0	0.0	0.0	0.0	0.0	0.0	0.0	0.0	0.0	0.0	0.0	0.0	0.0	0.0	0.0	0.0	0.0	0.0	0.0	0.0	0.0	0.0	0.0
0.0	0.0	0.0	0.0	0.0	0.0	0.0	0.0	0.0	0.0	0.0	0.0	0.0	0.0	0.0	0.0	0.0	0.0	0.0	0.0	0.0	0.0	0.0	0.0
 
list 5: pss charge state
0.0	1.0	1.0	1.0	1.0	-0.0	-0.0	-0.0	-0.0	-0.0	-0.0	-0.0	0.0	-0.0	-0.0	-0.0	1.0	1.0	1.0	1.0	0.0	0.0	-0.0	-0.0
 
list 6: pss discharge state
1.0	0.0	0.0	0.0	0.0	1.0	1.0	1.0	1.0	1.0	1.0	1.0	1.0	1.0	1.0	1.0	0.0	0.0	0.0	0.0	1.0	1.0	1.0	1.0
 
list 7: pss charge power
0.0	0.21582277125355692	0.264362292472909	0.4131006129061514	0.16553785277914757	0.0	0.0	0.0	0.0	0.0	0.0	0.0	0.0	0.0	0.0	0.0	0.16546978424379044	0.19290822515369427	0.24103992224680904	0.01234677423805922	0.0	0.0	0.0	0.0
 
list 8: pss discharge power
0.1	0.0	0.0	0.0	0.0	0.048613630701741406	0.03718138423100811	0.1	0.014204985067250764	0.1	0.1	0.1	0.1	0.1	0.1	0.1	0.0	0.0	0.0	0.0	0.1	0.1	0.1	0.1
 
list 9: pss strored energy
0.1	0.2834493555655234	0.508157304167496	0.8592928251377248	1.0	0.9513863692982588	0.9142049850672507	0.8142049850672507	0.8	0.7	0.6	0.5	0.4	0.3	0.2	0.1	0.24064931660722189	0.404621307987862	0.6095052418976497	0.62	0.52	0.42000000000000004	0.32000000000000006	0.22000000000000003
 
list 10: sr⁺
0.09999999999999998	0.2	0.2	0.2	0.8843313440387893	0.9637299796459068	0.16281861576899195	0.09999999999999998	0.9714887485949778	0.09999999999999998	0.09999999999999998	0.09999999999999998	0.09999999999999998	0.09999999999999998	0.09999999999999998	0.09999999999999998	0.9920820967569107	0.8911724929687074	0.8916535476507667	0.8907516369082641	0.7846818912047157	0.7901769634952419	0.7929771009277141	0.7848715187048508
0.9	0.9	0.9	0.9	0.21566865596121076	0.08765638965235178	0.9	0.9	0.11430626633777152	0.9	0.9	0.9	0.9	0.9	0.9	0.9	0.10791790324308936	0.20882750703129271	0.20834645234923344	0.209248363091736	0.21531810879528435	0.2098230365047581	0.20702289907228588	0.21512848129514917
0.0	0.0	0.0	0.0	0.0	0.0	0.0	0.0	0.0	0.0	0.0	0.0	0.0	0.0	0.0	0.0	0.0	0.0	0.0	0.0	0.0	0.0	0.0	0.0
 
list 11: sr⁻
0.011392258487170952	0.0	0.0	0.0	0.0	0.01256990411629549	0.01409015711466358	0.014922263391214798	0.014633670603600393	0.014464945001001005	0.01687711560290228	0.016839516213638293	0.01679104628542464	0.016597174736032155	0.016803520365741693	0.014827817697665256	0.0	0.0	0.0	0.0	0.012692581629121418	0.014623353821217287	0.014653375145970298	0.01288220913508363
0.0	0.0	0.0	0.0	0.0	0.0	0.0	0.0	0.0	0.0	0.0	0.0	0.0	0.0	0.0	0.0	0.0	0.0	0.0	0.0	0.0	0.0	0.0	0.0
0.0	0.0	0.0	0.0	0.0	0.0	0.0	0.0	0.0	0.0	0.0	0.0	0.0	0.0	0.0	0.0	0.0	0.0	0.0	0.0	0.0	0.0	0.0	0.0
 
list 12: α
0.0	1.0	-0.0	-0.0	0.0	-0.0	0.0	-0.0	0.0	-0.0	0.0	-0.0	-0.0	0.0	0.0	-0.0	1.0	-0.0	-0.0	0.0	-0.0	-0.0	-0.0	-0.0
 
list 13: β
0.0	-0.0	-0.0	-0.0	-0.0	1.0	-0.0	0.0	-0.0	0.0	-0.0	-0.0	-0.0	-0.0	-0.0	0.0	-0.0	0.0	-0.0	-0.0	1.0	0.0	-0.0	-0.0
