 
su_cost	sd_cost	prod_cost	cr⁺	cr⁻	𝜟pd	𝜟pw
9100.0	0.0	477280.4168411608	499.7715058458241	4.615384400706708	0.0	28.396211204330292
 
δf
1.484650115713527	0.5
1.484650115713527	0.5
1.484650115713527	0.5
1.484650115713527	0.5
1.484650115713527	0.5
1.484650115713527	0.5
1.484650115713527	0.5
1.484650115713527	0.5
1.484650115713527	0.5
1.484650115713527	0.5
1.484650115713527	0.5
1.484650115713527	0.5
1.484650115713527	0.5
1.484650115713527	0.5
1.484650115713527	0.5
1.484650115713527	0.5
1.484650115713527	0.5
1.484650115713527	0.5
1.484650115713527	0.5
1.484650115713527	0.5
1.484650115713527	0.5
1.484650115713527	0.5
1.484650115713527	0.5
1.484650115713527	0.5
 
list 1: units stutup/down states
1.0	1.0	1.0	1.0	1.0	1.0	1.0	1.0	1.0	1.0	1.0	1.0	1.0	1.0	1.0	1.0	1.0	1.0	1.0	1.0	1.0	1.0	1.0	1.0
1.0	1.0	1.0	1.0	1.0	1.0	1.0	1.0	1.0	1.0	1.0	1.0	1.0	1.0	1.0	1.0	1.0	1.0	1.0	1.0	1.0	1.0	1.0	1.0
0.0	0.0	0.0	0.0	0.0	0.0	0.0	0.0	0.0	0.0	0.0	0.0	0.0	0.0	0.0	0.0	0.0	0.0	0.0	0.0	0.0	0.0	0.0	0.0
 
list 2: units dispatching power in scenario NO.1
0.9113922584871702	0.9	0.9	0.9	0.9	0.9125699059676476	0.9140901571146631	1.0949464351408098	0.9146336706036003	0.9922199959959858	1.2996375883908982	1.3429351454468366	1.1336148583014394	1.3673010558713898	1.2265185370332332	0.9246292093389893	0.9	0.9	0.9	0.9	0.9126925816291215	0.9146233538212166	0.9146533751459703	0.9128822091350833
0.1	0.1	0.1	0.1	0.1	0.1	0.1	0.1	0.1	0.1	0.1	0.1	0.1	0.1	0.1	0.1	0.1	0.1	0.1	0.1	0.1	0.1	0.1	0.1
0.0	0.0	0.0	0.0	0.0	0.0	0.0	0.0	0.0	0.0	0.0	0.0	0.0	0.0	0.0	0.0	0.0	0.0	0.0	0.0	0.0	0.0	0.0	0.0
 
list 3: spolied wind power
0.6505262071709778	0.0	-1.7858050074940054e-9	-1.7858047854494005e-9	0.0	0.0	-1.7858060066947276e-9	0.0	0.0	0.0	0.0	0.0	0.0	0.0	0.0	0.0	0.0	0.0	0.22779123726624761	0.0	0.7879190981147831	0.14863863869035498	0.28765395902715507	0.0
0.0	0.23846210393036138	0.0	0.0	-1.7858052295386103e-9	0.0	0.0	0.0	0.015921071923794355	0.0	0.0	0.0	0.0	0.0	0.0	0.0	0.12331834772872807	0.2423535637110471	0.0	-1.7858052295386103e-9	0.0	0.0	0.0	0.40421874946960823
 
list 4: forced load curtailments
0.0	0.0	0.0	0.0	0.0	0.0	0.0	0.0	0.0	0.0	0.0	0.0	0.0	0.0	0.0	0.0	0.0	0.0	0.0	0.0	0.0	0.0	0.0	0.0
0.0	0.0	0.0	0.0	0.0	0.0	0.0	0.0	0.0	0.0	0.0	0.0	0.0	0.0	0.0	0.0	0.0	0.0	0.0	0.0	0.0	0.0	0.0	0.0
0.0	0.0	0.0	0.0	0.0	0.0	0.0	0.0	0.0	0.0	0.0	0.0	0.0	0.0	0.0	0.0	0.0	0.0	0.0	0.0	0.0	0.0	0.0	0.0
 
list 5: pss charge state
0.0	1.0	1.0	1.0	1.0	0.0	-0.0	-0.0	-0.0	-0.0	-0.0	-0.0	-0.0	-0.0	-0.0	-0.0	1.0	1.0	1.0	1.0	-0.0	-0.0	-0.0	-0.0
 
list 6: pss discharge state
1.0	0.0	0.0	0.0	0.0	1.0	1.0	1.0	1.0	1.0	1.0	1.0	1.0	1.0	1.0	1.0	0.0	0.0	0.0	0.0	1.0	1.0	1.0	1.0
 
list 7: pss charge power
0.0	0.2158227656995026	0.26436229432426034	0.4131006147575026	0.16553785463049908	0.0	0.0	0.0	0.0	0.0	0.0	0.0	0.0	0.0	0.0	0.0	0.04215143651506236	0.01276763029850239	0.0132486849805617	0.5435969540882265	0.0	0.0	0.0	0.0
 
list 8: pss discharge power
0.1	0.0	0.0	0.0	0.0	0.04861363070174146	0.0371813823796564	0.1	0.01420498691860217	0.1	0.1	0.1	0.1	0.1	0.1	0.1	0.0	0.0	0.0	0.0	0.1	0.1	0.1	0.1
 
list 9: pss strored energy
0.1	0.28344935084457723	0.5081573010201985	0.8592928235640757	1.0	0.9513863692982585	0.9142049869186021	0.8142049869186021	0.8	0.7	0.6	0.5	0.4	0.3	0.2	0.1	0.135828721037803	0.14668120679153002	0.15794258902500746	0.62	0.52	0.42000000000000004	0.32000000000000006	0.22000000000000003
 
list 10: sr⁺
0.09999999999999998	0.2	0.2	0.2	0.2	0.15138636929825855	0.16281861762034366	0.09999999999999998	0.1857950130813978	0.09999999999999998	0.09999999999999998	0.09999999999999998	0.09999999999999998	0.09999999999999998	0.09999999999999998	0.09999999999999998	0.2	0.2	0.2	0.2	0.09999999999999998	0.09999999999999998	0.09999999999999998	0.09999999999999998
0.9	0.9	0.9	0.9	0.9	0.9	0.9	0.9	0.9	0.9	0.9	0.9	0.9	0.9	0.9	0.9	0.9	0.9	0.9	0.9	0.9	0.9	0.9	0.9
0.0	0.0	0.0	0.0	0.0	0.0	0.0	0.0	0.0	0.0	0.0	0.0	0.0	0.0	0.0	0.0	0.0	0.0	0.0	0.0	0.0	0.0	0.0	0.0
 
list 11: sr⁻
0.011392258487170952	0.0	0.0	0.0	0.0	0.01256990411629549	0.014090157114663578	0.014922263391214798	0.014633670603600324	0.014464945001001005	0.01687711560290228	0.016839516213638293	0.01679104628542464	0.016597174736032155	0.016803520365741693	0.014827817697665256	0.0	0.0	0.0	0.0	0.012692581629121418	0.014623353821217287	0.014653375145970298	0.01288220913508363
0.0	0.0	0.0	0.0	0.0	0.0	0.0	0.0	0.0	0.0	0.0	0.0	0.0	0.0	0.0	0.0	0.0	0.0	0.0	0.0	0.0	0.0	0.0	0.0
0.0	0.0	0.0	0.0	0.0	0.0	0.0	0.0	0.0	0.0	0.0	0.0	0.0	0.0	0.0	0.0	0.0	0.0	0.0	0.0	0.0	0.0	0.0	0.0
 
list 12: α
0.0	1.0	0.0	-0.0	0.0	-0.0	0.0	-0.0	0.0	-0.0	-0.0	-0.0	-0.0	0.0	0.0	0.0	1.0	-0.0	-0.0	-0.0	-0.0	-0.0	-0.0	-0.0
 
list 13: β
0.0	-0.0	-0.0	-0.0	-0.0	1.0	-0.0	0.0	-0.0	0.0	0.0	0.0	-0.0	-0.0	-0.0	-0.0	-0.0	0.0	-0.0	0.0	1.0	0.0	-0.0	0.0
