 
su_cost	sd_cost	prod_cost	cr⁺	cr⁻	𝜟pd	𝜟pw
9100.0	0.0	477286.21784578694	499.7443068937108	4.623922066448937	0.0	28.39808010013063
 
δf
-0.771097642163573	0.5
-0.771097642163573	0.5
-0.771097642163573	0.5
-0.771097642163573	0.5
-0.771097642163573	0.5
-0.771097642163573	0.5
-0.771097642163573	0.5
-0.771097642163573	0.5
-0.771097642163573	0.5
-0.771097642163573	0.5
-0.771097642163573	0.5
-0.771097642163573	0.5
-0.771097642163573	0.5
-0.771097642163573	0.5
-0.771097642163573	0.5
-0.771097642163573	0.5
-0.771097642163573	0.5
-0.771097642163573	0.5
-0.771097642163573	0.5
-0.771097642163573	0.5
-0.771097642163573	0.5
-0.771097642163573	0.5
-0.771097642163573	0.5
-0.771097642163573	0.5
 
list 1: units stutup/down states
1.0	1.0	1.0	1.0	1.0	1.0	1.0	1.0	1.0	1.0	1.0	1.0	1.0	1.0	1.0	1.0	1.0	1.0	1.0	1.0	1.0	1.0	1.0	1.0
1.0	1.0	1.0	1.0	1.0	1.0	1.0	1.0	1.0	1.0	1.0	1.0	1.0	1.0	1.0	1.0	1.0	1.0	1.0	1.0	1.0	1.0	1.0	1.0
0.0	0.0	0.0	0.0	0.0	0.0	0.0	0.0	0.0	0.0	0.0	0.0	0.0	0.0	0.0	0.0	0.0	0.0	0.0	0.0	0.0	0.0	0.0	0.0
 
list 2: units dispatching power in scenario NO.1
0.911392258487171	0.9	0.9	0.9	0.9	0.9125699041162956	0.9140901571146635	1.0949464351408098	0.9146336706036005	0.9922199959959858	1.2996375883908982	1.3429351454468366	1.1336148583014394	1.3673010558713898	1.2265185370332332	0.9246292093389893	0.9	0.9	0.9	0.9	0.912692581629121	0.9146233538212173	0.9146533751459698	0.9128822091350834
0.1	0.1	0.1	0.1	0.1	0.1	0.1	0.1	0.1	0.1	0.1	0.1	0.1	0.1	0.1	0.1	0.1	0.1	0.1	0.1	0.1	0.1	0.1	0.1
0.0	0.0	0.0	0.0	0.0	0.0	0.0	0.0	0.0	0.0	0.0	0.0	0.0	0.0	0.0	0.0	0.0	0.0	0.0	0.0	0.0	0.0	0.0	0.0
 
list 3: spolied wind power
0.0	0.0	0.0	0.0	0.0	0.0	0.0	0.0	0.0	0.0	0.0	0.0	0.0	0.0	0.0	0.0	0.0	0.0	0.0	0.0	0.7879190981147827	0.0	0.0	0.40421874946960834
0.6505262071709785	0.23846209837630727	0.0	0.0	0.0	0.0	0.0	0.0	0.01592107007244259	0.0	0.0	0.0	0.0	0.0	0.0	0.0	0.06221296885585481	0.0	0.0	0.5312501779988159	0.0	0.14863863869035565	0.2876539590271545	0.0
 
list 4: forced load curtailments
0.0	0.0	0.0	0.0	0.0	0.0	0.0	0.0	0.0	0.0	0.0	0.0	0.0	0.0	0.0	0.0	0.0	0.0	0.0	0.0	0.0	0.0	0.0	0.0
0.0	0.0	0.0	0.0	0.0	0.0	0.0	0.0	0.0	0.0	0.0	0.0	0.0	0.0	0.0	0.0	0.0	0.0	0.0	0.0	0.0	0.0	0.0	0.0
0.0	0.0	0.0	0.0	0.0	0.0	0.0	0.0	0.0	0.0	0.0	0.0	0.0	0.0	0.0	0.0	0.0	0.0	0.0	0.0	0.0	0.0	0.0	0.0
 
list 5: pss charge state
0.0	1.0	1.0	1.0	1.0	0.0	-0.0	0.0	-0.0	0.0	0.0	0.0	0.0	-0.0	0.0	-0.0	1.0	1.0	1.0	1.0	-0.0	0.0	0.0	0.0
 
list 6: pss discharge state
1.0	0.0	0.0	0.0	0.0	1.0	1.0	1.0	1.0	1.0	1.0	1.0	1.0	1.0	1.0	1.0	0.0	0.0	0.0	0.0	1.0	1.0	1.0	1.0
 
list 7: pss charge power
0.0	0.21582277125355673	0.264362292472909	0.4131006129061514	0.16553785277914757	0.0	0.0	0.0	0.0	0.0	0.0	0.0	0.0	0.0	0.0	0.0	0.1032568153879356	0.25512119400954913	0.24103992224680904	0.01234677423805922	0.0	0.0	0.0	0.0
 
list 8: pss discharge power
0.1	0.0	0.0	0.0	0.0	0.04861363070174152	0.037181384231008335	0.1	0.014204985067250209	0.1	0.1	0.1	0.1	0.1	0.1	0.1	0.0	0.0	0.0	0.0	0.1	0.1	0.1	0.1
 
list 9: pss strored energy
0.1	0.2834493555655232	0.5081573041674958	0.8592928251377245	1.0	0.9513863692982585	0.9142049850672501	0.8142049850672501	0.8	0.7	0.6	0.5	0.4	0.3	0.2	0.1	0.18776829307974527	0.404621307987862	0.6095052418976497	0.62	0.52	0.42000000000000004	0.32000000000000006	0.22000000000000003
 
list 10: sr⁺
0.09999999999999998	0.2	0.2	0.2	0.8641701482438359	0.9427801861088073	0.9254486793881083	0.09999999999999998	0.9856104210802327	0.09999999999999998	0.09999999999999998	0.09999999999999998	0.09999999999999998	0.09999999999999998	0.09999999999999998	0.09999999999999998	1.035758288569708	0.8708188161026563	0.8712998707847156	0.8703979600422137	0.7645206954097626	0.7699088306536236	0.7727045609443638	0.7647103229100723
0.9	0.9	0.9	0.9	0.23582985175616422	0.10860618318945126	0.13736993638088346	0.9	0.1001845938525171	0.9	0.9	0.9	0.9	0.9	0.9	0.9	0.06424171143029211	0.22918118389734377	0.2287001292152845	0.22960203995778639	0.23547930459023736	0.2300911693463764	0.2272954390556362	0.23528967708992765
0.0	0.0	0.0	0.0	0.0	0.0	0.0	0.0	0.0	0.0	0.0	0.0	0.0	0.0	0.0	0.0	0.0	0.0	0.0	0.0	0.0	0.0	0.0	0.0
 
list 11: sr⁻
0.011392258487170952	0.0	0.0	0.0	0.0	0.01256990411629549	0.014090157114663437	0.014922263391214798	0.014633670603600395	0.014464945001001005	0.01687711560290228	0.016839516213638293	0.01679104628542464	0.016597174736032155	0.016803520365741693	0.014827817697665256	0.0	0.0	0.0	0.0	0.012692581629121418	0.014623353821217287	0.014653375145970298	0.01288220913508363
0.0	0.0	0.0	0.0	0.0	0.0	0.0	0.0	0.0	0.0	0.0	0.0	0.0	0.0	0.0	0.0	0.0	0.0	0.0	0.0	0.0	0.0	0.0	0.0
0.0	0.0	0.0	0.0	0.0	0.0	0.0	0.0	0.0	0.0	0.0	0.0	0.0	0.0	0.0	0.0	0.0	0.0	0.0	0.0	0.0	0.0	0.0	0.0
 
list 12: α
0.0	1.0	-0.0	0.0	-0.0	-0.0	0.0	-0.0	-0.0	-0.0	-0.0	-0.0	-0.0	-0.0	0.0	-0.0	1.0	-0.0	-0.0	0.0	-0.0	-0.0	-0.0	-0.0
 
list 13: β
0.0	-0.0	-0.0	-0.0	0.0	1.0	-0.0	0.0	-0.0	0.0	-0.0	-0.0	-0.0	0.0	-0.0	-0.0	-0.0	-0.0	-0.0	-0.0	1.0	-0.0	-0.0	-0.0
