 
su_cost	sd_cost	prod_cost	cr⁺	cr⁻	𝜟pd	𝜟pw
11700.0	0.0	543004.0828124031	498.1423734743307	4.461637388546302	0.0	45.68270470003007
 
δf
-0.11602712622631317	0.5
-0.11602712622631317	0.5
-0.11602712622631317	0.5
-0.11602712622631317	0.5
-0.11602712622631317	0.5
-0.11602712622631317	0.5
-0.11602712622631317	0.5
-0.11602712622631317	0.5
-0.11602712622631317	0.5
-0.11602712622631317	0.5
-0.11602712622631317	0.5
-0.11602712622631317	0.5
-0.11602712622631317	0.5
-0.11602712622631317	0.5
-0.11602712622631317	0.5
-0.11602712622631317	0.5
-0.11602712622631317	0.5
-0.11602712622631317	0.5
-0.11602712622631317	0.5
-0.11602712622631317	0.5
-0.11602712622631317	0.5
-0.11602712622631317	0.5
-0.11602712622631317	0.5
-0.11602712622631317	0.5
 
list 1: units stutup/down states
1.0	1.0	1.0	1.0	1.0	1.0	1.0	1.0	1.0	1.0	1.0	1.0	1.0	1.0	1.0	1.0	1.0	1.0	1.0	1.0	1.0	1.0	1.0	1.0
1.0	1.0	1.0	1.0	1.0	1.0	1.0	1.0	1.0	1.0	1.0	1.0	1.0	1.0	1.0	1.0	1.0	1.0	1.0	1.0	1.0	1.0	1.0	1.0
1.0	1.0	1.0	1.0	1.0	1.0	1.0	1.0	1.0	1.0	1.0	1.0	1.0	1.0	1.0	1.0	1.0	1.0	1.0	1.0	1.0	1.0	1.0	1.0
 
list 2: units dispatching power in scenario NO.1
0.911392258487171	0.9	0.9	0.9	0.9	0.9	0.9	0.9949464351408098	0.9146336706036005	0.9144649450010011	1.199637588390898	1.2429351454468365	1.0336148583014393	1.2673010558713897	1.1265185370332331	0.9148278176976653	0.9	0.9	0.9	0.9123467742380589	0.9126925816291214	0.9146233538212167	0.9146533751459696	0.912882209135083
0.1	0.1	0.1	0.1	0.1	0.1	0.1	0.1	0.1	0.1	0.1	0.1	0.1	0.1	0.1	0.1	0.1	0.1	0.1	0.1	0.1	0.1	0.1	0.1
0.1	0.1	0.1	0.1	0.1	0.1	0.1	0.1	0.1	0.1	0.1	0.1	0.1	0.1	0.1	0.1	0.1	0.1	0.1	0.1	0.1	0.1	0.1	0.1
 
list 3: spolied wind power
0.0	0.5420654234124566	0.0	0.0	0.0	0.0	0.0	0.0	0.0	0.0	0.0	0.0	0.0	0.0	0.0	0.0	0.0	0.0	0.0	0.0	0.0	0.0	0.38765395902715427	0.0
0.7505262071709785	0.0	0.0	0.183941598800142	0.0	0.0	0.0	0.0	0.20171608500519236	0.022244949005015308	0.0	0.0	0.0	0.0	0.0	0.09019860835867602	0.0	0.232219135794267	0.0	0.7559437264749339	0.8879190981147831	0.24863863869035496	0.0	0.5042187494696079
 
list 4: forced load curtailments
0.0	0.0	0.0	0.0	0.0	0.0	0.0	0.0	0.0	0.0	0.0	0.0	0.0	0.0	0.0	0.0	0.0	0.0	0.0	0.0	0.0	0.0	0.0	0.0
0.0	0.0	0.0	0.0	0.0	0.0	0.0	0.0	0.0	0.0	0.0	0.0	0.0	0.0	0.0	0.0	0.0	0.0	0.0	0.0	0.0	0.0	0.0	0.0
0.0	0.0	0.0	0.0	0.0	0.0	0.0	0.0	0.0	0.0	0.0	0.0	0.0	0.0	0.0	0.0	0.0	0.0	0.0	0.0	0.0	0.0	0.0	0.0
 
list 5: pss charge state
0.0	1.0	1.0	1.0	1.0	1.0	1.0	0.0	-0.0	0.0	0.0	0.0	0.0	0.0	0.0	0.0	1.0	1.0	1.0	-0.0	-0.0	-0.0	0.0	0.0
 
list 6: pss discharge state
1.0	0.0	0.0	0.0	0.0	0.0	0.0	1.0	1.0	1.0	1.0	1.0	1.0	1.0	1.0	1.0	0.0	0.0	0.0	1.0	1.0	1.0	1.0	1.0
 
list 7: pss charge power
0.0	0.012219446217407469	0.36436229247290897	0.3291590141060094	0.26553785277914754	0.03881646518196302	0.04872845865432829	0.0	0.0	0.0	0.0	0.0	0.0	0.0	0.0	0.0	0.2654697842437904	0.12290205821528243	0.34103992224680935	0.0	0.0	0.0	0.0	0.0
 
list 8: pss discharge power
0.1	0.0	0.0	0.0	0.0	0.0	0.0	0.1	0.1	0.1	0.1	0.1	0.1	0.1	0.1	0.1	0.0	0.0	0.0	0.1	0.1	0.1	0.1	0.1
 
list 9: pss strored energy
0.1	0.11038652928479635	0.4200944778867689	0.699879639876877	0.9255868147391524	0.9585808101438209	1.0	0.9	0.8	0.7	0.6	0.5	0.4	0.3	0.2	0.1	0.32564931660722196	0.430116066090212	0.72	0.62	0.52	0.42000000000000004	0.32000000000000006	0.22000000000000003
 
list 10: sr⁺
0.0	0.09999999999999998	0.09999999999999998	0.09999999999999998	0.9694945809847456	0.9864740353100575	0.987994288308426	0.0	0.9	0.0	0.0	0.0	0.0	0.0	0.0	0.8831793472437268	0.9700149104564734	0.9693411733089151	0.9698222279909742	0.8617939682211451	0.8621397756122073	0.870052178771481	0.8641005691184294	0.8783451121896366
0.9	0.9	0.9	0.9	0.030505419015254387	0.013525964689942493	0.01200571169157405	0.9	0.0	0.9	0.9	0.9	0.9	0.9	0.9	0.016820652756273202	0.029985089543526633	0.030658826691084884	0.030177772009025827	0.038206031778854954	0.037860224387792685	0.029947821228519023	0.03589943088157066	0.0216548878103634
0.1	0.1	0.1	0.1	0.1	0.1	0.1	0.1	0.1	0.1	0.1	0.1	0.1	0.1	0.1	0.1	0.1	0.1	0.1	0.1	0.1	0.1	0.1	0.1
 
list 11: sr⁻
0.011392258487170952	0.0	0.0	0.0	0.0	0.0	0.0	0.014922263391214798	0.014633670603600393	0.014464945001001005	0.01687711560290228	0.016839516213638293	0.01679104628542464	0.016597174736032155	0.016803520365741693	0.014827817697665256	0.0	0.0	0.0	0.01234677423805922	0.012692581629121418	0.014623353821216711	0.014653375145970298	0.01288220913508363
0.0	0.0	0.0	0.0	0.0	0.0	0.0	0.0	0.0	0.0	0.0	0.0	0.0	0.0	0.0	0.0	0.0	0.0	0.0	0.0	0.0	0.0	0.0	0.0
0.0	0.0	0.0	0.0	0.0	0.0	0.0	0.0	0.0	0.0	0.0	0.0	0.0	0.0	0.0	0.0	0.0	0.0	0.0	0.0	0.0	0.0	0.0	0.0
 
list 12: α
0.0	1.0	-0.0	0.0	-0.0	0.0	-0.0	-0.0	0.0	-0.0	-0.0	-0.0	-0.0	-0.0	-0.0	0.0	1.0	-0.0	-0.0	-0.0	0.0	-0.0	-0.0	-0.0
 
list 13: β
0.0	-0.0	-0.0	-0.0	-0.0	-0.0	-0.0	1.0	-0.0	0.0	-0.0	-0.0	-0.0	-0.0	-0.0	-0.0	-0.0	0.0	-0.0	1.0	-0.0	-0.0	-0.0	-0.0
