 
su_cost	sd_cost	prod_cost	cr⁺	cr⁻	𝜟pd	𝜟pw
11700.0	6100.0	420733.9888376995	502.2953474347031	4.735228667734938	0.0	17.379588297488304
 
δf
2.5014637199759777	0.5
2.5014637199759777	0.5
2.5014637199759777	0.5
2.5014637199759777	0.5
2.5014637199759777	0.5
2.5014637199759777	0.5
1.270095792741159	0.5
1.270095792741159	0.5
1.270095792741159	0.5
1.270095792741159	0.5
1.270095792741159	0.5
1.270095792741159	0.5
1.270095792741159	0.5
1.270095792741159	0.5
1.270095792741159	0.5
1.270095792741159	0.5
2.5014637199759777	0.5
2.5014637199759777	0.5
2.5014637199759777	0.5
2.5014637199759777	0.5
2.5014637199759777	0.5
2.2561030340779444	0.5
2.2561030340779444	0.5
2.5014637199759777	0.5
 
list 1: units stutup/down states
1.0	1.0	1.0	1.0	1.0	1.0	1.0	1.0	1.0	1.0	1.0	1.0	1.0	1.0	1.0	1.0	1.0	1.0	1.0	1.0	1.0	1.0	1.0	1.0
0.0	0.0	0.0	0.0	0.0	0.0	1.0	1.0	1.0	1.0	1.0	1.0	1.0	1.0	1.0	1.0	0.0	0.0	0.0	0.0	0.0	0.0	0.0	0.0
0.0	0.0	0.0	0.0	0.0	0.0	0.0	0.0	0.0	0.0	0.0	0.0	0.0	0.0	0.0	0.0	0.0	0.0	0.0	0.0	0.0	1.0	1.0	0.0
 
list 2: units dispatching power in scenario NO.1
0.9	0.9	0.9	0.9	0.9	0.961183534818037	0.9140901571146636	1.09494643514081	0.9146336706036005	1.0294013802269937	1.2996375883908982	1.3429351454468366	1.1336148583014394	1.3673010558713898	1.2265185370332332	0.9246292093389875	0.9	0.9	0.9	0.9	0.9126925816291215	0.914623353821217	0.9146533751459699	0.9128822091350837
0.0	0.0	0.0	0.0	0.0	0.0	0.1	0.1	0.1	0.1	0.1	0.1	0.1	0.1	0.1	0.1	0.0	0.0	0.0	0.0	0.0	0.0	0.0	0.0
0.0	0.0	0.0	0.0	0.0	0.0	0.0	0.0	0.0	0.0	0.0	0.0	0.0	0.0	0.0	0.0	0.0	0.0	0.0	0.0	0.0	0.1	0.1	0.0
 
list 3: spolied wind power
0.39524310588364453	0.0	0.0	0.0	0.0	0.0	0.0	0.0	0.0017160850051922698	0.0	0.0	0.0	0.0	0.0	0.0	0.0	0.0	0.0	0.0	0.19346314685467147	0.0	0.0	0.0	0.0
0.0	0.0	0.0	0.0	0.0	0.0	0.0	0.0	0.0	0.0	0.0	0.0	0.0	0.0	0.0	0.0	0.0	0.0	0.0	0.0	0.6879190981147831	0.14863863869035532	0.2876539590271546	0.3042187494696086
 
list 4: forced load curtailments
0.0	0.0	0.0	0.0	0.0	0.0	0.0	0.0	0.0	0.0	0.0	0.0	0.0	0.0	0.0	0.0	0.0	0.0	0.0	0.0	0.0	0.0	0.0	0.0
0.0	0.0	0.0	0.0	0.0	0.0	0.0	0.0	0.0	0.0	0.0	0.0	0.0	0.0	0.0	0.0	0.0	0.0	0.0	0.0	0.0	0.0	0.0	0.0
0.0	0.0	0.0	0.0	0.0	0.0	0.0	0.0	0.0	0.0	0.0	0.0	0.0	0.0	0.0	0.0	0.0	0.0	0.0	0.0	0.0	0.0	0.0	0.0
 
list 5: pss charge state
1.0	1.0	1.0	1.0	1.0	0.0	0.0	0.0	-0.0	0.0	0.0	0.0	0.0	0.0	0.0	-0.0	1.0	1.0	1.0	1.0	0.0	-0.0	-0.0	-0.0
 
list 6: pss discharge state
0.0	0.0	0.0	0.0	0.0	1.0	1.0	1.0	1.0	1.0	1.0	1.0	1.0	1.0	1.0	1.0	0.0	0.0	0.0	0.0	1.0	1.0	1.0	1.0
 
list 7: pss charge power
0.04389084280016308	0.35428486962986405	0.16436229247290898	0.31310061290615143	0.06553785277914759	0.0	0.0	0.0	0.0	0.0	0.0	0.0	0.0	0.0	0.0	0.0	0.06546978424379046	0.15512119400954946	0.1410399222468094	0.25013380538220364	0.0	0.0	0.0	0.0
 
list 8: pss discharge power
0.0	0.0	0.0	0.0	0.0	0.1	0.037181384231008086	0.1	0.0	0.06281861576899203	0.1	0.1	0.1	0.1	0.1	0.1	0.0	0.0	0.0	0.0	0.1	0.1	0.1	0.1
 
list 9: pss strored energy
0.23730721638013863	0.5384493555655231	0.6781573041674958	0.9442928251377245	1.0	0.9	0.862818615768992	0.762818615768992	0.762818615768992	0.7	0.6	0.5	0.4	0.3	0.2	0.1	0.1556493166072219	0.28750233151533894	0.4073862654251269	0.62	0.52	0.42000000000000004	0.32	0.22000000000000003
 
list 10: sr⁺
1.1	1.1	1.1	1.1	1.1	1.0	0.7418646384240106	0.9805285593126742	0.8874707188411299	1.000373410754723	0.09999999999999998	0.09999999999999998	0.09999999999999998	0.09999999999999998	0.09999999999999998	0.10370062922741607	1.1	1.1	1.1	1.1	1.0	1.0	0.9	1.0
0.0	0.0	0.0	0.0	0.0	0.0	0.3209539773449813	0.01947144068732574	0.21252928115887015	0.03680797347628495	0.9	0.9	0.9	0.9	0.9	0.8962993707725839	0.0	0.0	0.0	0.0	0.0	0.0	0.0	0.0
0.0	0.0	0.0	0.0	0.0	0.0	0.0	0.0	0.0	0.0	0.0	0.0	0.0	0.0	0.0	0.0	0.0	0.0	0.0	0.0	0.0	0.0	0.1	0.0
 
list 11: sr⁻
0.0	0.0	0.0	0.0	0.0	0.01256990411629549	0.01409015711466358	0.014922263391214798	0.014633670603600366	0.014464945001001005	0.01687711560290228	0.016839516213638293	0.01679104628542464	0.016597174736032155	0.016803520365741693	0.014827817697665256	0.0	0.0	0.0	0.0	0.012692581629121418	0.014623353821217287	0.014653375145970298	0.01288220913508363
0.0	0.0	0.0	0.0	0.0	0.0	0.0	0.0	0.0	0.0	0.0	0.0	0.0	0.0	0.0	0.0	0.0	0.0	0.0	0.0	0.0	0.0	0.0	0.0
0.0	0.0	0.0	0.0	0.0	0.0	0.0	0.0	0.0	0.0	0.0	0.0	0.0	0.0	0.0	0.0	0.0	0.0	0.0	0.0	0.0	0.0	0.0	0.0
 
list 12: α
1.0	0.0	-0.0	-0.0	-0.0	-0.0	-0.0	-0.0	-0.0	-0.0	-0.0	-0.0	-0.0	-0.0	-0.0	-0.0	1.0	-0.0	-0.0	-0.0	-0.0	-0.0	-0.0	-0.0
 
list 13: β
0.0	-0.0	0.0	-0.0	-0.0	1.0	-0.0	-0.0	-0.0	0.0	-0.0	-0.0	-0.0	-0.0	-0.0	-0.0	-0.0	-0.0	0.0	-0.0	1.0	0.0	0.0	-0.0
