 
su_cost	sd_cost	prod_cost	cr⁺	cr⁻	𝜟pd	𝜟pw
9100.0	0.0	477280.41684116336	499.7715058447826	4.6153844007216165	0.0	28.396211204216108
 
δf
0.25515926023614466	0.5
0.25515926023614466	0.5
0.25515926023614466	0.5
0.25515926023614466	0.5
0.25515926023614466	0.5
0.25515926023614466	0.5
0.25515926023614466	0.5
0.25515926023614466	0.5
0.25515926023614466	0.5
0.25515926023614466	0.5
0.25515926023614466	0.5
0.25515926023614466	0.5
0.25515926023614466	0.5
0.25515926023614466	0.5
0.25515926023614466	0.5
0.25515926023614466	0.5
0.25515926023614466	0.5
0.25515926023614466	0.5
0.25515926023614466	0.5
0.25515926023614466	0.5
0.25515926023614466	0.5
0.25515926023614466	0.5
0.25515926023614466	0.5
0.25515926023614466	0.5
 
list 1: units stutup/down states
1.0	1.0	1.0	1.0	1.0	1.0	1.0	1.0	1.0	1.0	1.0	1.0	1.0	1.0	1.0	1.0	1.0	1.0	1.0	1.0	1.0	1.0	1.0	1.0
1.0	1.0	1.0	1.0	1.0	1.0	1.0	1.0	1.0	1.0	1.0	1.0	1.0	1.0	1.0	1.0	1.0	1.0	1.0	1.0	1.0	1.0	1.0	1.0
0.0	0.0	0.0	0.0	0.0	0.0	0.0	0.0	0.0	0.0	0.0	0.0	0.0	0.0	0.0	0.0	0.0	0.0	0.0	0.0	0.0	0.0	0.0	0.0
 
list 2: units dispatching power in scenario NO.1
0.9113922584871702	0.9	0.9	0.9	0.9	0.9125699041162957	0.9140901571146635	1.0949464351408098	0.9146336706036005	0.9922199959959858	1.2996375883908982	1.3429351454468366	1.1336148583014394	1.3673010558713898	1.2265185370332332	0.9246292093389894	0.9	0.9	0.9	0.9	0.9126925816291215	0.9146233538212171	0.9146533751459697	0.9128822091350837
0.1	0.1	0.1	0.1	0.1	0.1	0.1	0.1	0.1	0.1	0.1	0.1	0.1	0.1	0.1	0.1	0.1	0.1	0.1	0.1	0.1	0.1	0.1	0.1
0.0	0.0	0.0	0.0	0.0	0.0	0.0	0.0	0.0	0.0	0.0	0.0	0.0	0.0	0.0	0.0	0.0	0.0	0.0	0.0	0.0	0.0	0.0	0.0
 
list 3: spolied wind power
0.6505262071709778	0.0	0.0	0.0	-1.78452000822513e-9	0.0	0.0	0.0	0.01592107192379455	0.0	0.0	0.0	0.0	0.0	0.0	0.0	0.0	0.0	-1.7845193420913152e-9	0.5312501779988159	0.0	0.0	0.0	0.0
0.0	0.23846210393036094	-1.784519786180525e-9	-1.78451956413592e-9	0.0	0.0	-1.7845204523143398e-9	0.0	0.0	0.0	0.0	0.0	0.0	0.0	0.0	0.0	-1.78451956413592e-9	0.0622129725585574	0.0	0.0	0.7879190981147831	0.14863863869035543	0.2876539590271544	0.40421874946960856
 
list 4: forced load curtailments
0.0	0.0	0.0	0.0	0.0	0.0	0.0	0.0	0.0	0.0	0.0	0.0	0.0	0.0	0.0	0.0	0.0	0.0	0.0	0.0	0.0	0.0	0.0	0.0
0.0	0.0	0.0	0.0	0.0	0.0	0.0	0.0	0.0	0.0	0.0	0.0	0.0	0.0	0.0	0.0	0.0	0.0	0.0	0.0	0.0	0.0	0.0	0.0
0.0	0.0	0.0	0.0	0.0	0.0	0.0	0.0	0.0	0.0	0.0	0.0	0.0	0.0	0.0	0.0	0.0	0.0	0.0	0.0	0.0	0.0	0.0	0.0
 
list 5: pss charge state
-0.0	1.0	1.0	1.0	1.0	0.0	-0.0	-0.0	-0.0	-0.0	0.0	0.0	0.0	-0.0	-0.0	-0.0	1.0	1.0	1.0	1.0	0.0	0.0	-0.0	-0.0
 
list 6: pss discharge state
1.0	0.0	0.0	0.0	0.0	1.0	1.0	1.0	1.0	1.0	1.0	1.0	1.0	1.0	1.0	1.0	0.0	0.0	0.0	0.0	1.0	1.0	1.0	1.0
 
list 7: pss charge power
0.0	0.21582276569950307	0.26436229432426034	0.4131006147575024	0.16553785463049908	0.0	0.0	0.0	0.0	0.0	0.0	0.0	0.0	0.0	0.0	0.0	0.1654697860951414	0.1929082214509921	0.24103992409816022	0.01234677423805922	0.0	0.0	0.0	0.0
 
list 8: pss discharge power
0.1	0.0	0.0	0.0	0.0	0.048613630701741545	0.0371813823796564	0.1	0.01420498691860217	0.1	0.1	0.1	0.1	0.1	0.1	0.1	0.0	0.0	0.0	0.0	0.1	0.1	0.1	0.1
 
list 9: pss strored energy
0.1	0.28344935084457745	0.5081573010201987	0.8592928235640758	1.0	0.9513863692982585	0.9142049869186021	0.8142049869186021	0.8	0.7	0.6	0.5	0.4	0.3	0.2	0.1	0.24064931818087018	0.40462130641421346	0.6095052418976497	0.62	0.52	0.42000000000000004	0.32000000000000006	0.22000000000000003
 
list 10: sr⁺
0.09999999999999998	0.2	0.2	0.2	0.2	0.15138636929825852	0.16281861762034366	0.09999999999999998	0.1857950130813978	0.09999999999999998	0.09999999999999998	0.09999999999999998	0.09999999999999998	0.09999999999999998	0.09999999999999998	0.09999999999999998	0.2	0.2	0.2	0.2	0.09999999999999998	0.09999999999999998	0.09999999999999998	0.09999999999999998
0.9	0.9	0.9	0.9	0.9	0.9	0.9	0.9	0.9	0.9	0.9	0.9	0.9	0.9	0.9	0.9	0.9	0.9	0.9	0.9	0.9	0.9	0.9	0.9
0.0	0.0	0.0	0.0	0.0	0.0	0.0	0.0	0.0	0.0	0.0	0.0	0.0	0.0	0.0	0.0	0.0	0.0	0.0	0.0	0.0	0.0	0.0	0.0
 
list 11: sr⁻
0.011392258487170952	0.0	0.0	0.0	0.0	0.01256990411629549	0.014090157114663578	0.014922263391214798	0.014633670603600393	0.014464945001001005	0.01687711560290228	0.016839516213638293	0.01679104628542464	0.016597174736032155	0.016803520365741693	0.014827817697665256	0.0	0.0	0.0	0.0	0.012692581629121418	0.014623353821217044	0.014653375145970298	0.01288220913508363
0.0	0.0	0.0	0.0	0.0	0.0	0.0	0.0	0.0	0.0	0.0	0.0	0.0	0.0	0.0	0.0	0.0	0.0	0.0	0.0	0.0	0.0	0.0	0.0
0.0	0.0	0.0	0.0	0.0	0.0	0.0	0.0	0.0	0.0	0.0	0.0	0.0	0.0	0.0	0.0	0.0	0.0	0.0	0.0	0.0	0.0	0.0	0.0
 
list 12: α
0.0	1.0	-0.0	-0.0	0.0	-0.0	-0.0	-0.0	0.0	-0.0	0.0	-0.0	-0.0	-0.0	-0.0	0.0	1.0	-0.0	-0.0	-0.0	-0.0	-0.0	-0.0	-0.0
 
list 13: β
0.0	-0.0	0.0	-0.0	-0.0	1.0	-0.0	0.0	-0.0	0.0	-0.0	-0.0	-0.0	-0.0	-0.0	-0.0	-0.0	0.0	-0.0	-0.0	1.0	0.0	-0.0	0.0
