 
su_cost	sd_cost	prod_cost	cr⁺	cr⁻	𝜟pd	𝜟pw
9100.0	0.0	477280.4168298017	499.77150586892037	4.615384400329157	0.0	28.39621119685552
 
δf
0.5547655063238855	0.5
0.5547655063238855	0.5
0.5547655063238855	0.5
0.5547655063238855	0.5
0.5547655063238855	0.5
0.5547655063238855	0.5
0.5547655063238855	0.5
0.5547655063238855	0.5
0.5547655063238855	0.5
0.5547655063238855	0.5
0.5547655063238855	0.5
0.5547655063238855	0.5
0.5547655063238855	0.5
0.5547655063238855	0.5
0.5547655063238855	0.5
0.5547655063238855	0.5
0.5547655063238855	0.5
0.5547655063238855	0.5
0.5547655063238855	0.5
0.5547655063238855	0.5
0.5547655063238855	0.5
0.5547655063238855	0.5
0.5547655063238855	0.5
0.5547655063238855	0.5
 
list 1: units stutup/down states
1.0	1.0	1.0	1.0	1.0	1.0	1.0	1.0	1.0	1.0	1.0	1.0	1.0	1.0	1.0	1.0	1.0	1.0	1.0	1.0	1.0	1.0	1.0	1.0
1.0	1.0	1.0	1.0	1.0	1.0	1.0	1.0	1.0	1.0	1.0	1.0	1.0	1.0	1.0	1.0	1.0	1.0	1.0	1.0	1.0	1.0	1.0	1.0
0.0	0.0	0.0	0.0	0.0	0.0	0.0	0.0	0.0	0.0	0.0	0.0	0.0	0.0	0.0	0.0	0.0	0.0	0.0	0.0	0.0	0.0	0.0	0.0
 
list 2: units dispatching power in scenario NO.1
0.9113922584871703	0.9	0.9	0.9	0.9	0.9125699041162958	0.9140901501788389	1.0949464351408102	0.9146336706036033	0.9922199959959862	1.2996375883908982	1.3429351454468366	1.1336148583014394	1.36730105587139	1.2265185370332334	0.9246292093389897	0.9	0.9	0.9	0.9	0.9126925816291219	0.9146233538212177	0.9146533751459702	0.9128822091350839
0.1	0.1	0.1	0.1	0.1	0.1	0.1	0.1	0.1	0.1	0.1	0.1	0.1	0.1	0.1	0.1	0.1	0.1	0.1	0.1	0.1	0.1	0.1	0.1
0.0	0.0	0.0	0.0	0.0	0.0	0.0	0.0	0.0	0.0	0.0	0.0	0.0	0.0	0.0	0.0	0.0	0.0	0.0	0.0	0.0	0.0	0.0	0.0
 
list 3: spolied wind power
0.6505262071709779	0.23846209837630494	0.0	0.0	0.0	0.0	0.0	0.0	0.0	0.0	0.0	0.0	0.0	0.0	0.0	0.0	0.0	0.0	0.1649931310650672	0.19807087597235679	0.7879190981147836	0.0	0.28765395902715496	0.0
0.0	0.0	0.0	0.0	0.0	0.014204985067250764	-5.93582458133335e-9	0.0	0.001716085005195267	0.0	0.0	0.0	0.0	0.0	0.0	0.0	0.054858263963776466	0.1755408758534709	0.0	0.0	0.0	0.1486386386903561	0.0	0.4042187494696088
 
list 4: forced load curtailments
0.0	0.0	0.0	0.0	0.0	0.0	0.0	0.0	0.0	0.0	0.0	0.0	0.0	0.0	0.0	0.0	0.0	0.0	0.0	0.0	0.0	0.0	0.0	0.0
0.0	0.0	0.0	0.0	0.0	0.0	0.0	0.0	0.0	0.0	0.0	0.0	0.0	0.0	0.0	0.0	0.0	0.0	0.0	0.0	0.0	0.0	0.0	0.0
0.0	0.0	0.0	0.0	0.0	0.0	0.0	0.0	0.0	0.0	0.0	0.0	0.0	0.0	0.0	0.0	0.0	0.0	0.0	0.0	0.0	0.0	0.0	0.0
 
list 5: pss charge state
0.0	1.0	1.0	1.0	1.0	-0.0	-0.0	-0.0	-0.0	-0.0	-0.0	-0.0	-0.0	-0.0	-0.0	-0.0	1.0	1.0	1.0	1.0	-0.0	-0.0	-0.0	-0.0
 
list 6: pss discharge state
1.0	0.0	0.0	0.0	0.0	1.0	1.0	1.0	1.0	1.0	1.0	1.0	1.0	1.0	1.0	1.0	0.0	0.0	0.0	0.0	1.0	1.0	1.0	1.0
 
list 7: pss charge power
0.0	0.21582277125355906	0.26436229247290843	0.41310061290615085	0.16553785277914634	0.0	0.0	0.0	0.0	0.0	0.0	0.0	0.0	0.0	0.0	0.0	0.11061152028001402	0.07958031815607862	0.07604679118174217	0.3455260762645183	0.0	0.0	0.0	0.0
 
list 8: pss discharge power
0.1	0.0	0.0	0.0	0.0	0.06281861576899195	0.03718138423100814	0.1	0.0	0.1	0.1	0.1	0.1	0.1	0.1	0.1	0.0	0.0	0.0	0.0	0.1	0.1	0.1	0.1
 
list 9: pss strored energy
0.1	0.2834493555655252	0.5081573041674974	0.8592928251377256	1.0	0.937181384231008	0.9	0.8	0.8	0.7	0.6	0.5	0.4	0.3	0.2	0.1	0.1940197922380119	0.26166306267067874	0.32630283517515957	0.62	0.52	0.42000000000000004	0.32000000000000006	0.22000000000000003
 
list 10: sr⁺
0.09999999999999998	0.2	0.2	0.2	0.2	0.13718138423100812	0.16281861576899181	0.09999999999999998	0.2	0.09999999999999998	0.09999999999999998	0.09999999999999998	0.09999999999999998	0.09999999999999998	0.09999999999999998	0.09999999999999998	0.2	0.2	0.2	0.2	0.09999999999999998	0.09999999999999998	0.09999999999999998	0.09999999999999998
0.9	0.9	0.9	0.9	0.9	0.9	0.9	0.9	0.9	0.9	0.9	0.9	0.9	0.9	0.9	0.9	0.9	0.9	0.9	0.9	0.9	0.9	0.9	0.9
0.0	0.0	0.0	0.0	0.0	0.0	0.0	0.0	0.0	0.0	0.0	0.0	0.0	0.0	0.0	0.0	0.0	0.0	0.0	0.0	0.0	0.0	0.0	0.0
 
list 11: sr⁻
0.011392258487170952	0.0	0.0	0.0	0.0	0.01256990411629549	0.01409015711466358	0.014922263391214798	0.014633670603600395	0.014464945001001005	0.01687711560290228	0.016839516213638293	0.01679104628542464	0.016597174736032155	0.016803520365741693	0.014827817697665256	0.0	0.0	0.0	0.0	0.012692581629121418	0.014623353821217287	0.014653375145970298	0.01288220913508363
0.0	0.0	0.0	0.0	0.0	0.0	0.0	0.0	0.0	0.0	0.0	0.0	0.0	0.0	0.0	0.0	0.0	0.0	0.0	0.0	0.0	0.0	0.0	0.0
0.0	0.0	0.0	0.0	0.0	0.0	0.0	0.0	0.0	0.0	0.0	0.0	0.0	0.0	0.0	0.0	0.0	0.0	0.0	0.0	0.0	0.0	0.0	0.0
 
list 12: α
0.0	1.0	-0.0	-0.0	-0.0	-0.0	-0.0	-0.0	-0.0	-0.0	-0.0	-0.0	-0.0	-0.0	-0.0	-0.0	1.0	-0.0	-0.0	-0.0	-0.0	-0.0	-0.0	-0.0
 
list 13: β
0.0	-0.0	-0.0	-0.0	-0.0	1.0	-0.0	-0.0	-0.0	-0.0	-0.0	-0.0	-0.0	-0.0	-0.0	-0.0	-0.0	-0.0	-0.0	-0.0	1.0	-0.0	-0.0	-0.0
