 
su_cost	sd_cost	prod_cost	cr⁺	cr⁻	𝜟pd	𝜟pw
9100.0	0.0	477280.4168395004	499.77150586892037	4.615384400731508	0.0	28.39621120299251
 
δf
0.22841534645848685	0.5
0.22841534645848685	0.5
0.22841534645848685	0.5
0.22841534645848685	0.5
0.22841534645848685	0.5
0.22841534645848685	0.5
0.22841534645848685	0.5
0.22841534645848685	0.5
0.22841534645848685	0.5
0.22841534645848685	0.5
0.22841534645848685	0.5
0.22841534645848685	0.5
0.22841534645848685	0.5
0.22841534645848685	0.5
0.22841534645848685	0.5
0.22841534645848685	0.5
0.22841534645848685	0.5
0.22841534645848685	0.5
0.22841534645848685	0.5
0.22841534645848685	0.5
0.22841534645848685	0.5
0.22841534645848685	0.5
0.22841534645848685	0.5
0.22841534645848685	0.5
 
list 1: units stutup/down states
1.0	1.0	1.0	1.0	1.0	1.0	1.0	1.0	1.0	1.0	1.0	1.0	1.0	1.0	1.0	1.0	1.0	1.0	1.0	1.0	1.0	1.0	1.0	1.0
1.0	1.0	1.0	1.0	1.0	1.0	1.0	1.0	1.0	1.0	1.0	1.0	1.0	1.0	1.0	1.0	1.0	1.0	1.0	1.0	1.0	1.0	1.0	1.0
0.0	0.0	0.0	0.0	0.0	0.0	0.0	0.0	0.0	0.0	0.0	0.0	0.0	0.0	0.0	0.0	0.0	0.0	0.0	0.0	0.0	0.0	0.0	0.0
 
list 2: units dispatching power in scenario NO.1
0.9113922584871702	0.9	0.9	0.9	0.9	0.9125699041162958	0.9140901571146636	1.0949464351408098	0.9146336706036005	0.9922199959959858	1.2996375883908982	1.3429351454468366	1.1336148583014394	1.3673010558713898	1.2265185370332332	0.9246292093389893	0.9	0.9	0.9	0.9	0.9126925816291215	0.9146233538212173	0.9146533751459698	0.9128822091350834
0.1	0.1	0.1	0.1	0.1	0.1	0.1	0.1	0.1	0.1	0.1	0.1	0.1	0.1	0.1	0.1	0.1	0.1	0.1	0.1	0.1	0.1	0.1	0.1
0.0	0.0	0.0	0.0	0.0	0.0	0.0	0.0	0.0	0.0	0.0	0.0	0.0	0.0	0.0	0.0	0.0	0.0	0.0	0.0	0.0	0.0	0.0	0.0
 
list 3: spolied wind power
0.0	0.23846209837630528	0.0	0.0	0.0	0.0	0.0	0.0	0.0	0.0	0.0	0.0	0.0	0.0	0.0	0.0	0.0	0.0	0.0	0.0	0.0	0.0	0.2876539590271545	0.0
0.6505262071709778	0.0	0.0	0.0	0.0	0.0	0.0	0.0	0.0159210700724427	0.0	0.0	0.0	0.0	0.0	0.0	0.0	0.0	0.06221296885585348	0.0	0.5312501779988159	0.7879190981147831	0.14863863869035565	0.0	0.40421874946960834
 
list 4: forced load curtailments
0.0	0.0	0.0	0.0	0.0	0.0	0.0	0.0	0.0	0.0	0.0	0.0	0.0	0.0	0.0	0.0	0.0	0.0	0.0	0.0	0.0	0.0	0.0	0.0
0.0	0.0	0.0	0.0	0.0	0.0	0.0	0.0	0.0	0.0	0.0	0.0	0.0	0.0	0.0	0.0	0.0	0.0	0.0	0.0	0.0	0.0	0.0	0.0
0.0	0.0	0.0	0.0	0.0	0.0	0.0	0.0	0.0	0.0	0.0	0.0	0.0	0.0	0.0	0.0	0.0	0.0	0.0	0.0	0.0	0.0	0.0	0.0
 
list 5: pss charge state
-0.0	1.0	1.0	1.0	1.0	-0.0	-0.0	-0.0	-0.0	-0.0	-0.0	-0.0	-0.0	-0.0	-0.0	-0.0	1.0	1.0	1.0	1.0	-0.0	0.0	-0.0	0.0
 
list 6: pss discharge state
1.0	0.0	0.0	0.0	0.0	1.0	1.0	1.0	1.0	1.0	1.0	1.0	1.0	1.0	1.0	1.0	0.0	0.0	0.0	0.0	1.0	1.0	1.0	1.0
 
list 7: pss charge power
0.0	0.21582277125355878	0.2643622924729085	0.4131006129061505	0.16553785277914668	0.0	0.0	0.0	0.0	0.0	0.0	0.0	0.0	0.0	0.0	0.0	0.16546978424378905	0.19290822515369593	0.24103992224680873	0.01234677423805922	0.0	0.0	0.0	0.0
 
list 8: pss discharge power
0.1	0.0	0.0	0.0	0.0	0.048613630701741406	0.03718138423100814	0.1	0.01420498506725032	0.1	0.1	0.1	0.1	0.1	0.1	0.1	0.0	0.0	0.0	0.0	0.1	0.1	0.1	0.1
 
list 9: pss strored energy
0.1	0.283449355565525	0.5081573041674972	0.8592928251377251	1.0	0.9513863692982584	0.9142049850672502	0.8142049850672503	0.8	0.7	0.6	0.5	0.4	0.3	0.2	0.1	0.2406493166072207	0.4046213079878622	0.6095052418976497	0.62	0.52	0.42000000000000004	0.32000000000000006	0.22000000000000003
 
list 10: sr⁺
0.09999999999999998	0.2	0.2	0.2	0.2	0.15138636929825855	0.16281861576899181	0.09999999999999998	0.18579501493274975	0.09999999999999998	0.09999999999999998	0.09999999999999998	0.09999999999999998	0.09999999999999998	0.09999999999999998	0.09999999999999998	0.2	0.2	0.2	0.2	0.09999999999999998	0.09999999999999998	0.09999999999999998	0.09999999999999998
0.9	0.9	0.9	0.9	0.9	0.9	0.9	0.9	0.9	0.9	0.9	0.9	0.9	0.9	0.9	0.9	0.9	0.9	0.9	0.9	0.9	0.9	0.9	0.9
0.0	0.0	0.0	0.0	0.0	0.0	0.0	0.0	0.0	0.0	0.0	0.0	0.0	0.0	0.0	0.0	0.0	0.0	0.0	0.0	0.0	0.0	0.0	0.0
 
list 11: sr⁻
0.011392258487170952	0.0	0.0	0.0	0.0	0.01256990411629549	0.014090157114663578	0.014922263391214798	0.014633670603600393	0.014464945001001005	0.01687711560290228	0.016839516213638293	0.01679104628542464	0.016597174736032155	0.016803520365741693	0.014827817697665256	0.0	0.0	0.0	0.0	0.012692581629121418	0.014623353821217287	0.014653375145970298	0.012882209135083414
0.0	0.0	0.0	0.0	0.0	0.0	0.0	0.0	0.0	0.0	0.0	0.0	0.0	0.0	0.0	0.0	0.0	0.0	0.0	0.0	0.0	0.0	0.0	0.0
0.0	0.0	0.0	0.0	0.0	0.0	0.0	0.0	0.0	0.0	0.0	0.0	0.0	0.0	0.0	0.0	0.0	0.0	0.0	0.0	0.0	0.0	0.0	0.0
 
list 12: α
0.0	1.0	-0.0	-0.0	-0.0	-0.0	0.0	-0.0	0.0	-0.0	-0.0	-0.0	-0.0	-0.0	-0.0	-0.0	1.0	-0.0	-0.0	-0.0	-0.0	-0.0	-0.0	-0.0
 
list 13: β
0.0	-0.0	-0.0	-0.0	-0.0	1.0	-0.0	0.0	-0.0	0.0	0.0	0.0	0.0	-0.0	-0.0	-0.0	-0.0	-0.0	-0.0	-0.0	1.0	0.0	-0.0	-0.0
