 
su_cost	sd_cost	prod_cost	cr⁺	cr⁻	𝜟pd	𝜟pw
11700.0	6100.0	420733.9888614964	502.2953472348072	4.735228269834887	0.0	17.379588099717438
 
δf
0.6833859966866861	0.5
0.6833859966866861	0.5
0.6833859966866861	0.5
0.6833859966866861	0.5
0.6833859966866861	0.5
0.6833859966866861	0.5
0.34818639125691764	0.5
0.34818639125691764	0.5
0.34818639125691764	0.5
0.34818639125691764	0.5
0.34818639125691764	0.5
0.34818639125691764	0.5
0.34818639125691764	0.5
0.34818639125691764	0.5
0.34818639125691764	0.5
0.34818639125691764	0.5
0.6833859966866861	0.5
0.6833859966866861	0.5
0.6833859966866861	0.5
0.6833859966866861	0.5
0.6833859966866861	0.5
0.6104059501588633	0.5
0.6104059501588633	0.5
0.6833859966866861	0.5
 
list 1: units stutup/down states
1.0	1.0	1.0	1.0	1.0	1.0	1.0	1.0	1.0	1.0	1.0	1.0	1.0	1.0	1.0	1.0	1.0	1.0	1.0	1.0	1.0	1.0	1.0	1.0
0.0	0.0	0.0	0.0	0.0	0.0	1.0	1.0	1.0	1.0	1.0	1.0	1.0	1.0	1.0	1.0	0.0	0.0	0.0	0.0	0.0	0.0	0.0	0.0
0.0	0.0	0.0	0.0	0.0	0.0	0.0	0.0	0.0	0.0	0.0	-0.0	-0.0	0.0	0.0	-0.0	0.0	0.0	0.0	0.0	0.0	1.0	1.0	0.0
 
list 2: units dispatching power in scenario NO.1
0.9	0.9	0.9	0.9	0.9	0.961183534818037	0.9512715359103577	1.0949464351408098	0.9146336706035989	0.9922199959959858	1.2996375883908984	1.3429351454468366	1.1336148583014394	1.3673010558713898	1.2265185370332334	0.9246292093389875	0.9	0.9	0.9	0.9	0.9126925816291215	0.9146233538212171	0.9146533697106591	0.9128822091350837
0.0	0.0	0.0	0.0	0.0	0.0	0.1	0.1	0.1	0.1	0.1	0.1	0.1	0.1	0.1	0.1	0.0	0.0	0.0	0.0	0.0	0.0	0.0	0.0
0.0	0.0	0.0	0.0	0.0	0.0	0.0	0.0	0.0	0.0	0.0	0.0	0.0	0.0	0.0	0.0	0.0	0.0	0.0	0.0	0.0	0.1	0.1	0.0
 
list 3: spolied wind power
0.0	0.0	0.0	0.0	0.0	0.0	0.0	0.0	0.0017160850051908816	0.0	0.0	0.0	0.0	0.0	0.0	0.0	0.0	0.0	0.0	0.06567190906682369	0.6879190981147831	0.0	0.287653953591844	0.0
0.04122827481476665	0.0	0.0	0.30081901275292433	0.05319581831595244	0.0	0.0	0.0	0.0	0.0	0.0	0.0	0.0	0.0	0.0	0.0	0.0	0.0	0.12779123726624764	0.0	0.0	0.14863863869035543	0.0	0.3042187494696086
 
list 4: forced load curtailments
0.0	0.0	0.0	0.0	0.0	0.0	0.0	0.0	0.0	0.0	0.0	0.0	0.0	0.0	0.0	0.0	0.0	0.0	0.0	0.0	0.0	0.0	0.0	0.0
0.0	0.0	0.0	0.0	0.0	0.0	0.0	0.0	0.0	0.0	0.0	0.0	0.0	0.0	0.0	0.0	0.0	0.0	0.0	0.0	0.0	0.0	0.0	0.0
0.0	0.0	0.0	0.0	0.0	0.0	0.0	0.0	0.0	0.0	0.0	0.0	0.0	0.0	0.0	0.0	0.0	0.0	0.0	0.0	0.0	0.0	0.0	0.0
 
list 5: pss charge state
1.0	1.0	1.0	1.0	1.0	-0.0	-0.0	-0.0	-0.0	-0.0	-0.0	-0.0	-0.0	-0.0	-0.0	0.0	1.0	1.0	1.0	1.0	-0.0	-0.0	-0.0	-0.0
 
list 6: pss discharge state
0.0	0.0	0.0	0.0	0.0	1.0	1.0	1.0	1.0	1.0	1.0	1.0	1.0	1.0	1.0	1.0	0.0	0.0	0.0	0.0	1.0	1.0	1.0	1.0
 
list 7: pss charge power
0.3979056738690409	0.3542848696298639	0.16436229247290893	0.012281600153227065	0.012342034463194788	0.0	0.0	0.0	0.0	0.0	0.0	0.0	0.0	0.0	0.0	0.0	0.06546978424379046	0.15512119400954916	0.013248684980561795	0.3779250461257838	0.0	0.0	0.0	0.0
 
list 8: pss discharge power
0.0	0.0	0.0	0.0	0.0	0.1	5.435313976676071e-9	0.1	0.0	0.1	0.1	0.1	0.1	0.1	0.1	0.1	0.0	0.0	0.0	2.9557323810713854e-9	0.1	0.1	0.1	0.1
 
list 9: pss strored energy
0.5382198227886847	0.8393619619740689	0.9790699105760414	0.9895092707062845	1.0	0.9	0.9	0.8	0.8	0.7	0.6	0.5	0.4	0.3	0.2	0.1	0.1556493166072219	0.28750233151533866	0.2987637137488162	0.62	0.52	0.42000000000000004	0.32000000000000006	0.22000000000000003
 
list 10: sr⁺
1.1	1.1	1.1	1.1	1.1	1.0	0.7783521227349238	1.0	0.7114388448948185	0.6543590750589079	0.09999999999999998	0.09999999999999998	0.09999999999999998	0.09999999999999998	0.09999999999999998	0.09999999999999998	1.1	1.1	1.1	1.0999999970442678	1.0	1.0	0.9	1.0
0.0	0.0	0.0	0.0	0.0	0.0	0.32164787182976223	0.0	0.38856115510518163	0.3456409249410921	0.9	0.9	0.9	0.9	0.9	0.9	0.0	0.0	0.0	0.0	0.0	0.0	0.0	0.0
0.0	0.0	0.0	0.0	0.0	0.0	0.0	0.0	0.0	0.0	0.0	0.0	0.0	0.0	0.0	0.0	0.0	0.0	0.0	0.0	0.0	0.0	0.1	0.0
 
list 11: sr⁻
0.0	0.0	0.0	0.0	0.0	0.01256990411629549	0.01409015711466358	0.014922263391214798	0.014633670603600395	0.014464945001001005	0.01687711560290228	0.016839516213638293	0.01679104628542464	0.016597174736032155	0.016803520365741693	0.014827817697665256	0.0	0.0	0.0	0.0	0.012692581629121418	0.014623353821217287	0.014653375145970298	0.01288220913508363
0.0	0.0	0.0	0.0	0.0	0.0	0.0	0.0	0.0	0.0	0.0	0.0	0.0	0.0	0.0	0.0	0.0	0.0	0.0	0.0	0.0	0.0	0.0	0.0
0.0	0.0	0.0	0.0	0.0	0.0	0.0	0.0	0.0	0.0	0.0	0.0	0.0	0.0	0.0	0.0	0.0	0.0	0.0	0.0	0.0	0.0	0.0	0.0
 
list 12: α
1.0	0.0	-0.0	0.0	0.0	0.0	-0.0	0.0	0.0	0.0	0.0	0.0	0.0	0.0	0.0	0.0	1.0	0.0	0.0	0.0	0.0	0.0	0.0	0.0
 
list 13: β
0.0	0.0	0.0	0.0	0.0	1.0	0.0	0.0	0.0	0.0	0.0	0.0	0.0	-0.0	0.0	0.0	0.0	0.0	0.0	0.0	1.0	0.0	-0.0	0.0
