 
su_cost	sd_cost	prod_cost	cr⁺	cr⁻	𝜟pd	𝜟pw
9100.0	0.0	477280.4168386681	499.77150584477755	4.615384399474861	0.0	28.396211202999055
 
δf
0.01450541533597205	0.5
0.01450541533597205	0.5
0.01450541533597205	0.5
0.01450541533597205	0.5
0.01450541533597205	0.5
0.01450541533597205	0.5
0.01450541533597205	0.5
0.01450541533597205	0.5
0.01450541533597205	0.5
0.01450541533597205	0.5
0.01450541533597205	0.5
0.01450541533597205	0.5
0.01450541533597205	0.5
0.01450541533597205	0.5
0.01450541533597205	0.5
0.01450541533597205	0.5
0.01450541533597205	0.5
0.01450541533597205	0.5
0.01450541533597205	0.5
0.01450541533597205	0.5
0.01450541533597205	0.5
0.01450541533597205	0.5
0.01450541533597205	0.5
0.01450541533597205	0.5
 
list 1: units stutup/down states
1.0	1.0	1.0	1.0	1.0	1.0	1.0	1.0	1.0	1.0	1.0	1.0	1.0	1.0	1.0	1.0	1.0	1.0	1.0	1.0	1.0	1.0	1.0	1.0
1.0	1.0	1.0	1.0	1.0	1.0	1.0	1.0	1.0	1.0	1.0	1.0	1.0	1.0	1.0	1.0	1.0	1.0	1.0	1.0	1.0	1.0	1.0	1.0
0.0	0.0	0.0	0.0	0.0	0.0	0.0	0.0	0.0	0.0	0.0	0.0	0.0	0.0	0.0	0.0	0.0	0.0	0.0	0.0	0.0	0.0	0.0	0.0
 
list 2: units dispatching power in scenario NO.1
0.9113922584871704	0.9	0.9	0.9	0.9	0.9125699041162958	0.9140901571146636	1.0949464351408098	0.9146336706036005	0.9922199959959858	1.2996375883908982	1.3429351454468366	1.1336148583014394	1.3673010558713898	1.2265185370332332	0.9246292093389893	0.9	0.9	0.9	0.9	0.9126925816291215	0.9146233538212166	0.9146533751459703	0.9128822091350833
0.1	0.1	0.1	0.1	0.1	0.1	0.1	0.1	0.1	0.1	0.1	0.1	0.1	0.1	0.1	0.1	0.1	0.1	0.1	0.1	0.1	0.1	0.1	0.1
0.0	0.0	0.0	0.0	0.0	0.0	0.0	0.0	0.0	0.0	0.0	0.0	0.0	0.0	0.0	0.0	0.0	0.0	0.0	0.0	0.0	0.0	0.0	0.0
 
list 3: spolied wind power
0.650526207170978	0.23846210393036082	-1.7886198787171798e-9	-1.7886198787171798e-9	-1.788619212583365e-9	0.0	0.0	0.0	0.0	0.0	0.0	0.0	0.0	0.0	0.0	0.0	0.0	0.0	-1.7886198787171798e-9	0.5312501779988159	0.7879190981147831	0.0	0.28765395902715507	0.0
0.0	0.0	0.0	0.0	0.0	0.0	-1.788620877917902e-9	0.0	0.015921071923794883	0.0	0.0	0.0	0.0	0.0	0.0	0.0	-1.7886198787171798e-9	0.062212972558558066	0.0	0.0	0.0	0.14863863869035498	0.0	0.40421874946960823
 
list 4: forced load curtailments
0.0	0.0	0.0	0.0	0.0	0.0	0.0	0.0	0.0	0.0	0.0	0.0	0.0	0.0	0.0	0.0	0.0	0.0	0.0	0.0	0.0	0.0	0.0	0.0
0.0	0.0	0.0	0.0	0.0	0.0	0.0	0.0	0.0	0.0	0.0	0.0	0.0	0.0	0.0	0.0	0.0	0.0	0.0	0.0	0.0	0.0	0.0	0.0
0.0	0.0	0.0	0.0	0.0	0.0	0.0	0.0	0.0	0.0	0.0	0.0	0.0	0.0	0.0	0.0	0.0	0.0	0.0	0.0	0.0	0.0	0.0	0.0
 
list 5: pss charge state
-0.0	1.0	1.0	1.0	1.0	0.0	-0.0	-0.0	-0.0	-0.0	-0.0	-0.0	-0.0	-0.0	-0.0	-0.0	1.0	1.0	1.0	1.0	-0.0	-0.0	-0.0	0.0
 
list 6: pss discharge state
1.0	0.0	0.0	0.0	0.0	1.0	1.0	1.0	1.0	1.0	1.0	1.0	1.0	1.0	1.0	1.0	0.0	0.0	0.0	0.0	1.0	1.0	1.0	1.0
 
list 7: pss charge power
0.0	0.2158227656995032	0.2643622943242603	0.4131006147575027	0.1655378546304983	0.0	0.0	0.0	0.0	0.0	0.0	0.0	0.0	0.0	0.0	0.0	0.16546978609514174	0.19290822145099135	0.2410399240981606	0.01234677423805922	0.0	0.0	0.0	0.0
 
list 8: pss discharge power
0.1	0.0	0.0	0.0	0.0	0.048613630701741406	0.03718138237965596	0.1	0.014204986918602502	0.1	0.1	0.1	0.1	0.1	0.1	0.1	0.0	0.0	0.0	0.0	0.1	0.1	0.1	0.1
 
list 9: pss strored energy
0.1	0.28344935084457773	0.508157301020199	0.8592928235640762	1.0	0.9513863692982584	0.9142049869186024	0.8142049869186024	0.8	0.7	0.6	0.5	0.4	0.3	0.2	0.1	0.2406493181808705	0.4046213064142131	0.6095052418976497	0.62	0.52	0.42000000000000004	0.32000000000000006	0.22000000000000003
 
list 10: sr⁺
0.09999999999999998	0.2	0.2	0.2	0.8473098877517264	1.0040764815465337	0.7437029030955936	1.0	0.8480173228700948	0.09999999999999998	0.09999999999999998	0.09999999999999998	0.09999999999999998	0.09999999999999998	0.09999999999999998	1.0	0.8480179336578515	0.84869167080541	0.8482106161233507	0.8491125268658533	0.7529139202029778	0.7475498405183072	0.7509531266861291	0.7527242926970152
0.9	0.9	0.9	0.9	0.25269011224827365	0.047309887751724955	0.3191157145247505	0.0	0.2377776902113028	0.9	0.9	0.9	0.9	0.9	0.9	0.0	0.2519820663421486	0.2513083291945901	0.2517893838766494	0.25088747313414683	0.24708607979702224	0.2524501594816928	0.24904687331387088	0.24727570730298476
0.0	0.0	0.0	0.0	0.0	0.0	0.0	0.0	0.0	0.0	0.0	0.0	0.0	0.0	0.0	0.0	0.0	0.0	0.0	0.0	0.0	0.0	0.0	0.0
 
list 11: sr⁻
0.011392258487170952	0.0	0.0	0.0	0.0	0.01256990411629549	0.014090157114663578	0.014922263391214798	0.014633670603600393	0.014464945001001005	0.01687711560290228	0.016839516213638293	0.01679104628542464	0.016597174736032155	0.016803520365741693	0.014827817697665256	0.0	0.0	0.0	0.0	0.012692581629121418	0.014623353821217287	0.014653375145970298	0.01288220913508363
0.0	0.0	0.0	0.0	0.0	0.0	0.0	0.0	0.0	0.0	0.0	0.0	0.0	0.0	0.0	0.0	0.0	0.0	0.0	0.0	0.0	0.0	0.0	0.0
0.0	0.0	0.0	0.0	0.0	0.0	0.0	0.0	0.0	0.0	0.0	0.0	0.0	0.0	0.0	0.0	0.0	0.0	0.0	0.0	0.0	0.0	0.0	0.0
 
list 12: α
0.0	1.0	-0.0	-0.0	-0.0	-0.0	-0.0	-0.0	0.0	-0.0	-0.0	-0.0	-0.0	-0.0	-0.0	-0.0	1.0	-0.0	-0.0	-0.0	-0.0	-0.0	-0.0	-0.0
 
list 13: β
0.0	-0.0	-0.0	-0.0	-0.0	1.0	-0.0	0.0	-0.0	0.0	0.0	0.0	0.0	0.0	0.0	-0.0	-0.0	-0.0	-0.0	-0.0	1.0	0.0	0.0	-0.0
