 
su_cost	sd_cost	prod_cost	cr⁺	cr⁻	𝜟pd	𝜟pw
9100.0	0.0	477280.4168395004	499.77150586892037	4.61538440073151	0.0	28.396211202992536
 
δf
-0.32570756300469056	0.5
-0.32570756300469056	0.5
-0.32570756300469056	0.5
-0.32570756300469056	0.5
-0.32570756300469056	0.5
-0.32570756300469056	0.5
-0.32570756300469056	0.5
-0.32570756300469056	0.5
-0.32570756300469056	0.5
-0.32570756300469056	0.5
-0.32570756300469056	0.5
-0.32570756300469056	0.5
-0.32570756300469056	0.5
-0.32570756300469056	0.5
-0.32570756300469056	0.5
-0.32570756300469056	0.5
-0.32570756300469056	0.5
-0.32570756300469056	0.5
-0.32570756300469056	0.5
-0.32570756300469056	0.5
-0.32570756300469056	0.5
-0.32570756300469056	0.5
-0.32570756300469056	0.5
-0.32570756300469056	0.5
 
list 1: units stutup/down states
1.0	1.0	1.0	1.0	1.0	1.0	1.0	1.0	1.0	1.0	1.0	1.0	1.0	1.0	1.0	1.0	1.0	1.0	1.0	1.0	1.0	1.0	1.0	1.0
1.0	1.0	1.0	1.0	1.0	1.0	1.0	1.0	1.0	1.0	1.0	1.0	1.0	1.0	1.0	1.0	1.0	1.0	1.0	1.0	1.0	1.0	1.0	1.0
0.0	0.0	0.0	0.0	0.0	0.0	0.0	0.0	0.0	0.0	0.0	0.0	0.0	0.0	0.0	0.0	0.0	0.0	0.0	0.0	0.0	0.0	0.0	0.0
 
list 2: units dispatching power in scenario NO.1
0.911392258487171	0.9	0.9	0.9	0.9	0.9125699041162955	0.914090157114664	1.0949464351408098	0.9146336706036005	0.9922199959959858	1.2996375883908982	1.3429351454468366	1.1336148583014394	1.3673010558713898	1.2265185370332332	0.9246292093389893	0.9	0.9	0.9	0.9	0.912692581629121	0.914623353821217	0.9146533751459698	0.9128822091350834
0.1	0.1	0.1	0.1	0.1	0.1	0.1	0.1	0.1	0.1	0.1	0.1	0.1	0.1	0.1	0.1	0.1	0.1	0.1	0.1	0.1	0.1	0.1	0.1
0.0	0.0	0.0	0.0	0.0	0.0	0.0	0.0	0.0	0.0	0.0	0.0	0.0	0.0	0.0	0.0	0.0	0.0	0.0	0.0	0.0	0.0	0.0	0.0
 
list 3: spolied wind power
0.0	0.0	0.0	0.0	0.0	0.0	0.0	0.0	0.0	0.0	0.0	0.0	0.0	0.0	0.0	0.0	0.0	0.0	0.0	0.0	0.7879190981147827	0.14863863869035532	0.0	0.40421874946960834
0.6505262071709785	0.23846209837630705	0.0	0.0	0.0	0.0	0.0	0.0	0.015921070072442367	0.0	0.0	0.0	0.0	0.0	0.0	0.0	0.0	0.06221296885585492	0.0	0.5312501779988159	0.0	0.0	0.2876539590271545	0.0
 
list 4: forced load curtailments
0.0	0.0	0.0	0.0	0.0	0.0	0.0	0.0	0.0	0.0	0.0	0.0	0.0	0.0	0.0	0.0	0.0	0.0	0.0	0.0	0.0	0.0	0.0	0.0
0.0	0.0	0.0	0.0	0.0	0.0	0.0	0.0	0.0	0.0	0.0	0.0	0.0	0.0	0.0	0.0	0.0	0.0	0.0	0.0	0.0	0.0	0.0	0.0
0.0	0.0	0.0	0.0	0.0	0.0	0.0	0.0	0.0	0.0	0.0	0.0	0.0	0.0	0.0	0.0	0.0	0.0	0.0	0.0	0.0	0.0	0.0	0.0
 
list 5: pss charge state
0.0	1.0	1.0	1.0	1.0	0.0	-0.0	0.0	0.0	-0.0	-0.0	-0.0	-0.0	-0.0	-0.0	-0.0	1.0	1.0	1.0	1.0	-0.0	0.0	0.0	-0.0
 
list 6: pss discharge state
1.0	0.0	0.0	0.0	0.0	1.0	1.0	1.0	1.0	1.0	1.0	1.0	1.0	1.0	1.0	1.0	0.0	0.0	0.0	0.0	1.0	1.0	1.0	1.0
 
list 7: pss charge power
0.0	0.21582277125355695	0.264362292472909	0.4131006129061514	0.16553785277914734	0.0	0.0	0.0	0.0	0.0	0.0	0.0	0.0	0.0	0.0	0.0	0.16546978424379016	0.19290822515369455	0.24103992224680904	0.01234677423805922	0.0	0.0	0.0	0.0
 
list 8: pss discharge power
0.1	0.0	0.0	0.0	0.0	0.04861363070174174	0.03718138423100846	0.1	0.014204985067249987	0.1	0.1	0.1	0.1	0.1	0.1	0.1	0.0	0.0	0.0	0.0	0.1	0.1	0.1	0.1
 
list 9: pss strored energy
0.1	0.2834493555655234	0.508157304167496	0.8592928251377248	1.0	0.9513863692982584	0.9142049850672499	0.8142049850672499	0.8	0.7	0.6	0.5	0.4	0.3	0.2	0.1	0.24064931660722164	0.404621307987862	0.6095052418976497	0.62	0.52	0.42000000000000004	0.32000000000000006	0.22000000000000003
 
list 10: sr⁺
0.09999999999999998	0.2	0.2	0.2	0.8777695492468133	0.9786967698796426	0.1628186157689916	0.09999999999999998	0.9612350069056712	0.09999999999999998	0.09999999999999998	0.09999999999999998	0.09999999999999998	0.09999999999999998	0.09999999999999998	0.09999999999999998	0.8852217891745918	0.8845480520270329	0.8850291067090922	0.8841269841269841	0.7781200964127398	0.783580364271872	0.7863534522659236	0.7783097239129327
0.9	0.9	0.9	0.9	0.22223045075318681	0.07268959941861575	0.9	0.9	0.1245600080270789	0.9	0.9	0.9	0.9	0.9	0.9	0.9	0.21477821082540827	0.21545194797296718	0.2149708932909079	0.21587301587301588	0.22187990358726017	0.21641963572812795	0.21364654773407643	0.22169027608706726
0.0	0.0	0.0	0.0	0.0	0.0	0.0	0.0	0.0	0.0	0.0	0.0	0.0	0.0	0.0	0.0	0.0	0.0	0.0	0.0	0.0	0.0	0.0	0.0
 
list 11: sr⁻
0.011392258487170952	0.0	0.0	0.0	0.0	0.01256990411629549	0.01409015711466358	0.014922263391214798	0.014633670603600393	0.014464945001001005	0.01687711560290228	0.016839516213638293	0.01679104628542464	0.016597174736032155	0.016803520365741693	0.014827817697665256	0.0	0.0	0.0	0.0	0.012692581629121418	0.014623353821217287	0.014653375145970298	0.01288220913508363
0.0	0.0	0.0	0.0	0.0	0.0	0.0	0.0	0.0	0.0	0.0	0.0	0.0	0.0	0.0	0.0	0.0	0.0	0.0	0.0	0.0	0.0	0.0	0.0
0.0	0.0	0.0	0.0	0.0	0.0	0.0	0.0	0.0	0.0	0.0	0.0	0.0	0.0	0.0	0.0	0.0	0.0	0.0	0.0	0.0	0.0	0.0	0.0
 
list 12: α
0.0	1.0	-0.0	0.0	-0.0	-0.0	-0.0	-0.0	0.0	-0.0	-0.0	-0.0	-0.0	-0.0	-0.0	-0.0	1.0	-0.0	-0.0	-0.0	-0.0	-0.0	-0.0	-0.0
 
list 13: β
0.0	-0.0	-0.0	-0.0	0.0	1.0	-0.0	-0.0	-0.0	0.0	0.0	-0.0	0.0	-0.0	-0.0	-0.0	-0.0	-0.0	-0.0	-0.0	1.0	-0.0	-0.0	-0.0
