 
su_cost	sd_cost	prod_cost	cr⁺	cr⁻	𝜟pd	𝜟pw
11700.0	0.0	551113.9391980106	499.4206796730024	4.827679044728718	0.02514097778263376	50.74288212030306
 
δf
0.29057489250307367	0.5
0.29057489250307367	0.5
0.29057489250307367	0.5
0.29057489250307367	0.5
0.29057489250307367	0.5
0.29057489250307367	0.5
0.29057489250307367	0.5
0.29057489250307367	0.5
0.29057489250307367	0.5
0.29057489250307367	0.5
0.29057489250307367	0.5
0.29057489250307367	0.5
0.29057489250307367	0.5
0.29057489250307367	0.5
0.29057489250307367	0.5
0.29057489250307367	0.5
0.29057489250307367	0.5
0.29057489250307367	0.5
0.29057489250307367	0.5
0.29057489250307367	0.5
0.29057489250307367	0.5
0.29057489250307367	0.5
0.29057489250307367	0.5
0.29057489250307367	0.5
 
list 1: units stutup/down states
1.0	1.0	1.0	1.0	1.0	1.0	1.0	1.0	1.0	1.0	1.0	1.0	1.0	1.0	1.0	1.0	1.0	1.0	1.0	1.0	1.0	1.0	1.0	1.0
1.0	1.0	1.0	1.0	1.0	1.0	1.0	1.0	1.0	1.0	1.0	1.0	1.0	1.0	1.0	1.0	1.0	1.0	1.0	1.0	1.0	1.0	1.0	1.0
1.0	1.0	1.0	1.0	1.0	1.0	1.0	1.0	1.0	1.0	1.0	1.0	1.0	1.0	1.0	1.0	1.0	1.0	1.0	1.0	1.0	1.0	1.0	1.0
 
list 2: units dispatching power in scenario NO.1
0.9113842920471382	0.9	0.9	0.9	0.9	0.9125410517863985	0.9140889137474657	1.1253379348468875	0.914640306413178	1.0652087676917432	1.129592825533936	1.2548484529504609	0.9219421499493708	1.323364423050287	1.1375482586533623	0.9148092583402102	0.9	0.9	0.9	0.9124009086730283	0.9127422127358401	0.9146440345508687	0.9147060607858054	0.912901288646589
0.1	0.1	0.1	0.1	0.1	0.1	0.1	0.1	0.1	0.1	0.1	0.1	0.1	0.1	0.1	0.1	0.1	0.1	0.1	0.1	0.1	0.1	0.1	0.1
0.1	0.1	0.1	0.1	0.1	0.1	0.1	0.1	0.1	0.1	0.1	0.1	0.1	0.1	0.1	0.1	0.1	0.1	0.1	0.1	0.1	0.1	0.1	0.1
 
list 3: spolied wind power
0.7186524806000333	0.0	0.0	0.0	0.0	0.0	0.057843903610245606	0.0	0.18015677568594934	0.0	0.0	0.0	0.0	0.0	0.0	0.0	0.0	0.0	0.3532300076994362	0.0	0.0	0.33138223802897804	0.0	0.0
0.0	0.4820266052921118	0.0	0.0	0.0	0.0	0.0	0.0	0.0	0.0	0.0	0.0	0.0	0.0	0.0	0.0	0.0	0.0	0.0	0.9725356007861345	1.0864931560979638	0.0	0.5984492040105356	0.5805558750037106
 
list 4: forced load curtailments
0.0	0.0	0.0	0.0	0.0	0.0	0.0	0.0	0.0	0.0	0.0	0.0	0.0	0.0	0.0	0.0	0.0	0.0	0.0	0.0	0.0	0.0	0.0	0.0
0.0	0.0	0.0	0.0	0.0	0.0	0.0	0.0	0.0	0.0	0.0	0.0	0.0	0.0	0.0	0.0	0.0	0.0	0.0	0.0	0.0	0.0	0.0	0.0
0.0	0.0	0.0	0.0	0.0	0.0	0.0	0.0	0.0	0.0	0.0	0.0	0.0	0.0	0.0	0.0	0.0	0.0	0.0	0.0	0.0	0.0	0.0	0.0
 
list 5: pss charge state
-0.0	1.0	1.0	1.0	1.0	-0.0	0.0	0.0	-0.0	0.0	0.0	0.0	0.0	0.0	0.0	0.0	1.0	1.0	1.0	-0.0	0.0	0.0	0.0	0.0
 
list 6: pss discharge state
1.0	0.0	0.0	0.0	0.0	1.0	1.0	1.0	1.0	1.0	1.0	1.0	1.0	1.0	1.0	1.0	0.0	0.0	0.0	1.0	1.0	1.0	1.0	1.0
 
list 7: pss charge power
0.0	0.1045565955284206	0.24036694978737405	0.576085304886763	0.1378146792092071	0.0	0.0	0.0	0.0	0.0	0.0	0.0	0.0	0.0	0.0	0.0	0.28500725753089273	0.36217179987087167	0.08223270730411808	0.0	0.0	0.0	0.0	0.0
 
list 8: pss discharge power
0.1	0.0	0.0	0.0	0.0	0.0640518026196155	0.0	0.1	0.0518908165612324	0.1	0.1	0.1	0.1	0.1	0.1	0.08405738081915226	0.0	0.0	0.0	0.1	0.1	0.1	0.1	0.1
 
list 9: pss strored energy
0.1	0.1888731061991575	0.39318501351842544	0.882857522672174	1.0	0.9359481973803845	0.9359481973803845	0.8359481973803845	0.7840573808191521	0.6840573808191521	0.5840573808191521	0.48405738081915217	0.3840573808191522	0.2840573808191522	0.18405738081915224	0.1	0.3422561689012588	0.6501021987914997	0.7200000000000001	0.6200000000000001	0.5200000000000001	0.42000000000000004	0.32000000000000006	0.22000000000000003
 
list 10: sr⁺
0.0	0.09999999999999998	0.09999999999999998	0.09999999999999998	0.09999999999999998	0.03594819738038456	0.09999999999999998	0.0	0.04810918343876766	0.0	0.0	0.0	0.0	0.0	0.0	0.0159426191808478	0.09999999999999998	0.09999999999999998	0.09999999999999998	0.0	0.0	0.0	0.0	0.0
0.9	0.9	0.9	0.9	0.9	0.9	0.9	0.9	0.9	0.9	0.9	0.9	0.9	0.9	0.9	0.9	0.9	0.9	0.9	0.9	0.9	0.9	0.9	0.9
0.1	0.1	0.1	0.1	0.1	0.1	0.1	0.1	0.1	0.1	0.1	0.1	0.1	0.1	0.1	0.1	0.1	0.1	0.1	0.1	0.1	0.1	0.1	0.1
 
list 11: sr⁻
0.011384292047138225	0.0	0.0	0.0	0.0	0.012541051786398496	0.01408891374746569	0.014889665516288278	0.014640306413177883	0.014421697808077066	0.01689462679361652	0.016836537886762388	0.01681896446251266	0.01658315889423743	0.01680076293533666	0.014809258340210161	0.0	0.0	0.0	0.012400908673028276	0.012742212735840534	0.014644034550869529	0.014706060785805386	0.012901288646589279
0.0	0.0	0.0	0.0	0.0	0.0	0.0	0.0	0.0	0.0	0.0	0.0	0.0	0.0	0.0	0.0	0.0	0.0	0.0	0.0	0.0	0.0	0.0	0.0
0.0	0.0	0.0	0.0	0.0	0.0	0.0	0.0	0.0	0.0	0.0	0.0	0.0	0.0	0.0	0.0	0.0	0.0	0.0	0.0	0.0	0.0	0.0	0.0
 
list 12: α
0.0	1.0	0.0	-0.0	-0.0	-0.0	-0.0	-0.0	0.0	-0.0	-0.0	-0.0	-0.0	-0.0	-0.0	-0.0	1.0	-0.0	-0.0	-0.0	0.0	-0.0	-0.0	-0.0
 
list 13: β
0.0	-0.0	-0.0	-0.0	-0.0	1.0	-0.0	0.0	-0.0	0.0	-0.0	-0.0	-0.0	-0.0	-0.0	-0.0	-0.0	-0.0	-0.0	1.0	-0.0	-0.0	-0.0	-0.0
