 
su_cost	sd_cost	prod_cost	cr⁺	cr⁻	𝜟pd	𝜟pw
10648.0	13528.0	1.8132097246769378e6	46.202417942077346	1.9805837229005803	0.0	5.0699500600052465
 
list 1: units stutup/down states
1	0	0	0	1	1	1	0	0	0	0	0	0	0	0	0	0	0	0	0	0	0	0	0
1	0	0	0	1	1	1	0	0	0	0	0	0	0	0	0	0	0	0	0	0	0	0	0
1	0	0	0	1	1	1	0	0	0	0	0	0	0	0	0	0	0	0	1	1	1	0	0
0	0	0	0	0	0	0	0	0	0	0	0	1	1	1	1	1	1	1	1	1	1	1	1
0	0	0	0	0	0	0	0	0	0	0	0	1	1	1	1	1	1	1	1	1	1	1	1
1	0	0	0	0	1	0	0	0	0	0	0	0	0	0	0	0	0	0	0	1	0	0	1
1	1	1	1	0	0	0	0	0	0	0	0	0	0	0	0	0	0	0	0	1	1	1	1
1	0	0	0	1	1	1	0	0	0	0	0	0	0	0	0	0	0	0	0	0	0	0	0
1	0	0	0	1	1	1	0	0	0	0	0	0	0	0	0	0	0	0	0	0	0	0	0
0	0	0	0	0	0	0	0	0	0	0	0	1	1	1	1	1	1	1	1	1	0	0	0
0	0	0	0	0	0	0	0	0	0	0	1	1	1	1	1	1	1	1	1	1	1	1	1
1	0	0	0	0	0	0	0	0	0	0	0	0	0	0	0	0	0	0	0	0	0	0	0
1	0	0	0	0	0	0	0	0	0	0	0	0	0	0	0	0	0	0	0	0	0	0	0
1	1	1	0	0	0	0	0	0	0	0	0	0	0	0	0	0	0	0	0	1	1	1	1
1	0	0	0	0	0	0	0	0	0	0	0	0	0	0	0	0	0	0	0	0	0	0	0
1	1	1	1	1	1	1	1	1	1	0	0	0	0	0	0	0	0	0	0	1	1	1	1
1	0	0	0	0	0	0	0	0	0	0	0	0	0	0	0	0	0	0	0	0	0	0	0
1	0	0	0	0	0	0	0	0	0	0	0	0	0	0	0	0	0	0	0	0	0	0	0
1	1	1	0	0	0	0	0	0	0	0	0	0	0	0	0	0	0	0	0	1	1	1	1
1	1	1	0	0	0	0	0	0	0	0	1	1	1	1	1	1	1	1	1	1	1	1	1
1	1	1	0	0	0	0	0	0	0	0	1	1	1	1	1	1	1	1	1	1	1	1	1
1	1	1	0	0	0	0	0	0	0	0	0	0	0	0	0	0	0	0	0	1	1	1	1
1	1	1	1	0	0	0	0	0	0	0	0	0	0	0	0	0	0	0	0	1	1	1	1
1	1	1	0	0	0	0	0	0	0	0	1	1	1	1	1	1	1	1	1	1	1	1	1
1	1	1	0	0	0	0	0	0	0	0	0	0	0	0	0	0	0	0	1	1	1	1	1
1	1	1	1	0	0	0	0	0	0	0	0	0	0	0	0	0	0	0	0	1	1	1	1
1	1	1	1	0	0	0	0	0	0	0	0	0	0	0	0	0	0	0	0	1	1	1	1
1	1	1	0	0	0	0	0	0	0	0	0	0	0	1	1	1	1	1	1	1	1	1	1
0	0	0	0	0	0	0	0	0	0	0	1	1	1	1	1	1	1	1	1	1	1	1	1
1	0	0	0	0	1	1	1	1	0	0	0	0	0	0	0	0	0	0	1	1	1	1	1
1	0	0	0	0	1	0	0	0	0	0	0	0	0	0	0	0	0	0	0	1	0	0	1
1	0	0	0	1	1	1	0	0	0	0	0	0	0	0	0	0	0	0	1	1	1	0	0
1	0	0	0	0	0	0	0	0	0	0	0	0	0	0	0	0	0	0	0	0	0	0	0
0	0	0	0	0	1	1	1	1	1	0	0	0	0	0	0	0	0	0	0	1	1	1	1
0	0	0	0	0	0	0	0	0	0	0	0	0	0	0	0	0	0	0	0	1	1	1	1
0	0	0	0	0	0	0	0	0	0	0	0	1	1	1	1	1	1	1	1	1	1	1	1
0	0	0	0	0	1	1	1	1	1	0	0	0	0	0	0	0	0	0	0	1	1	1	1
1	0	0	0	1	1	1	0	0	0	0	0	0	0	0	1	0	0	0	0	1	0	0	1
0	0	0	0	0	0	0	0	0	0	0	0	0	0	0	0	0	0	0	1	1	1	1	1
1	1	1	1	1	1	1	1	1	1	1	1	1	1	1	1	0	0	0	0	0	0	0	0
1	0	0	0	0	0	0	0	0	0	0	0	0	0	0	0	0	0	0	0	0	0	0	0
1	0	0	0	1	1	1	0	0	0	0	0	0	0	0	1	0	0	0	0	1	0	0	1
0	0	0	0	0	0	0	0	0	0	0	0	1	1	1	1	1	1	1	1	1	0	0	0
0	0	0	0	0	0	0	0	0	0	0	0	1	1	1	1	1	1	1	1	1	1	1	1
0	0	0	0	0	0	0	0	0	0	0	0	1	1	1	1	1	1	1	1	1	0	0	0
1	0	0	0	0	0	0	0	0	0	0	0	0	0	0	0	0	0	0	0	0	0	0	0
0	0	0	0	0	1	1	1	1	1	0	0	0	0	0	0	0	0	0	0	1	1	1	1
0	0	0	0	0	0	0	0	0	0	0	0	0	0	0	0	0	0	0	0	1	1	1	1
1	0	0	0	0	0	0	0	0	0	0	0	0	0	0	0	0	0	0	0	0	0	0	0
1	0	0	0	1	1	1	0	0	0	0	0	0	0	1	1	0	0	0	0	1	1	1	1
0	0	0	0	0	1	1	1	1	1	0	0	0	0	0	0	0	0	0	0	1	1	1	1
0	0	0	0	0	0	0	0	0	0	0	0	0	0	0	0	0	0	0	0	1	1	1	1
0	0	0	0	0	1	1	1	1	1	0	0	0	0	0	0	0	0	0	0	1	1	1	1
1	0	0	0	1	1	1	1	0	0	0	0	0	0	1	1	0	0	0	0	1	1	1	1
1	0	0	0	1	1	1	0	0	0	0	0	0	0	0	0	0	0	0	0	0	0	0	0
1	0	0	0	1	1	1	0	0	0	0	0	0	0	0	0	0	0	0	0	0	0	0	0
1	0	0	0	1	1	1	0	0	0	0	0	0	0	0	0	0	0	0	1	1	1	1	1
0	0	0	0	0	0	0	0	1	1	1	1	1	1	1	1	0	0	0	0	0	0	0	0
0	0	0	0	0	0	0	0	0	0	0	0	0	0	0	0	0	0	0	1	1	1	1	1
1	0	0	0	0	1	0	0	0	0	0	0	0	0	0	0	0	0	0	0	1	0	0	1
1	1	1	1	0	0	0	0	0	0	0	0	0	0	0	0	0	0	0	0	1	1	1	1
1	0	0	0	1	1	1	0	0	0	0	0	0	0	0	0	0	0	0	1	1	1	0	0
1	0	0	0	1	1	1	0	0	0	0	0	0	0	0	0	0	0	0	1	1	1	0	0
0	0	0	0	0	0	0	0	0	0	0	0	1	1	1	1	1	1	1	1	1	0	0	0
0	0	0	0	0	0	0	0	0	0	0	1	1	1	1	1	1	1	1	1	1	0	0	0
1	0	0	0	0	0	0	0	0	0	0	0	0	0	0	0	0	0	0	0	0	0	0	0
1	0	0	0	0	0	0	0	0	0	0	0	0	0	0	0	0	0	0	0	0	0	0	0
1	1	1	0	0	0	0	0	0	0	0	0	0	0	0	0	0	0	0	0	1	1	1	1
1	0	0	0	0	0	0	0	0	0	0	0	0	0	0	0	0	0	0	0	0	0	0	0
1	1	1	1	0	0	0	0	0	0	0	0	0	0	0	0	0	0	0	0	1	1	1	1
1	0	0	0	0	0	0	0	0	0	0	0	0	0	0	0	0	0	0	0	0	0	0	0
1	0	0	0	0	0	0	0	0	0	0	0	0	0	0	0	0	0	0	0	0	0	0	0
1	1	1	0	0	0	0	0	0	0	0	0	0	0	0	0	0	0	0	0	1	1	1	1
1	1	1	0	0	0	0	0	0	0	0	1	1	1	1	1	1	1	1	1	1	0	0	0
1	1	1	0	0	0	0	0	0	0	0	1	1	1	1	1	1	1	1	1	1	1	1	1
1	1	1	0	0	0	0	0	0	0	0	0	0	0	0	0	0	0	0	0	1	1	1	1
1	1	1	1	0	0	0	0	0	0	0	0	0	0	0	0	0	0	0	0	1	1	1	1
1	1	1	0	0	0	0	0	0	0	0	1	1	1	1	1	1	1	1	1	1	1	1	1
1	1	1	0	0	0	0	0	0	0	0	0	0	0	0	0	0	0	0	1	1	1	1	1
1	1	1	1	0	0	0	0	0	0	0	0	0	0	0	0	0	0	0	0	1	1	1	1
1	1	1	1	1	1	1	1	1	1	1	1	1	1	1	1	0	0	0	0	0	0	0	0
1	1	1	0	0	0	0	0	0	0	0	0	0	0	1	1	1	1	1	1	1	1	1	1
0	0	0	0	0	0	0	0	0	0	0	1	1	1	1	1	1	1	1	1	1	0	0	0
1	0	0	0	0	1	1	1	1	0	0	0	0	0	0	0	0	0	0	1	1	1	1	1
1	0	0	0	0	1	0	0	0	0	0	0	0	0	0	0	0	0	0	0	1	0	0	1
1	0	0	0	1	1	1	0	0	0	0	0	0	0	0	0	0	0	0	1	1	1	0	0
1	0	0	0	0	0	0	0	0	0	0	0	0	0	0	0	0	0	0	0	0	0	0	0
0	0	0	0	0	1	1	1	1	1	0	0	0	0	0	0	0	0	0	0	1	1	1	1
0	0	0	0	0	0	0	0	0	0	0	0	0	0	0	0	0	0	0	0	1	1	1	1
0	0	0	0	0	0	0	0	0	0	0	0	1	1	1	1	1	1	1	1	1	1	1	1
0	0	0	0	0	1	1	1	1	1	0	0	0	0	0	0	0	0	0	0	1	1	1	1
1	0	0	0	1	1	1	0	0	0	0	0	0	0	0	1	0	0	0	0	1	0	0	1
0	0	0	0	0	0	0	0	0	0	0	0	0	0	0	0	0	0	0	1	1	1	1	1
1	1	1	1	0	0	0	0	0	0	0	0	0	0	0	0	0	0	0	1	1	1	1	1
1	0	0	0	0	0	0	0	0	0	0	0	0	0	0	0	0	0	0	0	0	0	0	0
1	0	0	0	1	1	1	0	0	0	0	0	0	0	0	1	0	0	0	0	1	0	0	1
0	0	0	0	0	0	0	0	0	0	0	0	1	1	1	1	1	1	1	1	1	1	1	1
0	0	0	0	0	0	0	0	0	0	0	0	1	1	1	1	1	1	1	1	1	1	1	1
0	0	0	0	0	0	0	0	0	0	0	0	1	1	1	1	1	1	1	1	1	1	1	1
1	0	0	0	0	0	0	0	0	0	0	0	0	0	0	0	0	0	0	0	0	0	0	0
0	0	0	0	0	1	1	1	1	1	0	0	0	0	0	0	0	0	0	0	1	1	1	1
0	0	0	0	0	0	0	0	0	0	0	0	0	0	0	0	0	0	0	0	1	1	1	1
1	0	0	0	0	0	0	0	0	0	0	0	0	0	0	0	0	0	0	0	0	0	0	0
1	0	0	0	1	1	1	0	0	0	0	0	0	0	1	1	0	0	0	0	1	1	1	1
0	0	0	0	0	1	1	1	1	1	0	0	0	0	0	0	0	0	0	0	1	1	1	1
0	0	0	0	0	0	0	0	0	0	0	0	0	0	0	0	0	0	0	0	1	1	1	1
0	0	0	0	0	1	1	1	1	1	0	0	0	0	0	0	0	0	0	0	1	1	1	1
1	0	0	0	1	1	1	0	0	0	0	0	0	0	1	1	0	0	0	0	1	1	1	1
 
list 2: units dispatching power in scenario NO.1
0.05	0.0	0.0	0.0	0.05	0.29999999998558324	0.05	0.0	0.0	0.0	0.0	0.0	0.0	0.0	0.0	0.0	0.0	0.0	0.0	0.0	0.0	0.0	0.0	0.0
0.05	0.0	0.0	0.0	0.05	0.29999999998558324	0.05	0.0	0.0	0.0	0.0	0.0	0.0	0.0	0.0	0.0	0.0	0.0	0.0	0.0	0.0	0.0	0.0	0.0
0.05	0.0	0.0	0.0	0.05	0.29999999998558324	0.05	0.0	0.0	0.0	0.0	0.0	0.0	0.0	0.0	0.0	0.0	0.0	0.0	0.05	0.29999999998556276	0.05	0.0	0.0
0.0	0.0	0.0	0.0	0.0	0.0	0.0	0.0	0.0	0.0	0.0	0.0	1.5	2.099999961926638	2.699999882857501	2.6999999732578264	2.0999999772054796	1.500000015021986	1.5000000150545287	2.099999977845053	2.699999977837841	2.6999999510584	2.0999999626912254	1.5
0.0	0.0	0.0	0.0	0.0	0.0	0.0	0.0	0.0	0.0	0.0	0.0	1.0	1.5999955718475638	1.662937350103428	2.198534258638393	1.598534262802294	1.0000000125011603	1.000000012528591	1.5999973289509701	2.1999973289437578	2.374746541446907	1.7747465552015047	2.1999999950146982
0.1	0.0	0.0	0.0	0.0	0.1	0.0	0.0	0.0	0.0	0.0	0.0	0.0	0.0	0.0	0.0	0.0	0.0	0.0	0.0	0.1	0.0	0.0	0.1
0.75	0.5500000000036065	0.35000000001081927	0.25	0.0	0.0	0.0	0.0	0.0	0.0	0.0	0.0	0.0	0.0	0.0	0.0	0.0	0.0	0.0	0.0	0.25	0.4499999878984776	0.25000004823814925	0.44999999822831005
0.05	0.0	0.0	0.0	0.05	0.29999999998558324	0.05	0.0	0.0	0.0	0.0	0.0	0.0	0.0	0.0	0.0	0.0	0.0	0.0	0.0	0.0	0.0	0.0	0.0
0.05	0.0	0.0	0.0	0.05	0.29999999998558324	0.05	0.0	0.0	0.0	0.0	0.0	0.0	0.0	0.0	0.0	0.0	0.0	0.0	0.0	0.0	0.0	0.0	0.0
0.0	0.0	0.0	0.0	0.0	0.0	0.0	0.0	0.0	0.0	0.0	0.0	1.0	1.5999999637607174	2.1999998886405097	2.1999999752296358	1.5999999791669552	1.000000015173463	1.0000000133045839	1.0000000000216394	1.0	0.0	0.0	0.0
0.0	0.0	0.0	0.0	0.0	0.0	0.0	0.0	0.0	0.0	0.0	1.0	1.6999999977292075	1.861570168116712	1.6629094800855249	2.255266825081258	1.5552668292446037	1.000000012509175	1.0000000125151314	1.6999911199518656	2.3999911199446533	2.424778204231398	1.7247782179933333	2.39999999501164
0.08	0.0	0.0	0.0	0.0	0.0	0.0	0.0	0.0	0.0	0.0	0.0	0.0	0.0	0.0	0.0	0.0	0.0	0.0	0.0	0.0	0.0	0.0	0.0
0.08	0.0	0.0	0.0	0.0	0.0	0.0	0.0	0.0	0.0	0.0	0.0	0.0	0.0	0.0	0.0	0.0	0.0	0.0	0.0	0.0	0.0	0.0	0.0
0.6500000000000001	0.4500000000000001	0.25	0.0	0.0	0.0	0.0	0.0	0.0	0.0	0.0	0.0	0.0	0.0	0.0	0.0	0.0	0.0	0.0	0.0	0.25	0.44999998771304717	0.25000004724451974	0.44999999822438685
0.08	0.0	0.0	0.0	0.0	0.0	0.0	0.0	0.0	0.0	0.0	0.0	0.0	0.0	0.0	0.0	0.0	0.0	0.0	0.0	0.0	0.0	0.0	0.0
0.75	0.5500000000036065	0.35000000001081927	0.25000025966822276	0.4500002596610093	0.6500002596538078	0.8499999882188348	0.6499999949892652	0.44999999682190783	0.25	0.0	0.0	0.0	0.0	0.0	0.0	0.0	0.0	0.0	0.0	0.25	0.4499999878984776	0.25000004823814925	0.44999999822831005
0.08	0.0	0.0	0.0	0.0	0.0	0.0	0.0	0.0	0.0	0.0	0.0	0.0	0.0	0.0	0.0	0.0	0.0	0.0	0.0	0.0	0.0	0.0	0.0
0.08	0.0	0.0	0.0	0.0	0.0	0.0	0.0	0.0	0.0	0.0	0.0	0.0	0.0	0.0	0.0	0.0	0.0	0.0	0.0	0.0	0.0	0.0	0.0
0.6500000000000001	0.4500000000000001	0.25	0.0	0.0	0.0	0.0	0.0	0.0	0.0	0.0	0.0	0.0	0.0	0.0	0.0	0.0	0.0	0.0	0.0	0.25	0.44999998771304717	0.25000004724451974	0.44999999822438685
1.5	1.0	0.5	0.0	0.0	0.0	0.0	0.0	0.0	0.0	0.0	0.5	0.9999999977777945	1.4999997113593198	1.9999922883544503	1.4999999070919943	0.9999999111906407	0.5000000135379951	0.5000000170165856	0.9999999988578266	1.4999999988506167	1.9999999766284848	1.5000000116192027	1.9999999871356384
1.5	1.0	0.5	0.0	0.0	0.0	0.0	0.0	0.0	0.0	0.0	0.5	0.9999999974813867	0.5000000794646577	0.5000001137032287	1.0000000270547194	0.5000000324379238	0.5000000107817306	0.5000000107817345	0.5000000421190747	1.0000000421118607	1.4999999335791712	0.9999999992411117	1.4999999893146039
0.6500000000000001	0.4500000000000001	0.25	0.0	0.0	0.0	0.0	0.0	0.0	0.0	0.0	0.0	0.0	0.0	0.0	0.0	0.0	0.0	0.0	0.0	0.25	0.44999998771304717	0.25000004724451974	0.44999999822438685
0.7	0.5000000000036063	0.30000000001081917	0.25	0.0	0.0	0.0	0.0	0.0	0.0	0.0	0.0	0.0	0.0	0.0	0.0	0.0	0.0	0.0	0.0	0.25	0.4499999878984776	0.25000004823814925	0.44999999822831005
1.3000000000000003	0.9000000000000002	0.5	0.0	0.0	0.0	0.0	0.0	0.0	0.0	0.0	0.5	0.8999999974883572	0.5000000794645117	0.5000001138527466	0.9000000274641413	0.5000000328165951	0.5000000107817295	0.5000000107817334	0.5000000431197329	0.900000043112519	1.2999999407052232	0.8999999999398757	1.2999999897343453
1.3000000000000003	0.9000000000000002	0.5	0.0	0.0	0.0	0.0	0.0	0.0	0.0	0.0	0.0	0.0	0.0	0.0	0.0	0.0	0.0	0.0	0.5	0.899999999992792	1.2999999869514973	1.299999942450538	1.6999999280085467
0.7166987090441546	0.516698709047761	0.3166987090549738	0.25	0.0	0.0	0.0	0.0	0.0	0.0	0.0	0.0	0.0	0.0	0.0	0.0	0.0	0.0	0.0	0.0	0.25	0.4499999878984776	0.25000004823814925	0.44999999822831005
3.3600000000000003	2.520000000003607	1.6800000000108202	1.0	0.0	0.0	0.0	0.0	0.0	0.0	0.0	0.0	0.0	0.0	0.0	0.0	0.0	0.0	0.0	0.0	1.0	1.839999991780196	2.6799999628356908	3.519999952251648
2.6799999999999997	1.8399999999999999	1.0	0.0	0.0	0.0	0.0	0.0	0.0	0.0	0.0	0.0	0.0	0.0	1.0	1.839999995842244	1.0000000125091664	1.0000000125090995	1.0000000147825352	1.839999987668907	2.679999987661697	3.5199999607272408	2.679999989633551	3.519999963917913
0.0	0.0	0.0	0.0	0.0	0.0	0.0	0.0	0.0	0.0	0.0	0.8	1.399999997897319	1.999999949820447	2.599999807968507	1.9999999824634738	1.3999999863099775	0.8000000156915584	0.8000000177079251	1.3999999997882628	1.9999999997810527	2.5999999628384773	1.9999999797796466	1.9999999953226877
0.3	0.0	0.0	0.0	0.0	0.3	0.7999999671370601	0.7999999934696864	0.3	0.0	0.0	0.0	0.0	0.0	0.0	0.0	0.0	0.0	0.0	0.3	0.7999999999855667	0.3000083603353694	0.3000000204962105	0.7999999957588395
0.1	0.0	0.0	0.0	0.0	0.1	0.0	0.0	0.0	0.0	0.0	0.0	0.0	0.0	0.0	0.0	0.0	0.0	0.0	0.0	0.1	0.0	0.0	0.1
0.05	0.0	0.0	0.0	0.05	0.29999999998558324	0.05	0.0	0.0	0.0	0.0	0.0	0.0	0.0	0.0	0.0	0.0	0.0	0.0	0.05	0.29999999998556276	0.05	0.0	0.0
0.05	0.0	0.0	0.0	0.0	0.0	0.0	0.0	0.0	0.0	0.0	0.0	0.0	0.0	0.0	0.0	0.0	0.0	0.0	0.0	0.0	0.0	0.0	0.0
0.0	0.0	0.0	0.0	0.0	0.25	0.4499999852416806	0.4548844259629969	0.25488442915721543	0.25	0.0	0.0	0.0	0.0	0.0	0.0	0.0	0.0	0.0	0.0	0.25	0.2814628865518888	0.2500000206350057	0.44999999790999134
0.0	0.0	0.0	0.0	0.0	0.0	0.0	0.0	0.0	0.0	0.0	0.0	0.0	0.0	0.0	0.0	0.0	0.0	0.0	0.0	0.25	0.25000004229552797	0.25000001383426995	0.4499999975639629
0.0	0.0	0.0	0.0	0.0	0.0	0.0	0.0	0.0	0.0	0.0	0.0	1.5	1.861573301186556	1.662916805254275	2.2052832898881194	1.6052832940507558	1.500000012486766	1.5000000124867852	1.8161134753010397	2.4161134752938276	2.374745972042705	1.7747459857972496	1.5
0.0	0.0	0.0	0.0	0.0	0.25	0.4499999852416806	0.4548844259629969	0.25488442915721543	0.25	0.0	0.0	0.0	0.0	0.0	0.0	0.0	0.0	0.0	0.0	0.25	0.2814628865518888	0.2500000206350057	0.44999999790999134
0.1	0.0	0.0	0.0	0.1	0.2999999999855808	0.1	0.0	0.0	0.0	0.0	0.0	0.0	0.0	0.0	0.1	0.0	0.0	0.0	0.0	0.1	0.0	0.0	0.1
0.0	0.0	0.0	0.0	0.0	0.0	0.0	0.0	0.0	0.0	0.0	0.0	0.0	0.0	0.0	0.0	0.0	0.0	0.0	1.0	1.5999999999927916	2.1999999862666444	2.1587666703525947	2.7587666566601348
1.6	1.2000000000036066	0.8000000000108198	0.9847478532500971	1.3847478532428839	1.7847478532356826	1.999999981993569	1.600000003310777	1.2000000055288966	0.8000000099703799	0.8999996163543236	1.2999996119154664	1.6999996096986545	1.2999999140434875	0.8999999697028582	0.5	0.0	0.0	0.0	0.0	0.0	0.0	0.0	0.0
0.08	0.0	0.0	0.0	0.0	0.0	0.0	0.0	0.0	0.0	0.0	0.0	0.0	0.0	0.0	0.0	0.0	0.0	0.0	0.0	0.0	0.0	0.0	0.0
0.2	0.0	0.0	0.0	0.2	0.499999999985583	0.2	0.0	0.0	0.0	0.0	0.0	0.0	0.0	0.0	0.2	0.0	0.0	0.0	0.0	0.2	0.0	0.0	0.2
0.0	0.0	0.0	0.0	0.0	0.0	0.0	0.0	0.0	0.0	0.0	0.0	1.0	1.5999999637607174	2.1999998886405097	2.1999999752296358	1.5999999791669552	1.000000015173463	1.0000000133045839	1.0000000000216394	1.0	0.0	0.0	0.0
0.0	0.0	0.0	0.0	0.0	0.0	0.0	0.0	0.0	0.0	0.0	0.0	1.0	1.5999955718475638	1.662937350103428	2.198534258638392	1.5985342628022934	1.0000000125011603	1.000000012528591	1.5999973289509701	2.1999973289437578	2.374746541446907	1.774746555201505	2.1999999950146982
0.0	0.0	0.0	0.0	0.0	0.0	0.0	0.0	0.0	0.0	0.0	0.0	1.0	1.5999999637607174	2.1999998886405097	2.1999999752296358	1.5999999791669552	1.000000015173463	1.0000000133045839	1.0000000000216394	1.0	0.0	0.0	0.0
0.08	0.0	0.0	0.0	0.0	0.0	0.0	0.0	0.0	0.0	0.0	0.0	0.0	0.0	0.0	0.0	0.0	0.0	0.0	0.0	0.0	0.0	0.0	0.0
0.0	0.0	0.0	0.0	0.0	0.25	0.4499999852416806	0.4548844259629969	0.25488442915721543	0.25	0.0	0.0	0.0	0.0	0.0	0.0	0.0	0.0	0.0	0.0	0.25	0.2814628865518888	0.2500000206350057	0.44999999790999134
0.0	0.0	0.0	0.0	0.0	0.0	0.0	0.0	0.0	0.0	0.0	0.0	0.0	0.0	0.0	0.0	0.0	0.0	0.0	0.0	0.25	0.25000004229552797	0.25000001383426995	0.4499999975639629
0.08	0.0	0.0	0.0	0.0	0.0	0.0	0.0	0.0	0.0	0.0	0.0	0.0	0.0	0.0	0.0	0.0	0.0	0.0	0.0	0.0	0.0	0.0	0.0
0.25	0.0	0.0	0.0	0.25	0.499999999985583	0.25	0.0	0.0	0.0	0.0	0.0	0.0	0.0	0.25	0.25	0.0	0.0	0.0	0.0	0.25	0.2500000624341727	0.2500000154660926	0.4999999953592261
0.0	0.0	0.0	0.0	0.0	0.25	0.4499999852416806	0.4548844259629969	0.25488442915721543	0.25	0.0	0.0	0.0	0.0	0.0	0.0	0.0	0.0	0.0	0.0	0.25	0.2814628865518888	0.2500000206350057	0.44999999790999134
0.0	0.0	0.0	0.0	0.0	0.0	0.0	0.0	0.0	0.0	0.0	0.0	0.0	0.0	0.0	0.0	0.0	0.0	0.0	0.0	0.25	0.25000004229552797	0.25000001383426995	0.4499999975639629
0.0	0.0	0.0	0.0	0.0	0.25	0.4499999852416806	0.4548844259629969	0.25488442915721543	0.25	0.0	0.0	0.0	0.0	0.0	0.0	0.0	0.0	0.0	0.0	0.25	0.2814628865518888	0.2500000206350057	0.44999999790999134
0.25	0.0	0.0	0.0	0.25	0.49999999998558087	0.35552588561258136	0.25	0.0	0.0	0.0	0.0	0.0	0.0	0.25	0.25	0.0	0.0	0.0	0.0	0.25	0.2500000422952234	0.25000001383431386	0.4999999951266424
0.05	0.0	0.0	0.0	0.05	0.29999999998558324	0.05	0.0	0.0	0.0	0.0	0.0	0.0	0.0	0.0	0.0	0.0	0.0	0.0	0.0	0.0	0.0	0.0	0.0
0.05	0.0	0.0	0.0	0.05	0.29999999998558324	0.05	0.0	0.0	0.0	0.0	0.0	0.0	0.0	0.0	0.0	0.0	0.0	0.0	0.0	0.0	0.0	0.0	0.0
0.05	0.0	0.0	0.0	0.05	0.29999999998558324	0.05	0.0	0.0	0.0	0.0	0.0	0.0	0.0	0.0	0.0	0.0	0.0	0.0	0.05	0.29999999998556276	0.05000006555319372	0.05000001565055602	0.2999999953837221
0.0	0.0	0.0	0.0	0.0	0.0	0.0	0.0	1.5	1.5000000132655094	1.5249171030417525	2.1249170986191173	2.724917096411715	2.699999883923357	2.0999999619267036	1.5	0.0	0.0	0.0	0.0	0.0	0.0	0.0	0.0
0.0	0.0	0.0	0.0	0.0	0.0	0.0	0.0	0.0	0.0	0.0	0.0	0.0	0.0	0.0	0.0	0.0	0.0	0.0	1.0	1.5999999999927916	2.1999999862666444	2.1587666703525947	2.7587666566601348
0.1	0.0	0.0	0.0	0.0	0.1	0.0	0.0	0.0	0.0	0.0	0.0	0.0	0.0	0.0	0.0	0.0	0.0	0.0	0.0	0.1	0.0	0.0	0.1
0.75	0.5500000000036065	0.35000000001081927	0.25	0.0	0.0	0.0	0.0	0.0	0.0	0.0	0.0	0.0	0.0	0.0	0.0	0.0	0.0	0.0	0.0	0.25	0.4499999878984776	0.25000004823814925	0.44999999822831005
0.05	0.0	0.0	0.0	0.05	0.29999999998558324	0.05	0.0	0.0	0.0	0.0	0.0	0.0	0.0	0.0	0.0	0.0	0.0	0.0	0.05	0.29999999998556276	0.05	0.0	0.0
0.05	0.0	0.0	0.0	0.05	0.29999999998558324	0.05	0.0	0.0	0.0	0.0	0.0	0.0	0.0	0.0	0.0	0.0	0.0	0.0	0.05	0.29999999998556276	0.05	0.0	0.0
0.0	0.0	0.0	0.0	0.0	0.0	0.0	0.0	0.0	0.0	0.0	0.0	1.0	1.5999999637607174	2.1999998886405097	2.1999999752296358	1.5999999791669552	1.000000015173463	1.0000000133045839	1.0000000000216394	1.0	0.0	0.0	0.0
0.0	0.0	0.0	0.0	0.0	0.0	0.0	0.0	0.0	0.0	0.0	1.0	1.6999999977292075	1.8615701681166952	1.6629094800894932	2.2552668250791923	1.5552668292425373	1.000000012509175	1.000000012509092	1.0000000000216371	1.0	0.0	0.0	0.0
0.08	0.0	0.0	0.0	0.0	0.0	0.0	0.0	0.0	0.0	0.0	0.0	0.0	0.0	0.0	0.0	0.0	0.0	0.0	0.0	0.0	0.0	0.0	0.0
0.08	0.0	0.0	0.0	0.0	0.0	0.0	0.0	0.0	0.0	0.0	0.0	0.0	0.0	0.0	0.0	0.0	0.0	0.0	0.0	0.0	0.0	0.0	0.0
0.6500000000000001	0.4500000000000001	0.25	0.0	0.0	0.0	0.0	0.0	0.0	0.0	0.0	0.0	0.0	0.0	0.0	0.0	0.0	0.0	0.0	0.0	0.25	0.44999998771304717	0.25000004724451974	0.44999999822438685
0.08	0.0	0.0	0.0	0.0	0.0	0.0	0.0	0.0	0.0	0.0	0.0	0.0	0.0	0.0	0.0	0.0	0.0	0.0	0.0	0.0	0.0	0.0	0.0
0.7	0.5000000000036063	0.30000000001081917	0.25	0.0	0.0	0.0	0.0	0.0	0.0	0.0	0.0	0.0	0.0	0.0	0.0	0.0	0.0	0.0	0.0	0.25	0.4499999878984776	0.25000004823814925	0.44999999822831005
0.08	0.0	0.0	0.0	0.0	0.0	0.0	0.0	0.0	0.0	0.0	0.0	0.0	0.0	0.0	0.0	0.0	0.0	0.0	0.0	0.0	0.0	0.0	0.0
0.08	0.0	0.0	0.0	0.0	0.0	0.0	0.0	0.0	0.0	0.0	0.0	0.0	0.0	0.0	0.0	0.0	0.0	0.0	0.0	0.0	0.0	0.0	0.0
0.6500000000000001	0.4500000000000001	0.25	0.0	0.0	0.0	0.0	0.0	0.0	0.0	0.0	0.0	0.0	0.0	0.0	0.0	0.0	0.0	0.0	0.0	0.25	0.44999998771304717	0.25000004724451974	0.44999999822438685
1.5	1.0	0.5	0.0	0.0	0.0	0.0	0.0	0.0	0.0	0.0	0.5	0.9999999977777945	1.4999997113594428	1.9999922883529044	1.4999999070919796	0.9999999111906261	0.500000013537995	0.5000000129663151	0.5000000000216384	0.5	0.0	0.0	0.0
1.5	1.0	0.5	0.0	0.0	0.0	0.0	0.0	0.0	0.0	0.0	0.5	0.9999999974813867	0.5000000794646577	0.5000001137032287	1.0000000270547194	0.5000000324379238	0.5000000107817306	0.5000000107817345	0.5000000421190747	1.0000000421118607	1.4999999335791712	0.9999999992411117	1.4999999893146039
0.6500000000000001	0.4500000000000001	0.25	0.0	0.0	0.0	0.0	0.0	0.0	0.0	0.0	0.0	0.0	0.0	0.0	0.0	0.0	0.0	0.0	0.0	0.25	0.44999998771304717	0.25000004724451974	0.44999999822438685
0.7	0.5000000000036063	0.30000000001081917	0.25	0.0	0.0	0.0	0.0	0.0	0.0	0.0	0.0	0.0	0.0	0.0	0.0	0.0	0.0	0.0	0.0	0.25	0.4499999878984776	0.25000004823814925	0.44999999822831005
1.3000000000000003	0.9000000000000002	0.5	0.0	0.0	0.0	0.0	0.0	0.0	0.0	0.0	0.5	0.8999999974883572	0.5000000794645117	0.5000001138527466	0.9000000274641413	0.5000000328165951	0.5000000107817295	0.5000000107817334	0.5000000431197329	0.900000043112519	1.2999999407052232	0.8999999999398757	1.2999999897343453
1.3000000000000003	0.9000000000000002	0.5	0.0	0.0	0.0	0.0	0.0	0.0	0.0	0.0	0.0	0.0	0.0	0.0	0.0	0.0	0.0	0.0	0.5	0.899999999992792	1.2999999869514973	1.299999942450538	1.6999999280085467
0.7	0.5000000000036063	0.30000000001081917	0.25	0.0	0.0	0.0	0.0	0.0	0.0	0.0	0.0	0.0	0.0	0.0	0.0	0.0	0.0	0.0	0.0	0.25	0.4499999878984776	0.25000004823814925	0.44999999822831005
3.3600000000000003	2.520000000003607	1.6800000000108202	1.6800002006658916	2.5200002006586786	3.360000200651477	4.199999979666668	3.3599999988335725	2.5200000010373973	1.680000005455915	1.284899957358648	2.124899952929816	2.9648999507208664	2.6799998846207513	1.8399999624592516	1.0	0.0	0.0	0.0	0.0	0.0	0.0	0.0	0.0
2.6799999999999997	1.8399999999999999	1.0	0.0	0.0	0.0	0.0	0.0	0.0	0.0	0.0	0.0	0.0	0.0	1.0	1.839999995842244	1.0000000125091664	1.0000000125090995	1.0000000147825352	1.8399999876689073	2.679999987661697	3.519999960727241	2.6799999896335507	3.519999963917913
0.0	0.0	0.0	0.0	0.0	0.0	0.0	0.0	0.0	0.0	0.0	0.8	1.399999997897319	1.9999999498204455	2.599999807968505	1.999999982463476	1.3999999863099797	0.8000000156915584	0.8000000133202833	0.8000000000216394	0.8	0.0	0.0	0.0
0.3	0.0	0.0	0.0	0.0	0.3	0.7999999671370601	0.7999999934696864	0.3	0.0	0.0	0.0	0.0	0.0	0.0	0.0	0.0	0.0	0.0	0.3	0.7999999999855667	0.3000083603353694	0.3000000204962105	0.7999999957588395
0.1	0.0	0.0	0.0	0.0	0.1	0.0	0.0	0.0	0.0	0.0	0.0	0.0	0.0	0.0	0.0	0.0	0.0	0.0	0.0	0.1	0.0	0.0	0.1
0.05	0.0	0.0	0.0	0.05	0.29999999998558324	0.05	0.0	0.0	0.0	0.0	0.0	0.0	0.0	0.0	0.0	0.0	0.0	0.0	0.05	0.29999999998556276	0.05	0.0	0.0
0.05	0.0	0.0	0.0	0.0	0.0	0.0	0.0	0.0	0.0	0.0	0.0	0.0	0.0	0.0	0.0	0.0	0.0	0.0	0.0	0.0	0.0	0.0	0.0
0.0	0.0	0.0	0.0	0.0	0.25	0.4499999852416806	0.4548844259629969	0.25488442915721543	0.25	0.0	0.0	0.0	0.0	0.0	0.0	0.0	0.0	0.0	0.0	0.25	0.2814628865518888	0.2500000206350057	0.44999999790999134
0.0	0.0	0.0	0.0	0.0	0.0	0.0	0.0	0.0	0.0	0.0	0.0	0.0	0.0	0.0	0.0	0.0	0.0	0.0	0.0	0.25	0.25000004229552797	0.25000001383426995	0.4499999975639629
0.0	0.0	0.0	0.0	0.0	0.0	0.0	0.0	0.0	0.0	0.0	0.0	1.5	1.861573301186556	1.662916805254275	2.2052832898881194	1.6052832940507558	1.500000012486766	1.5000000124867852	1.8161134753010397	2.4161134752938276	2.374745972042705	1.7747459857972496	1.5
0.0	0.0	0.0	0.0	0.0	0.25	0.4499999852416806	0.4548844259629969	0.25488442915721543	0.25	0.0	0.0	0.0	0.0	0.0	0.0	0.0	0.0	0.0	0.0	0.25	0.2814628865518888	0.2500000206350057	0.44999999790999134
0.1	0.0	0.0	0.0	0.1	0.2999999999855808	0.1	0.0	0.0	0.0	0.0	0.0	0.0	0.0	0.0	0.1	0.0	0.0	0.0	0.0	0.1	0.0	0.0	0.1
0.0	0.0	0.0	0.0	0.0	0.0	0.0	0.0	0.0	0.0	0.0	0.0	0.0	0.0	0.0	0.0	0.0	0.0	0.0	1.0	1.5999999999927916	2.1999999862666444	2.1587666703525947	2.7587666566601348
1.6	1.2000000000036066	0.8000000000108198	0.5	0.0	0.0	0.0	0.0	0.0	0.0	0.0	0.0	0.0	0.0	0.0	0.0	0.0	0.0	0.0	0.5	0.899999999992793	1.299999988606434	1.2999999950093097	1.69999997779692
0.08	0.0	0.0	0.0	0.0	0.0	0.0	0.0	0.0	0.0	0.0	0.0	0.0	0.0	0.0	0.0	0.0	0.0	0.0	0.0	0.0	0.0	0.0	0.0
0.2	0.0	0.0	0.0	0.2	0.499999999985583	0.2	0.0	0.0	0.0	0.0	0.0	0.0	0.0	0.0	0.2	0.0	0.0	0.0	0.0	0.2	0.0	0.0	0.2
0.0	0.0	0.0	0.0	0.0	0.0	0.0	0.0	0.0	0.0	0.0	0.0	1.0	1.5999999637607174	2.1999998886405097	2.1999999752296358	1.599999979166955	1.000000015173463	1.0000000175700554	1.599999999302213	2.199999999295003	2.7999999616117375	2.1999999784769653	2.19999999531733
0.0	0.0	0.0	0.0	0.0	0.0	0.0	0.0	0.0	0.0	0.0	0.0	1.0	1.5999955718475638	1.662937350103428	2.198534258638393	1.598534262802294	1.0000000125011603	1.000000012528591	1.5999973289509701	2.1999973289437578	2.374746541446907	1.774746555201505	2.1999999950146982
0.0	0.0	0.0	0.0	0.0	0.0	0.0	0.0	0.0	0.0	0.0	0.0	1.0	1.5999999637607174	2.1999998886405097	2.1999999752296358	1.599999979166955	1.000000015173463	1.0000000175700554	1.599999999302213	2.199999999295003	2.7999999616117375	2.1999999784769653	2.19999999531733
0.08	0.0	0.0	0.0	0.0	0.0	0.0	0.0	0.0	0.0	0.0	0.0	0.0	0.0	0.0	0.0	0.0	0.0	0.0	0.0	0.0	0.0	0.0	0.0
0.0	0.0	0.0	0.0	0.0	0.25	0.4499999852416806	0.4548844259629969	0.25488442915721543	0.25	0.0	0.0	0.0	0.0	0.0	0.0	0.0	0.0	0.0	0.0	0.25	0.2814628865518888	0.2500000206350057	0.44999999790999134
0.0	0.0	0.0	0.0	0.0	0.0	0.0	0.0	0.0	0.0	0.0	0.0	0.0	0.0	0.0	0.0	0.0	0.0	0.0	0.0	0.25	0.25000004229552797	0.25000001383426995	0.4499999975639629
0.08	0.0	0.0	0.0	0.0	0.0	0.0	0.0	0.0	0.0	0.0	0.0	0.0	0.0	0.0	0.0	0.0	0.0	0.0	0.0	0.0	0.0	0.0	0.0
0.25	0.0	0.0	0.0	0.25	0.499999999985583	0.25	0.0	0.0	0.0	0.0	0.0	0.0	0.0	0.25	0.25	0.0	0.0	0.0	0.0	0.25	0.2500000624341727	0.2500000154660926	0.4999999953592261
0.0	0.0	0.0	0.0	0.0	0.25	0.4499999852416806	0.4548844259629969	0.25488442915721543	0.25	0.0	0.0	0.0	0.0	0.0	0.0	0.0	0.0	0.0	0.0	0.25	0.2814628865518888	0.2500000206350057	0.44999999790999134
0.0	0.0	0.0	0.0	0.0	0.0	0.0	0.0	0.0	0.0	0.0	0.0	0.0	0.0	0.0	0.0	0.0	0.0	0.0	0.0	0.25	0.25000004229552797	0.25000001383426995	0.4499999975639629
0.0	0.0	0.0	0.0	0.0	0.25	0.4499999852416806	0.4548844259629969	0.25488442915721543	0.25	0.0	0.0	0.0	0.0	0.0	0.0	0.0	0.0	0.0	0.0	0.25	0.2814628865518888	0.2500000206350057	0.44999999790999134
0.25	0.0	0.0	0.0	0.25	0.49999999998558087	0.25	0.0	0.0	0.0	0.0	0.0	0.0	0.0	0.25	0.25	0.0	0.0	0.0	0.0	0.25	0.2500000422952234	0.25000001383431386	0.4999999951266424
 
list 3: spolied wind power
1.104181296970315	1.1548071139944551	0.0	0.0	0.0	0.0	0.0	0.0	0.0	0.0	0.0	0.0	0.0	0.0	0.0	0.0	0.0	0.0	0.0	0.0	0.0	0.0	0.0	7.183556606979168e-12
1.104181296970315	1.1548071139944551	0.0	0.551973238054086	0.0	0.0	0.0	0.0	0.0	0.0	7.224839871182599e-12	0.0	0.0	0.0	7.212317166414761e-12	0.0	0.0	0.0	0.0	0.0	0.0	0.0	0.0	0.0
 
list 4: forced load curtailments
0.0	0.0	0.0	0.0	0.0	0.0	0.0	0.0	0.0	0.0	0.0	0.0	0.0	0.0	0.0	0.0	0.0	0.0	0.0	0.0	0.0	0.0	0.0	0.0
0.0	0.0	0.0	0.0	0.0	0.0	0.0	0.0	0.0	0.0	0.0	0.0	0.0	0.0	0.0	0.0	0.0	0.0	0.0	0.0	0.0	0.0	0.0	0.0
0.0	0.0	0.0	0.0	0.0	0.0	0.0	0.0	0.0	0.0	0.0	0.0	0.0	0.0	0.0	0.0	0.0	0.0	0.0	0.0	0.0	0.0	0.0	0.0
0.0	0.0	0.0	0.0	0.0	0.0	0.0	0.0	0.0	0.0	0.0	0.0	0.0	0.0	0.0	0.0	0.0	0.0	0.0	0.0	0.0	0.0	0.0	0.0
0.0	0.0	0.0	0.0	0.0	0.0	0.0	0.0	0.0	0.0	0.0	0.0	0.0	0.0	0.0	0.0	0.0	0.0	0.0	0.0	0.0	0.0	0.0	0.0
0.0	0.0	0.0	0.0	0.0	0.0	0.0	0.0	0.0	0.0	0.0	0.0	0.0	0.0	0.0	0.0	0.0	0.0	0.0	0.0	0.0	0.0	0.0	0.0
0.0	0.0	0.0	0.0	0.0	0.0	0.0	0.0	0.0	0.0	0.0	0.0	0.0	0.0	0.0	0.0	0.0	0.0	0.0	0.0	0.0	0.0	0.0	0.0
0.0	0.0	0.0	0.0	0.0	0.0	0.0	0.0	0.0	0.0	0.0	0.0	0.0	0.0	0.0	0.0	0.0	0.0	0.0	0.0	0.0	0.0	0.0	0.0
0.0	0.0	0.0	0.0	0.0	0.0	0.0	0.0	0.0	0.0	0.0	0.0	0.0	0.0	0.0	0.0	0.0	0.0	0.0	0.0	0.0	0.0	0.0	0.0
0.0	0.0	0.0	0.0	0.0	0.0	0.0	0.0	0.0	0.0	0.0	0.0	0.0	0.0	0.0	0.0	0.0	0.0	0.0	0.0	0.0	0.0	0.0	0.0
0.0	0.0	0.0	0.0	0.0	0.0	0.0	0.0	0.0	0.0	0.0	0.0	0.0	0.0	0.0	0.0	0.0	0.0	0.0	0.0	0.0	0.0	0.0	0.0
0.0	0.0	0.0	0.0	0.0	0.0	0.0	0.0	0.0	0.0	0.0	0.0	0.0	0.0	0.0	0.0	0.0	0.0	0.0	0.0	0.0	0.0	0.0	0.0
0.0	0.0	0.0	0.0	0.0	0.0	0.0	0.0	0.0	0.0	0.0	0.0	0.0	0.0	0.0	0.0	0.0	0.0	0.0	0.0	0.0	0.0	0.0	0.0
0.0	0.0	0.0	0.0	0.0	0.0	0.0	0.0	0.0	0.0	0.0	0.0	0.0	0.0	0.0	0.0	0.0	0.0	0.0	0.0	0.0	0.0	0.0	0.0
0.0	0.0	0.0	0.0	0.0	0.0	0.0	0.0	0.0	0.0	0.0	0.0	0.0	0.0	0.0	0.0	0.0	0.0	0.0	0.0	0.0	0.0	0.0	0.0
0.0	0.0	0.0	0.0	0.0	0.0	0.0	0.0	0.0	0.0	0.0	0.0	0.0	0.0	0.0	0.0	0.0	0.0	0.0	0.0	0.0	0.0	0.0	0.0
0.0	0.0	0.0	0.0	0.0	0.0	0.0	0.0	0.0	0.0	0.0	0.0	0.0	0.0	0.0	0.0	0.0	0.0	0.0	0.0	0.0	0.0	0.0	0.0
0.0	0.0	0.0	0.0	0.0	0.0	0.0	0.0	0.0	0.0	0.0	0.0	0.0	0.0	0.0	0.0	0.0	0.0	0.0	0.0	0.0	0.0	0.0	0.0
0.0	0.0	0.0	0.0	0.0	0.0	0.0	0.0	0.0	0.0	0.0	0.0	0.0	0.0	0.0	0.0	0.0	0.0	0.0	0.0	0.0	0.0	0.0	0.0
0.0	0.0	0.0	0.0	0.0	0.0	0.0	0.0	0.0	0.0	0.0	0.0	0.0	0.0	0.0	0.0	0.0	0.0	0.0	0.0	0.0	0.0	0.0	0.0
0.0	0.0	0.0	0.0	0.0	0.0	0.0	0.0	0.0	0.0	0.0	0.0	0.0	0.0	0.0	0.0	0.0	0.0	0.0	0.0	0.0	0.0	0.0	0.0
0.0	0.0	0.0	0.0	0.0	0.0	0.0	0.0	0.0	0.0	0.0	0.0	0.0	0.0	0.0	0.0	0.0	0.0	0.0	0.0	0.0	0.0	0.0	0.0
0.0	0.0	0.0	0.0	0.0	0.0	0.0	0.0	0.0	0.0	0.0	0.0	0.0	0.0	0.0	0.0	0.0	0.0	0.0	0.0	0.0	0.0	0.0	0.0
0.0	0.0	0.0	0.0	0.0	0.0	0.0	0.0	0.0	0.0	0.0	0.0	0.0	0.0	0.0	0.0	0.0	0.0	0.0	0.0	0.0	0.0	0.0	0.0
0.0	0.0	0.0	0.0	0.0	0.0	0.0	0.0	0.0	0.0	0.0	0.0	0.0	0.0	0.0	0.0	0.0	0.0	0.0	0.0	0.0	0.0	0.0	0.0
0.0	0.0	0.0	0.0	0.0	0.0	0.0	0.0	0.0	0.0	0.0	0.0	0.0	0.0	0.0	0.0	0.0	0.0	0.0	0.0	0.0	0.0	0.0	0.0
0.0	0.0	0.0	0.0	0.0	0.0	0.0	0.0	0.0	0.0	0.0	0.0	0.0	0.0	0.0	0.0	0.0	0.0	0.0	0.0	0.0	0.0	0.0	0.0
0.0	0.0	0.0	0.0	0.0	0.0	0.0	0.0	0.0	0.0	0.0	0.0	0.0	0.0	0.0	0.0	0.0	0.0	0.0	0.0	0.0	0.0	0.0	0.0
0.0	0.0	0.0	0.0	0.0	0.0	0.0	0.0	0.0	0.0	0.0	0.0	0.0	0.0	0.0	0.0	0.0	0.0	0.0	0.0	0.0	0.0	0.0	0.0
0.0	0.0	0.0	0.0	0.0	0.0	0.0	0.0	0.0	0.0	0.0	0.0	0.0	0.0	0.0	0.0	0.0	0.0	0.0	0.0	0.0	0.0	0.0	0.0
0.0	0.0	0.0	0.0	0.0	0.0	0.0	0.0	0.0	0.0	0.0	0.0	0.0	0.0	0.0	0.0	0.0	0.0	0.0	0.0	0.0	0.0	0.0	0.0
0.0	0.0	0.0	0.0	0.0	0.0	0.0	0.0	0.0	0.0	0.0	0.0	0.0	0.0	0.0	0.0	0.0	0.0	0.0	0.0	0.0	0.0	0.0	0.0
0.0	0.0	0.0	0.0	0.0	0.0	0.0	0.0	0.0	0.0	0.0	0.0	0.0	0.0	0.0	0.0	0.0	0.0	0.0	0.0	0.0	0.0	0.0	0.0
0.0	0.0	0.0	0.0	0.0	0.0	0.0	0.0	0.0	0.0	0.0	0.0	0.0	0.0	0.0	0.0	0.0	0.0	0.0	0.0	0.0	0.0	0.0	0.0
0.0	0.0	0.0	0.0	0.0	0.0	0.0	0.0	0.0	0.0	0.0	0.0	0.0	0.0	0.0	0.0	0.0	0.0	0.0	0.0	0.0	0.0	0.0	0.0
0.0	0.0	0.0	0.0	0.0	0.0	0.0	0.0	0.0	0.0	0.0	0.0	0.0	0.0	0.0	0.0	0.0	0.0	0.0	0.0	0.0	0.0	0.0	0.0
0.0	0.0	0.0	0.0	0.0	0.0	0.0	0.0	0.0	0.0	0.0	0.0	0.0	0.0	0.0	0.0	0.0	0.0	0.0	0.0	0.0	0.0	0.0	0.0
0.0	0.0	0.0	0.0	0.0	0.0	0.0	0.0	0.0	0.0	0.0	0.0	0.0	0.0	0.0	0.0	0.0	0.0	0.0	0.0	0.0	0.0	0.0	0.0
0.0	0.0	0.0	0.0	0.0	0.0	0.0	0.0	0.0	0.0	0.0	0.0	0.0	0.0	0.0	0.0	0.0	0.0	0.0	0.0	0.0	0.0	0.0	0.0
0.0	0.0	0.0	0.0	0.0	0.0	0.0	0.0	0.0	0.0	0.0	0.0	0.0	0.0	0.0	0.0	0.0	0.0	0.0	0.0	0.0	0.0	0.0	0.0
0.0	0.0	0.0	0.0	0.0	0.0	0.0	0.0	0.0	0.0	0.0	0.0	0.0	0.0	0.0	0.0	0.0	0.0	0.0	0.0	0.0	0.0	0.0	0.0
0.0	0.0	0.0	0.0	0.0	0.0	0.0	0.0	0.0	0.0	0.0	0.0	0.0	0.0	0.0	0.0	0.0	0.0	0.0	0.0	0.0	0.0	0.0	0.0
0.0	0.0	0.0	0.0	0.0	0.0	0.0	0.0	0.0	0.0	0.0	0.0	0.0	0.0	0.0	0.0	0.0	0.0	0.0	0.0	0.0	0.0	0.0	0.0
0.0	0.0	0.0	0.0	0.0	0.0	0.0	0.0	0.0	0.0	0.0	0.0	0.0	0.0	0.0	0.0	0.0	0.0	0.0	0.0	0.0	0.0	0.0	0.0
0.0	0.0	0.0	0.0	0.0	0.0	0.0	0.0	0.0	0.0	0.0	0.0	0.0	0.0	0.0	0.0	0.0	0.0	0.0	0.0	0.0	0.0	0.0	0.0
0.0	0.0	0.0	0.0	0.0	0.0	0.0	0.0	0.0	0.0	0.0	0.0	0.0	0.0	0.0	0.0	0.0	0.0	0.0	0.0	0.0	0.0	0.0	0.0
0.0	0.0	0.0	0.0	0.0	0.0	0.0	0.0	0.0	0.0	0.0	0.0	0.0	0.0	0.0	0.0	0.0	0.0	0.0	0.0	0.0	0.0	0.0	0.0
0.0	0.0	0.0	0.0	0.0	0.0	0.0	0.0	0.0	0.0	0.0	0.0	0.0	0.0	0.0	0.0	0.0	0.0	0.0	0.0	0.0	0.0	0.0	0.0
0.0	0.0	0.0	0.0	0.0	0.0	0.0	0.0	0.0	0.0	0.0	0.0	0.0	0.0	0.0	0.0	0.0	0.0	0.0	0.0	0.0	0.0	0.0	0.0
0.0	0.0	0.0	0.0	0.0	0.0	0.0	0.0	0.0	0.0	0.0	0.0	0.0	0.0	0.0	0.0	0.0	0.0	0.0	0.0	0.0	0.0	0.0	0.0
0.0	0.0	0.0	0.0	0.0	0.0	0.0	0.0	0.0	0.0	0.0	0.0	0.0	0.0	0.0	0.0	0.0	0.0	0.0	0.0	0.0	0.0	0.0	0.0
0.0	0.0	0.0	0.0	0.0	0.0	0.0	0.0	0.0	0.0	0.0	0.0	0.0	0.0	0.0	0.0	0.0	0.0	0.0	0.0	0.0	0.0	0.0	0.0
0.0	0.0	0.0	0.0	0.0	0.0	0.0	0.0	0.0	0.0	0.0	0.0	0.0	0.0	0.0	0.0	0.0	0.0	0.0	0.0	0.0	0.0	0.0	0.0
0.0	0.0	0.0	0.0	0.0	0.0	0.0	0.0	0.0	0.0	0.0	0.0	0.0	0.0	0.0	0.0	0.0	0.0	0.0	0.0	0.0	0.0	0.0	0.0
0.0	0.0	0.0	0.0	0.0	0.0	0.0	0.0	0.0	0.0	0.0	0.0	0.0	0.0	0.0	0.0	0.0	0.0	0.0	0.0	0.0	0.0	0.0	0.0
0.0	0.0	0.0	0.0	0.0	0.0	0.0	0.0	0.0	0.0	0.0	0.0	0.0	0.0	0.0	0.0	0.0	0.0	0.0	0.0	0.0	0.0	0.0	0.0
0.0	0.0	0.0	0.0	0.0	0.0	0.0	0.0	0.0	0.0	0.0	0.0	0.0	0.0	0.0	0.0	0.0	0.0	0.0	0.0	0.0	0.0	0.0	0.0
0.0	0.0	0.0	0.0	0.0	0.0	0.0	0.0	0.0	0.0	0.0	0.0	0.0	0.0	0.0	0.0	0.0	0.0	0.0	0.0	0.0	0.0	0.0	0.0
0.0	0.0	0.0	0.0	0.0	0.0	0.0	0.0	0.0	0.0	0.0	0.0	0.0	0.0	0.0	0.0	0.0	0.0	0.0	0.0	0.0	0.0	0.0	0.0
0.0	0.0	0.0	0.0	0.0	0.0	0.0	0.0	0.0	0.0	0.0	0.0	0.0	0.0	0.0	0.0	0.0	0.0	0.0	0.0	0.0	0.0	0.0	0.0
0.0	0.0	0.0	0.0	0.0	0.0	0.0	0.0	0.0	0.0	0.0	0.0	0.0	0.0	0.0	0.0	0.0	0.0	0.0	0.0	0.0	0.0	0.0	0.0
0.0	0.0	0.0	0.0	0.0	0.0	0.0	0.0	0.0	0.0	0.0	0.0	0.0	0.0	0.0	0.0	0.0	0.0	0.0	0.0	0.0	0.0	0.0	0.0
0.0	0.0	0.0	0.0	0.0	0.0	0.0	0.0	0.0	0.0	0.0	0.0	0.0	0.0	0.0	0.0	0.0	0.0	0.0	0.0	0.0	0.0	0.0	0.0
0.0	0.0	0.0	0.0	0.0	0.0	0.0	0.0	0.0	0.0	0.0	0.0	0.0	0.0	0.0	0.0	0.0	0.0	0.0	0.0	0.0	0.0	0.0	0.0
0.0	0.0	0.0	0.0	0.0	0.0	0.0	0.0	0.0	0.0	0.0	0.0	0.0	0.0	0.0	0.0	0.0	0.0	0.0	0.0	0.0	0.0	0.0	0.0
0.0	0.0	0.0	0.0	0.0	0.0	0.0	0.0	0.0	0.0	0.0	0.0	0.0	0.0	0.0	0.0	0.0	0.0	0.0	0.0	0.0	0.0	0.0	0.0
0.0	0.0	0.0	0.0	0.0	0.0	0.0	0.0	0.0	0.0	0.0	0.0	0.0	0.0	0.0	0.0	0.0	0.0	0.0	0.0	0.0	0.0	0.0	0.0
0.0	0.0	0.0	0.0	0.0	0.0	0.0	0.0	0.0	0.0	0.0	0.0	0.0	0.0	0.0	0.0	0.0	0.0	0.0	0.0	0.0	0.0	0.0	0.0
0.0	0.0	0.0	0.0	0.0	0.0	0.0	0.0	0.0	0.0	0.0	0.0	0.0	0.0	0.0	0.0	0.0	0.0	0.0	0.0	0.0	0.0	0.0	0.0
0.0	0.0	0.0	0.0	0.0	0.0	0.0	0.0	0.0	0.0	0.0	0.0	0.0	0.0	0.0	0.0	0.0	0.0	0.0	0.0	0.0	0.0	0.0	0.0
0.0	0.0	0.0	0.0	0.0	0.0	0.0	0.0	0.0	0.0	0.0	0.0	0.0	0.0	0.0	0.0	0.0	0.0	0.0	0.0	0.0	0.0	0.0	0.0
0.0	0.0	0.0	0.0	0.0	0.0	0.0	0.0	0.0	0.0	0.0	0.0	0.0	0.0	0.0	0.0	0.0	0.0	0.0	0.0	0.0	0.0	0.0	0.0
0.0	0.0	0.0	0.0	0.0	0.0	0.0	0.0	0.0	0.0	0.0	0.0	0.0	0.0	0.0	0.0	0.0	0.0	0.0	0.0	0.0	0.0	0.0	0.0
0.0	0.0	0.0	0.0	0.0	0.0	0.0	0.0	0.0	0.0	0.0	0.0	0.0	0.0	0.0	0.0	0.0	0.0	0.0	0.0	0.0	0.0	0.0	0.0
0.0	0.0	0.0	0.0	0.0	0.0	0.0	0.0	0.0	0.0	0.0	0.0	0.0	0.0	0.0	0.0	0.0	0.0	0.0	0.0	0.0	0.0	0.0	0.0
0.0	0.0	0.0	0.0	0.0	0.0	0.0	0.0	0.0	0.0	0.0	0.0	0.0	0.0	0.0	0.0	0.0	0.0	0.0	0.0	0.0	0.0	0.0	0.0
0.0	0.0	0.0	0.0	0.0	0.0	0.0	0.0	0.0	0.0	0.0	0.0	0.0	0.0	0.0	0.0	0.0	0.0	0.0	0.0	0.0	0.0	0.0	0.0
0.0	0.0	0.0	0.0	0.0	0.0	0.0	0.0	0.0	0.0	0.0	0.0	0.0	0.0	0.0	0.0	0.0	0.0	0.0	0.0	0.0	0.0	0.0	0.0
0.0	0.0	0.0	0.0	0.0	0.0	0.0	0.0	0.0	0.0	0.0	0.0	0.0	0.0	0.0	0.0	0.0	0.0	0.0	0.0	0.0	0.0	0.0	0.0
0.0	0.0	0.0	0.0	0.0	0.0	0.0	0.0	0.0	0.0	0.0	0.0	0.0	0.0	0.0	0.0	0.0	0.0	0.0	0.0	0.0	0.0	0.0	0.0
0.0	0.0	0.0	0.0	0.0	0.0	0.0	0.0	0.0	0.0	0.0	0.0	0.0	0.0	0.0	0.0	0.0	0.0	0.0	0.0	0.0	0.0	0.0	0.0
0.0	0.0	0.0	0.0	0.0	0.0	0.0	0.0	0.0	0.0	0.0	0.0	0.0	0.0	0.0	0.0	0.0	0.0	0.0	0.0	0.0	0.0	0.0	0.0
0.0	0.0	0.0	0.0	0.0	0.0	0.0	0.0	0.0	0.0	0.0	0.0	0.0	0.0	0.0	0.0	0.0	0.0	0.0	0.0	0.0	0.0	0.0	0.0
0.0	0.0	0.0	0.0	0.0	0.0	0.0	0.0	0.0	0.0	0.0	0.0	0.0	0.0	0.0	0.0	0.0	0.0	0.0	0.0	0.0	0.0	0.0	0.0
0.0	0.0	0.0	0.0	0.0	0.0	0.0	0.0	0.0	0.0	0.0	0.0	0.0	0.0	0.0	0.0	0.0	0.0	0.0	0.0	0.0	0.0	0.0	0.0
0.0	0.0	0.0	0.0	0.0	0.0	0.0	0.0	0.0	0.0	0.0	0.0	0.0	0.0	0.0	0.0	0.0	0.0	0.0	0.0	0.0	0.0	0.0	0.0
0.0	0.0	0.0	0.0	0.0	0.0	0.0	0.0	0.0	0.0	0.0	0.0	0.0	0.0	0.0	0.0	0.0	0.0	0.0	0.0	0.0	0.0	0.0	0.0
0.0	0.0	0.0	0.0	0.0	0.0	0.0	0.0	0.0	0.0	0.0	0.0	0.0	0.0	0.0	0.0	0.0	0.0	0.0	0.0	0.0	0.0	0.0	0.0
0.0	0.0	0.0	0.0	0.0	0.0	0.0	0.0	0.0	0.0	0.0	0.0	0.0	0.0	0.0	0.0	0.0	0.0	0.0	0.0	0.0	0.0	0.0	0.0
0.0	0.0	0.0	0.0	0.0	0.0	0.0	0.0	0.0	0.0	0.0	0.0	0.0	0.0	0.0	0.0	0.0	0.0	0.0	0.0	0.0	0.0	0.0	0.0
0.0	0.0	0.0	0.0	0.0	0.0	0.0	0.0	0.0	0.0	0.0	0.0	0.0	0.0	0.0	0.0	0.0	0.0	0.0	0.0	0.0	0.0	0.0	0.0
 
 
list 10: sr⁺
0.0	0.0	0.0	0.0	0.0	7.208403915894863e-12	0.0	0.0	0.0	0.0	0.0	0.0	0.0	0.0	0.0	0.0	0.0	0.0	0.0	0.0	0.0	0.0	0.0	0.0
0.0	0.0	0.0	0.0	0.0	7.208403915894863e-12	0.0	0.0	0.0	0.0	0.0	0.0	0.0	0.0	0.0	0.0	0.0	0.0	0.0	0.0	0.0	0.0	0.0	0.0
0.0	0.0	0.0	0.0	0.0	7.208403915894863e-12	0.0	0.0	0.0	0.0	0.0	0.0	0.0	0.0	0.0	0.0	0.0	0.0	0.0	0.0	7.218621138951351e-12	0.0	0.0	0.0
0.0	0.0	0.0	0.0	0.0	0.0	0.0	0.0	0.0	0.0	0.0	0.0	0.0	0.08295561854545862	0.06725509658476463	0.06807806497114643	7.215966892570543e-6	7.22012751807439e-6	7.22058495483647e-6	7.215999750124786e-6	0.07044624955643784	0.030221636317332868	0.035133424645699254	0.0
0.0	0.0	0.0	0.0	0.0	0.0	0.0	0.0	0.0	0.0	0.0	0.0	0.0	0.085149829373487	0.08188973971008688	0.08250047586064582	7.2197241448054665e-6	7.221525365375841e-6	7.221987978227838e-6	7.219355355320839e-6	0.08621538579619678	0.03443945208710696	0.035908875086939906	0.042627254589114524
0.0	0.0	0.0	0.0	0.0	0.0	0.0	0.0	0.0	0.0	0.0	0.0	0.0	0.0	0.0	0.0	0.0	0.0	0.0	0.0	0.0	0.0	0.0	0.0
0.0	7.206766395433171e-6	7.212449697872945e-6	0.0	0.0	0.0	0.0	0.0	0.0	0.0	0.0	0.0	0.0	0.0	0.0	0.0	0.0	0.0	0.0	0.0	0.0	0.03375161832237625	0.034753524438979416	0.040376665620034356
0.0	0.0	0.0	0.0	0.0	7.208403915894863e-12	0.0	0.0	0.0	0.0	0.0	0.0	0.0	0.0	0.0	0.0	0.0	0.0	0.0	0.0	0.0	0.0	0.0	0.0
0.0	0.0	0.0	0.0	7.223850715244663e-6	7.208403915894863e-12	0.0	0.0	0.0	0.0	0.0	0.0	0.0	0.0	0.0	0.0	0.0	0.0	0.0	0.0	0.0	0.0	0.0	0.0
0.0	0.0	0.0	0.0	0.0	0.0	0.0	0.0	0.0	0.0	0.0	0.0	0.0	0.08522272203514052	0.0810540144505708	0.08302905036080034	7.219279433202637e-6	7.221525342118403e-6	7.2219879720238165e-6	7.221103955326407e-6	0.0	0.0	0.0	0.0
0.0	0.0	0.0	0.0	0.0	0.0	0.0	0.0	0.0	0.0	0.0	0.0	0.14522439324411157	0.08562544012456094	0.08241926368257588	0.0850490153526939	7.220812899136407e-6	7.222364257146777e-6	7.222829977549666e-6	7.220712905583581e-6	0.08788674839082533	0.03596906993205434	0.03618376450485036	0.04358929056922958
0.0	0.0	0.0	0.0	0.0	0.0	0.0	0.0	0.0	0.0	0.0	0.0	0.0	0.0	0.0	0.0	0.0	0.0	0.0	0.0	0.0	0.0	0.0	0.0
0.0	0.0	0.0	0.0	0.0	0.0	0.0	0.0	0.0	0.0	0.0	0.0	0.0	0.0	0.0	0.0	0.0	0.0	0.0	0.0	0.0	0.0	0.0	0.0
0.0	0.0	0.0	0.0	0.0	0.0	0.0	0.0	0.0	0.0	0.0	0.0	0.0	0.0	0.0	0.0	0.0	0.0	0.0	0.0	0.10295734204573437	0.033751576717549074	0.03475307662916905	0.04037666708849524
0.0	0.0	0.0	0.0	0.0	0.0	0.0	0.0	0.0	0.0	0.0	0.0	0.0	0.0	0.0	0.0	0.0	0.0	0.0	0.0	0.0	0.0	0.0	0.0
0.0	7.206766395434798e-6	7.212449697876415e-6	7.214145162986194e-6	7.210293791460459e-6	0.16675576181580518	0.06603205595716623	0.12125161632997489	7.2103648344564895e-6	0.0	0.0	0.0	0.0	0.0	0.0	0.0	0.0	0.0	0.0	0.0	0.0	0.03375161832237625	0.034753524438979416	0.040376665620034356
0.0	0.0	0.0	0.0	0.0	0.0	0.0	0.0	0.0	0.0	0.0	0.0	0.0	0.0	0.0	0.0	0.0	0.0	0.0	0.0	0.0	0.0	0.0	0.0
0.0	0.0	0.0	0.0	0.0	0.0	0.0	0.0	0.0	0.0	0.0	0.0	0.0	0.0	0.0	0.0	0.0	0.0	0.0	0.0	0.0	0.0	0.0	0.0
0.0	7.22484484459913e-6	0.0	0.0	0.0	0.0	0.0	0.0	0.0	0.0	0.0	0.0	0.0	0.0	0.0	0.0	0.0	0.0	0.0	0.0	0.0	0.033751576717549074	0.03475307662916905	0.04037666708849524
0.0	0.0	0.0	0.0	0.0	0.0	0.0	0.0	0.0	0.0	0.0	0.0	0.14296115677156668	0.08352110027539503	0.07688322463833855	0.0839607572018253	7.219678263029549e-6	7.22152535604292e-6	7.221987937470835e-6	7.219710775472048e-6	0.08684425860294184	0.03332987742877556	0.03599134351864622	0.04130676104029366
0.0	0.0	0.0	0.0	0.0	0.0	0.0	0.0	0.0	0.0	0.0	0.0	0.14296837083353828	0.08643771129615924	0.08343758049156386	0.08559241414228888	7.22106945837543e-6	7.221525380703532e-6	7.221987993814871e-6	7.221103585670712e-6	0.08912136357312835	0.035886256728479476	0.03613338090720082	0.04339208058788997
0.0	0.0	0.0	0.0	0.0	0.0	0.0	0.0	0.0	0.0	0.0	0.0	0.0	0.0	0.0	0.0	0.0	0.0	0.0	0.0	0.0	0.033751576717549074	0.03475307662916905	0.04037666708849524
0.0	7.208610058566573e-6	7.213365195871753e-6	0.0	0.0	0.0	0.0	0.0	0.0	0.0	0.0	0.0	0.0	0.0	0.0	0.0	0.0	0.0	0.0	0.0	0.0	0.03375161832237625	0.034753524438979416	0.040376665620034356
0.0	0.0	0.0	0.0	0.0	0.0	0.0	0.0	0.0	0.0	0.0	0.0	0.14008202767131886	0.08472860356968735	0.08101640675501413	0.08383382919741203	7.2196764006529765e-6	7.220127584493699e-6	7.220585022047789e-6	7.219710089237234e-6	0.08711833834601955	0.0348723802855467	0.03587064384094166	0.041959429543408214
0.0	0.0	0.0	0.0	0.0	0.0	0.0	0.0	0.0	0.0	0.0	0.0	0.0	0.0	0.0	0.0	0.0	0.0	0.0	0.0	0.08774247665147407	0.03483115228799397	0.03440158701362258	0.035530465342708394
0.0	7.208036414120826e-6	7.213074284673519e-6	0.0	0.0	0.0	0.0	0.0	0.0	0.0	0.0	0.0	0.0	0.0	0.0	0.0	0.0	0.0	0.0	0.0	0.0	0.03375161832237625	0.034753524438979416	0.040376665620034356
0.0	7.22032082469033e-6	7.221981183963035e-6	0.0	0.0	0.0	0.0	0.0	0.0	0.0	0.0	0.0	0.0	0.0	0.0	0.0	0.0	0.0	0.0	0.0	0.0	0.03642521722387956	0.03603052995997783	0.04178358953505517
0.0	0.0	0.0	0.0	0.0	0.0	0.0	0.0	0.0	0.0	0.0	0.0	0.0	0.0	0.0	0.08932052441607327	7.222637145033869e-6	7.223098384162791e-6	7.22356681667161e-6	7.221741748882548e-6	0.08990837707428745	0.034685976368818906	0.03609183338282171	0.04179907231231367
0.0	0.0	0.0	0.0	0.0	0.0	0.0	0.0	0.0	0.0	0.0	0.0	0.14372734016693975	0.08353614149728872	0.07373359839370974	0.08392687444601844	7.2200252594986506e-6	7.221906640094236e-6	7.222370650977771e-6	7.220059016995232e-6	0.08742053689021938	0.03187547103134925	0.035123907293982806	0.0433889160466291
0.0	0.0	0.0	0.0	0.0	0.0	1.6431400838228402e-8	3.2651535907285022e-9	0.0	0.0	0.0	0.0	0.0	0.0	0.0	0.0	0.0	0.0	0.0	0.0	7.216624900197207e-12	0.03319598035752814	0.032530363576683	2.1205726536487134e-9
0.0	0.0	0.0	0.0	0.0	0.0	0.0	0.0	0.0	0.0	0.0	0.0	0.0	0.0	0.0	0.0	0.0	0.0	0.0	0.0	0.0	0.0	0.0	0.0
0.0	0.0	0.0	0.0	0.0	7.208403915894863e-12	0.0	0.0	0.0	0.0	0.0	0.0	0.0	0.0	0.0	0.0	0.0	0.0	0.0	0.0	7.218621138951351e-12	0.0	0.0	0.0
0.0	0.0	0.0	0.0	0.0	0.0	0.0	0.0	0.0	0.0	0.0	0.0	0.0	0.0	0.0	0.0	0.0	0.0	0.0	0.0	0.0	0.0	0.0	0.0
0.0	0.0	0.0	0.0	0.0	0.0	0.1705203201795947	0.15628476045731296	7.214336101888578e-6	0.0	0.0	0.0	0.0	0.0	0.0	0.0	0.0	0.0	0.0	0.0	0.0	0.035078026268554684	0.03474107452526203	0.04037743713188903
0.0	0.0	0.0	0.0	0.0	0.0	0.0	0.0	0.0	0.0	0.0	0.0	0.0	0.0	0.0	0.0	0.0	0.0	0.0	0.0	0.0	0.0351688926158016	0.0347185670088648	0.040376192686372714
0.0	0.0	0.0	0.0	0.0	0.0	0.0	0.0	0.0	0.0	0.0	0.0	0.0	0.08401486795159804	0.07996505703751544	0.08326620287216056	7.21884586155411e-6	7.220127557731686e-6	7.22058499503294e-6	7.2180478304791854e-6	0.08473901998715153	0.034342105489402835	0.03582629931390343	0.0
0.0	0.0	0.0	0.0	0.0	0.0	0.1705203201795947	0.15628476045731296	7.214336101888578e-6	0.0	0.0	0.0	0.0	0.0	0.0	0.0	0.0	0.0	0.0	0.0	0.0	0.035078026268554684	0.03474107452526203	0.04037743713188903
0.0	0.0	0.0	0.0	0.0	7.209568902537881e-12	0.0	0.0	0.0	0.0	0.0	0.0	0.0	0.0	0.0	0.0	0.0	0.0	0.0	0.0	0.0	0.0	0.0	0.043840719179283574
0.0	0.0	0.0	0.0	0.0	0.0	0.0	0.0	0.0	0.0	0.0	0.0	0.0	0.0	0.0	0.0	0.0	0.0	0.0	0.0	0.0893254820429739	0.03528440684397633	0.035115594728107914	0.03360101402202016
0.0	7.214852690999693e-6	7.218332377901702e-6	7.21708340434377e-6	7.2119723937717544e-6	0.10439496557081156	9.003194316715552e-9	0.13235465169394248	7.215105587781009e-6	7.218758512893362e-6	7.221226659510785e-6	7.2138811644002895e-6	0.10291130801178444	0.08154900022725654	0.08165346798703697	0.0	0.0	0.0	0.0	0.0	0.0	0.0	0.0	0.0
0.0	0.0	0.0	0.0	0.0	0.0	0.0	0.0	0.0	0.0	0.0	0.0	0.0	0.0	0.0	0.0	0.0	0.0	0.0	0.0	0.0	0.0	0.0	0.0
0.0	0.0	0.0	0.0	0.0	7.208522742048147e-12	0.0	0.0	0.0	0.0	0.0	0.0	0.0	0.0	0.0	0.0	0.0	0.0	0.0	0.0	0.0	0.0	0.0	0.0
0.0	0.0	0.0	0.0	0.0	0.0	0.0	0.0	0.0	0.0	0.0	0.0	0.0	0.08522272203514052	0.0810540144505708	0.08302905036080034	7.219279433202637e-6	7.221525342118403e-6	7.2219879720238165e-6	7.221103955326407e-6	0.0	0.0	0.0	0.0
0.0	0.0	0.0	0.0	0.0	0.0	0.0	0.0	0.0	0.0	0.0	0.0	0.0	0.08514982937348693	0.08188973971008681	0.08250047586064609	7.2197241448054665e-6	7.221525365375841e-6	7.221987978227838e-6	7.2193553553207305e-6	0.08621538579619578	0.03443945208710735	0.035908875086940066	0.0426272545891147
0.0	0.0	0.0	0.0	0.0	0.0	0.0	0.0	0.0	0.0	0.0	0.0	0.0	0.08522272203514052	0.0810540144505708	0.08302905036080034	7.219279433202637e-6	7.221525342118403e-6	7.2219879720238165e-6	7.221103955326407e-6	0.0	0.0	0.0	0.0
0.0	0.0	0.0	0.0	0.0	0.0	0.0	0.0	0.0	0.0	0.0	0.0	0.0	0.0	0.0	0.0	0.0	0.0	0.0	0.0	0.0	0.0	0.0	0.0
0.0	0.0	0.0	0.0	0.0	0.0	0.1705203201795947	0.15628476045731296	7.214336101888578e-6	0.0	0.0	0.0	0.0	0.0	0.0	0.0	0.0	0.0	0.0	0.0	0.0	0.035078026268554684	0.03474107452526203	0.04037743713188903
0.0	0.0	0.0	0.0	0.0	0.0	0.0	0.0	0.0	0.0	0.0	0.0	0.0	0.0	0.0	0.0	0.0	0.0	0.0	0.0	0.0	0.0351688926158016	0.0347185670088648	0.040376192686372714
0.0	0.0	0.0	0.0	0.0	0.0	0.0	0.0	0.0	0.0	0.0	0.0	0.0	0.0	0.0	0.0	0.0	0.0	0.0	0.0	0.0	0.0	0.0	0.0
0.0	0.0	0.0	0.0	0.0	7.2085227297813685e-12	0.0	0.0	0.0	0.0	0.0	0.0	0.0	0.0	0.0	0.0	0.0	0.0	0.0	0.0	0.0	0.029308838581958752	0.028123075815655617	2.320377839838383e-9
0.0	0.0	0.0	0.0	0.0	0.0	0.1705203201795947	0.15628476045731296	7.214336101888578e-6	0.0	0.0	0.0	0.0	0.0	0.0	0.0	0.0	0.0	0.0	0.0	0.0	0.035078026268554684	0.03474107452526203	0.04037743713188903
0.0	0.0	0.0	0.0	0.0	0.0	0.0	0.0	0.0	0.0	0.0	0.0	0.0	0.0	0.0	0.0	0.0	0.0	0.0	0.0	0.0	0.0351688926158016	0.0347185670088648	0.040376192686372714
0.0	0.0	0.0	0.0	0.0	0.0	0.1705203201795947	0.15628476045731296	7.214336101888578e-6	0.0	0.0	0.0	0.0	0.0	0.0	0.0	0.0	0.0	0.0	0.0	0.0	0.035078026268554684	0.03474107452526203	0.04037743713188903
0.0	0.0	0.0	0.0	0.0	7.209591655489967e-12	0.06552908534129397	0.09611786962331524	0.0	0.0	0.0	0.0	0.0	0.0	0.0	0.0	0.0	0.0	0.0	0.0	0.0	0.02934741988479966	0.028121518807385084	2.4366687949098193e-9
0.0	0.0	0.0	0.0	0.0	7.208403915894863e-12	0.25	0.0	0.0	0.0	0.0	0.0	0.0	0.0	0.0	0.0	0.0	0.0	0.0	0.0	0.0	0.0	0.0	0.0
0.0	0.0	0.0	0.0	0.0	7.208403915894863e-12	0.0	0.0	0.0	0.0	0.0	0.0	0.0	0.0	0.0	0.0	0.0	0.0	0.0	0.0	0.0	0.0	0.0	0.0
0.0	0.0	0.0	0.0	0.0	7.208403915894863e-12	0.0	0.0	0.0	0.0	0.0	0.0	0.0	0.0	0.0	0.0	0.0	0.0	0.0	7.22464213198052e-6	7.218621122293898e-12	0.02931777418165432	0.02811957511127711	2.3081299456307203e-9
0.0	0.0	0.0	0.0	0.0	0.0	0.0	0.0	0.0	7.220155756441872e-6	7.223088009883881e-6	7.215932592575516e-6	0.0991763014896392	0.06727381813166161	0.0811095245387226	0.0	0.0	0.0	0.0	0.0	0.0	0.0	0.0	0.0
0.0	0.0	0.0	0.0	0.0	0.0	0.0	0.0	0.0	0.0	0.0	0.0	0.0	0.0	0.0	0.0	0.0	0.0	0.0	0.0	0.0893254820429739	0.03528440684397633	0.035115594728107914	0.03360101402202016
0.0	0.0	0.0	0.0	0.0	0.0	0.0	0.0	0.0	0.0	0.0	0.0	0.0	0.0	0.0	0.0	0.0	0.0	0.0	0.0	0.0	0.0	0.0	0.0
0.0	7.206766395433171e-6	7.212449697872945e-6	0.0	0.0	0.0	0.0	0.0	0.0	0.0	0.0	0.0	0.0	0.0	0.0	0.0	0.0	0.0	0.0	0.0	0.0	0.03375161832237625	0.034753524438979416	0.040376665620034356
0.0	0.0	0.0	0.0	0.0	7.208403915894863e-12	0.0	0.0	0.0	0.0	0.0	0.0	0.0	0.0	0.0	0.0	0.0	0.0	0.0	0.0	7.218621138951351e-12	0.0361646577905065	0.0	0.0
0.0	0.0	0.0	0.0	0.0	7.208403915894863e-12	0.0	0.0	0.0	0.0	0.0	0.0	0.0	0.0	0.0	0.0	0.0	0.0	0.0	0.0	7.218621138951351e-12	0.0	0.0	0.0
0.0	0.0	0.0	0.0	0.0	0.0	0.0	0.0	0.0	0.0	0.0	0.0	0.0	0.08522272203514057	0.08105401445057071	0.08302905036080035	7.219279433202637e-6	7.221525342118403e-6	7.2219879720238165e-6	7.221103955326407e-6	0.0	0.0	0.0	0.0
0.0	0.0	0.0	0.0	0.0	0.0	0.0	0.0	0.0	0.0	0.0	0.0	0.14522440416561255	0.0856256273177899	0.08242219216335045	0.0850522441557152	7.220812899112446e-6	7.22236425720424e-6	7.2228299778482555e-6	7.221940088414629e-6	0.0	0.0	0.0	0.0
0.0	0.0	0.0	0.0	0.0	0.0	0.0	0.0	0.0	0.0	0.0	0.0	0.0	0.0	0.0	0.0	0.0	0.0	0.0	0.0	0.0	0.0	0.0	0.0
0.0	0.0	0.0	0.0	0.0	0.0	0.0	0.0	0.0	0.0	0.0	0.0	0.0	0.0	0.0	0.0	0.0	0.0	0.0	0.0	0.0	0.0	0.0	0.0
0.0	0.0	7.224964440866156e-6	0.0	0.0	0.0	0.0	0.0	0.0	0.0	0.0	0.0	0.0	0.0	0.0	0.0	0.0	0.0	0.0	0.0	0.0	0.033751576717549074	0.03475307662916905	0.04037666708849524
0.0	0.0	0.0	0.0	0.0	0.0	0.0	0.0	0.0	0.0	0.0	0.0	0.0	0.0	0.0	0.0	0.0	0.0	0.0	0.0	0.0	0.0	0.0	0.0
0.0	7.208610058566573e-6	7.213365195871753e-6	7.224461809554584e-6	0.0	0.0	0.0	0.0	0.0	0.0	0.0	0.0	0.0	0.0	0.0	0.0	0.0	0.0	0.0	0.0	0.0	0.03375161832237625	0.034753524438979416	0.040376665620034356
0.0	0.0	0.0	0.0	0.0	0.0	0.0	0.0	0.0	0.0	0.0	0.0	0.0	0.0	0.0	0.0	0.0	0.0	0.0	0.0	0.0	0.0	0.0	0.0
0.0	0.0	0.0	0.0	0.0	0.0	0.0	0.0	0.0	0.0	0.0	0.0	0.0	0.0	0.0	0.0	0.0	0.0	0.0	0.0	0.0	0.0	0.0	0.0
0.0	0.0	0.0	0.0	0.0	0.0	0.0	0.0	0.0	0.0	0.0	0.0	0.0	0.0	0.0	0.0	0.0	0.0	0.0	0.0	0.0	0.033751576717549074	0.03475307662916905	0.04037666708849524
0.0	0.0	0.0	0.0	0.0	0.0	0.0	0.0	0.0	0.0	0.0	0.0	0.14296122375676992	0.08352162674518976	0.0768825158732813	0.08397041337711968	7.219678263185891e-6	7.221525356364386e-6	7.221987975099481e-6	7.221103955333563e-6	0.0	0.0	0.0	0.0
0.0	0.0	0.0	0.0	0.0	0.0	0.0	0.0	0.0	0.0	0.0	7.225422611251793e-6	0.1429683708335383	0.0864377112961593	0.08343758049156381	0.08559241414228905	7.22106945837543e-6	7.221525380703532e-6	7.221987993814979e-6	7.221103585670712e-6	0.08912136357312832	0.035886256728479435	0.036133380907200786	0.0433920805878899
0.0	0.0	0.0	0.0	0.0	0.0	0.0	0.0	0.0	0.0	0.0	0.0	0.0	0.0	0.0	0.0	0.0	0.0	0.0	0.0	0.0	0.033751576717549074	0.03475307662916905	0.04037666708849524
0.0	7.208610058566573e-6	7.213365195871753e-6	0.0	0.0	0.0	0.0	0.0	0.0	0.0	0.0	0.0	0.0	0.0	0.0	0.0	0.0	0.0	0.0	0.0	0.0	0.03375161832237625	0.034753524438979416	0.040376665620034356
0.0	0.0	0.0	0.0	0.0	0.0	0.0	0.0	0.0	0.0	0.0	0.0	0.1400820276713189	0.08472860356968737	0.08101640675501415	0.08383382919741206	7.2196764006529765e-6	7.220127584493699e-6	7.220585022047789e-6	7.219710089237234e-6	0.08711833834601955	0.034872380285546685	0.03587064384094162	0.041959429543408235
0.0	0.0	0.0	0.0	0.0	0.0	0.0	0.0	0.0	0.0	0.0	0.0	0.0	0.0	0.0	0.0	0.0	0.0	0.0	0.0	0.08774247665147407	0.03483115228799397	0.03440158701362258	0.035530465342708394
0.0	7.208610058566573e-6	7.213365195871753e-6	0.0	0.0	0.0	0.0	0.0	0.0	0.0	0.0	0.0	0.0	0.0	0.0	0.0	0.0	0.0	0.0	0.0	0.0	0.03375161832237625	0.034753524438979416	0.040376665620034356
0.0	7.220320824690872e-6	7.221981183957288e-6	7.221982228800537e-6	7.220537710419866e-6	0.37283120991576274	1.0166638607902865e-8	0.18743549817271912	7.22058493450486e-6	7.222419279763665e-6	7.226101303766633e-6	7.221839353797584e-6	0.13847204529765764	0.08571464305285326	0.08709468285427041	0.0	0.0	0.0	0.0	0.0	0.0	0.0	0.0	0.0
0.0	0.0	0.0	0.0	0.0	0.0	0.0	0.0	0.0	0.0	0.0	0.0	0.0	0.0	0.0	0.08932052441607324	7.222637145033869e-6	7.223098384162791e-6	7.22356681667161e-6	7.221741748882548e-6	0.0899083770742874	0.03468597636881893	0.03609183338282183	0.04179907231231361
0.0	0.0	0.0	0.0	0.0	0.0	0.0	0.0	0.0	0.0	0.0	0.0	0.14372735607955206	0.0835362692699606	0.07373339488944551	0.08392949063745372	7.2200252595388745e-6	7.221906640259793e-6	7.2223706832341954e-6	7.221483998367606e-6	0.0	0.0	0.0	0.0
0.0	0.0	0.0	0.0	0.0	0.0	1.6431400838228402e-8	3.2651535907285022e-9	7.222220647485939e-6	0.0	0.0	0.0	0.0	0.0	0.0	0.0	0.0	0.0	0.0	0.0	7.216624900197207e-12	0.03319598035752814	0.032530363576683	2.1205726536487134e-9
0.0	0.0	0.0	0.0	0.0	0.0	0.0	0.0	0.0	0.0	0.0	0.0	0.0	0.0	0.0	0.0	0.0	0.0	0.0	0.0	0.0	0.0	0.0	0.0
0.0	0.0	0.0	0.0	0.0	7.208403915894863e-12	0.0	0.0	0.0	0.0	0.0	0.0	0.0	0.0	0.0	0.0	0.0	0.0	0.0	0.0	7.218621138951351e-12	0.0	0.0	0.0
0.0	0.0	0.0	0.0	0.0	0.0	0.0	0.0	0.0	0.0	0.0	0.0	0.0	0.0	0.0	0.0	0.0	0.0	0.0	0.0	0.0	0.0	0.0	0.0
0.0	0.0	0.0	0.0	0.0	0.0	0.1705203201795947	0.15628476045731296	7.214336101888578e-6	7.224731986870867e-6	0.0	0.0	0.0	0.0	0.0	0.0	0.0	0.0	0.0	0.0	0.0	0.035078026268554684	0.03474107452526203	0.04037743713188903
0.0	0.0	0.0	0.0	0.0	0.0	0.0	0.0	0.0	0.0	0.0	0.0	0.0	0.0	0.0	0.0	0.0	0.0	0.0	0.0	0.0	0.0351688926158016	0.0347185670088648	0.040376192686372714
0.0	0.0	0.0	0.0	0.0	0.0	0.0	0.0	0.0	0.0	0.0	0.0	0.0	0.08401486795159804	0.07996505703751544	0.08326620287216056	7.21884586155411e-6	7.220127557731686e-6	7.22058499503294e-6	7.2180478304791854e-6	0.08473901998715153	0.034342105489402835	0.03582629931390343	0.0
0.0	0.0	0.0	0.0	0.0	0.0	0.1705203201795947	0.15628476045731296	7.214336101888578e-6	0.0	0.0	0.0	0.0	0.0	0.0	0.0	0.0	0.0	0.0	0.0	0.0	0.035078026268554684	0.03474107452526203	0.04037743713188903
0.0	0.0	0.0	0.0	0.0	7.209568902537881e-12	0.0	0.0	0.0	0.0	0.0	0.0	0.0	0.0	0.0	0.0	0.0	0.0	0.0	0.0	0.0	0.0	0.0	0.0
0.0	0.0	0.0	0.0	0.0	0.0	0.0	0.0	0.0	0.0	0.0	0.0	0.0	0.0	0.0	0.0	0.0	0.0	0.0	0.0	0.0893254820429739	0.03528440684397633	0.035115594728107914	0.03360101402202016
0.0	7.2148526909998015e-6	7.218332377910593e-6	0.0	0.0	0.0	0.0	0.0	0.0	0.0	0.0	0.0	0.0	0.0	0.0	0.0	0.0	0.0	0.0	0.0	0.08774309304433744	0.03482854538498516	0.034381618994833454	0.035491829735262936
0.0	0.0	0.0	0.0	0.0	0.0	0.0	0.0	0.0	0.0	0.0	0.0	0.0	0.0	0.0	0.0	0.0	0.0	0.0	0.0	0.0	0.0	0.0	0.0
0.0	0.0	0.0	0.0	0.0	7.208522742048147e-12	0.0	0.0	0.0	0.0	0.0	0.0	0.0	0.0	0.0	0.0	0.0	0.0	0.0	0.0	0.0	0.0	0.0	0.0
0.0	0.0	0.0	0.0	0.0	0.0	0.0	0.0	0.0	0.0	0.0	0.0	0.3295209415510851	0.08522265335717506	0.08105358074675145	0.08302830486403412	7.219279433166967e-6	7.221525341932463e-6	7.2219879340705605e-6	7.219312822842215e-6	0.08641368484053864	0.0277242116749824	0.03475211495467005	0.042627527564330144
0.0	0.0	0.0	0.0	0.0	0.0	0.0	0.0	0.0	0.0	0.0	0.0	0.0	0.085149829373487	0.08188973971008687	0.08250047586064585	7.2197241448054665e-6	7.221525365375841e-6	7.221987978227838e-6	7.2193553553207305e-6	0.08621538579619512	0.03443945208710747	0.035908875086940184	0.04262725458911488
0.0	0.0	0.0	0.0	0.0	0.0	0.0	0.0	0.0	0.0	0.0	0.0	0.0	0.08522265335717497	0.08105358074675148	0.0830283048640341	7.219279433166967e-6	7.221525341932463e-6	7.2219879340705605e-6	7.219312822842215e-6	0.08641368484053875	0.027724211674982263	0.03475211495466984	0.04262752756432944
0.0	0.0	0.0	0.0	0.0	0.0	0.0	0.0	0.0	0.0	0.0	0.0	0.0	0.0	0.0	0.0	0.0	0.0	0.0	0.0	0.0	0.0	0.0	0.0
0.0	0.0	0.0	0.0	0.0	0.0	0.1705203201795947	0.15628476045731296	7.214336101888578e-6	0.0	0.0	0.0	0.0	0.0	0.0	0.0	0.0	0.0	0.0	0.0	0.0	0.035078026268554684	0.03474107452526203	0.04037743713188903
0.0	0.0	0.0	0.0	0.0	0.0	0.0	0.0	0.0	0.0	0.0	0.0	0.0	0.0	0.0	0.0	0.0	0.0	0.0	0.0	0.0	0.0351688926158016	0.0347185670088648	0.040376192686372714
0.0	0.0	0.0	0.0	0.0	0.0	0.0	0.0	0.0	0.0	0.0	0.0	0.0	0.0	0.0	0.0	0.0	0.0	0.0	0.0	0.0	0.0	0.0	0.0
0.0	0.0	0.0	0.0	0.0	7.2085227297813685e-12	0.0	0.0	0.0	0.0	0.0	0.0	0.0	0.0	0.0	0.0	0.0	0.0	0.0	0.0	0.0	0.029308838581958752	0.028123075815655617	2.320377839838383e-9
0.0	0.0	0.0	0.0	0.0	0.75	0.1705203201795947	0.15628476045731296	7.214336101888578e-6	0.0	0.0	0.0	0.0	0.0	0.0	0.0	0.0	0.0	0.0	0.0	0.0	0.035078026268554684	0.03474107452526203	0.04037743713188903
0.0	0.0	0.0	0.0	0.0	0.0	0.0	0.0	0.0	0.0	0.0	0.0	0.0	0.0	0.0	0.0	0.0	0.0	0.0	0.0	0.0	0.0351688926158016	0.0347185670088648	0.040376192686372714
0.0	0.0	0.0	0.0	0.0	0.7060252919528569	0.1705203201795947	0.15628476045731296	7.214336101888578e-6	0.0	0.0	0.0	0.0	0.0	0.0	0.0	0.0	0.0	0.0	0.0	0.0	0.035078026268554684	0.03474107452526203	0.04037743713188903
0.0	0.0	0.0	0.0	0.0	7.209591655489967e-12	0.013242838475012286	0.0	0.0	0.0	0.0	0.0	0.0	0.0	0.09598984999485065	0.09634030563506338	0.0	0.0	0.0	0.0	0.0	0.02934741988479966	0.028121518807385084	2.4366687949098193e-9
 
list 11: sr⁻
0.0	0.0	0.0	0.0	0.0	7.192111432227752e-6	0.0	0.0	0.0	0.0	0.0	0.0	0.0	0.0	0.0	0.0	0.0	0.0	0.0	0.0	0.0	0.0	0.0	0.0
0.0	0.0	0.0	0.0	0.0	7.192111432227752e-6	0.0	0.0	0.0	0.0	0.0	0.0	0.0	0.0	0.0	0.0	0.0	0.0	0.0	0.0	0.0	0.0	0.0	0.0
0.0	0.0	0.0	0.0	0.0	7.192111432227752e-6	0.0	0.0	0.0	0.0	0.0	0.0	0.0	0.0	0.0	0.0	0.0	0.0	0.0	0.0	7.192111983848567e-6	0.0	0.0	0.0
0.0	0.0	0.0	0.0	0.0	0.0	0.0	0.0	0.0	0.0	0.0	0.0	0.0	7.211234096918631e-6	7.218174348752691e-6	7.218214734073646e-6	6.764241761472744e-6	7.507089228443113e-9	7.523343559297133e-9	0.022467424231099747	7.218272105258164e-6	7.218212077737883e-6	7.211273190278365e-6	0.0
0.0	0.0	0.0	0.0	0.0	0.0	0.0	0.0	0.0	0.0	0.0	0.0	0.0	7.210848017982123e-6	7.212476622535857e-6	7.217595175961476e-6	6.762755201719086e-6	6.247876597339987e-9	6.261579980427734e-9	0.022305371393028815	7.218214200236457e-6	7.219043664810306e-6	7.214236785257487e-6	7.2182517923930585e-6
0.0	0.0	0.0	0.0	0.0	0.0	0.0	0.0	0.0	0.0	0.0	0.0	0.0	0.0	0.0	0.0	0.0	0.0	0.0	0.0	0.0	0.0	0.0	0.0
0.0	0.0177059005724321	0.014903667669508628	0.0	0.0	0.0	0.0	0.0	0.0	0.0	0.0	0.0	0.0	0.0	0.0	0.0	0.0	0.0	0.0	0.0	0.0	7.183987944469304e-6	2.4078817616459394e-8	7.184024472127806e-6
0.0	0.0	0.0	0.0	0.0	7.192111432227752e-6	0.0	0.0	0.0	0.0	0.0	0.0	0.0	0.0	0.0	0.0	0.0	0.0	0.0	0.0	0.0	0.0	0.0	0.0
0.0	0.0	0.0	0.0	0.0	7.192111432227752e-6	0.0	0.0	0.0	0.0	0.0	0.0	0.0	0.0	0.0	0.0	0.0	0.0	0.0	0.0	0.0	0.0	0.0	0.0
0.0	0.0	0.0	0.0	0.0	0.0	0.0	0.0	0.0	0.0	0.0	0.0	0.0	7.2112342791076384e-6	7.218174499633084e-6	7.218214785691536e-6	6.76424146877643e-6	7.58274855593211e-9	6.64922966480337e-9	1.081963850922865e-11	0.0	0.0	0.0	0.0
0.0	0.0	0.0	0.0	0.0	0.0	0.0	0.0	0.0	0.0	0.0	0.0	7.213217984715077e-6	7.2155331424752405e-6	7.2123499595873894e-6	7.2188525587013955e-6	6.7644916919335114e-6	6.251880513761147e-9	6.254856059360154e-9	0.02267444774628288	7.219144001165199e-6	7.219547947941835e-6	7.21457575222136e-6	7.219246026971189e-6
0.0	0.0	0.0	0.0	0.0	0.0	0.0	0.0	0.0	0.0	0.0	0.0	0.0	0.0	0.0	0.0	0.0	0.0	0.0	0.0	0.0	0.0	0.0	0.0
0.0	0.0	0.0	0.0	0.0	0.0	0.0	0.0	0.0	0.0	0.0	0.0	0.0	0.0	0.0	0.0	0.0	0.0	0.0	0.0	0.0	0.0	0.0	0.0
0.0	0.0	0.0	0.0	0.0	0.0	0.0	0.0	0.0	0.0	0.0	0.0	0.0	0.0	0.0	0.0	0.0	0.0	0.0	0.0	0.0	7.183987789145308e-6	2.3583644246353643e-8	7.184024468858937e-6
0.0	0.0	0.0	0.0	0.0	0.0	0.0	0.0	0.0	0.0	0.0	0.0	0.0	0.0	0.0	0.0	0.0	0.0	0.0	0.0	0.0	0.0	0.0	0.0
0.0	0.01770590088385788	0.014903299583100198	1.2981977436831868e-7	7.1849691160358244e-6	7.204468847224412e-6	7.211288044758749e-6	7.2043605417455685e-6	7.184271887412789e-6	0.0	0.0	0.0	0.0	0.0	0.0	0.0	0.0	0.0	0.0	0.0	0.0	7.183987944469304e-6	2.4078817616459394e-8	7.184024472127806e-6
0.0	0.0	0.0	0.0	0.0	0.0	0.0	0.0	0.0	0.0	0.0	0.0	0.0	0.0	0.0	0.0	0.0	0.0	0.0	0.0	0.0	0.0	0.0	0.0
0.0	0.0	0.0	0.0	0.0	0.0	0.0	0.0	0.0	0.0	0.0	0.0	0.0	0.0	0.0	0.0	0.0	0.0	0.0	0.0	0.0	0.0	0.0	0.0
0.0	0.0	0.0	0.0	0.0	0.0	0.0	0.0	0.0	0.0	0.0	0.0	0.0	0.0	0.0	0.0	0.0	0.0	0.0	0.0	0.0	7.183987789145308e-6	2.3583644246353643e-8	7.184024468858937e-6
0.0	0.0	0.0	0.0	0.0	0.0	0.0	0.0	0.0	0.0	0.0	0.0	7.208469454497279e-6	7.216779464251275e-6	7.2194644942796685e-6	7.216821421614857e-6	6.761734414825163e-6	6.76582693071112e-9	8.503283361000414e-9	0.02185285569505731	7.216881197504824e-6	7.219604448226863e-6	7.216830647855071e-6	7.219643696571238e-6
0.0	0.0	0.0	0.0	0.0	0.0	0.0	0.0	0.0	0.0	0.0	0.0	7.2084694128825635e-6	3.962308213418748e-8	5.662794679970494e-8	7.208506637916491e-6	1.6199458279189992e-8	5.3888543167340964e-9	5.388856203723021e-9	2.1058505325465456e-8	7.208561592280142e-6	7.216820127512445e-6	7.208508025323282e-6	7.216860286325785e-6
0.0	0.0	0.0	0.0	0.0	0.0	0.0	0.0	0.0	0.0	0.0	0.0	0.0	0.0	0.0	0.0	0.0	0.0	0.0	0.0	0.0	7.183987789145308e-6	2.3583644246353643e-8	7.184024468858937e-6
0.0	0.017692320287039678	0.012524245964606032	0.0	0.0	0.0	0.0	0.0	0.0	0.0	0.0	0.0	0.0	0.0	0.0	0.0	0.0	0.0	0.0	0.0	0.0	7.183987944469304e-6	2.4078817616459394e-8	7.184024472127806e-6
0.0	0.0	0.0	0.0	0.0	0.0	0.0	0.0	0.0	0.0	0.0	0.0	7.204330385718696e-6	3.9623009502856716e-8	5.6702117070635535e-8	7.204368816676548e-6	1.6388335962449126e-8	5.388853784619793e-9	5.388855672138484e-9	2.1558784764326452e-8	7.204423196124107e-6	7.214734649963004e-6	7.204367940788752e-6	7.2147748793458715e-6
0.21315440003007244	0.0	0.0	0.0	0.0	0.0	0.0	0.0	0.0	0.0	0.0	0.0	0.0	0.0	0.0	0.0	0.0	0.0	0.0	0.0	7.204413874195353e-6	7.214737190193617e-6	7.214742518659475e-6	7.218250186884472e-6
0.0	0.017716366041896695	0.013771065579932363	0.0	0.0	0.0	0.0	0.0	0.0	0.0	0.0	0.0	0.0	0.0	0.0	0.0	0.0	0.0	0.0	0.0	0.0	7.183987944469304e-6	2.4078817616459394e-8	7.184024472127806e-6
0.0	0.008972683094770534	0.016132930672294467	0.0	0.0	0.0	0.0	0.0	0.0	0.0	0.0	0.0	0.0	0.0	0.0	0.0	0.0	0.0	0.0	0.0	0.0	7.215233623008503e-6	7.220208757449643e-6	7.221898458674284e-6
0.0	0.0	0.0	0.0	0.0	0.0	0.0	0.0	0.0	0.0	0.0	0.0	0.0	0.0	0.0	7.21523597883736e-6	6.251682770367896e-9	6.251842765800851e-9	7.387487139574147e-9	0.02308269150644271	7.2202614527904635e-6	7.221858706562092e-6	7.22020908823051e-6	7.221898522051756e-6
0.0	0.0	0.0	0.0	0.0	0.0	0.0	0.0	0.0	0.0	0.0	0.0	7.211237391078497e-6	7.218178571086328e-6	7.2204939549869954e-6	7.218214962155089e-6	6.764241236985606e-6	7.841519641461122e-9	8.848537749260268e-9	0.022400225001554565	7.218272640344679e-6	7.220532412346688e-6	7.218220558514836e-6	7.218251799850201e-6
0.0	0.0	0.0	0.0	0.0	0.0	7.208515663202435e-6	7.208500599428314e-6	0.0	0.0	0.0	0.0	0.0	0.0	0.0	0.0	0.0	0.0	0.0	0.0	7.208555729685878e-6	2.9630632465197347e-6	1.024083737505659e-8	7.208535551092598e-6
0.0	0.0	0.0	0.0	0.0	0.0	0.0	0.0	0.0	0.0	0.0	0.0	0.0	0.0	0.0	0.0	0.0	0.0	0.0	0.0	0.0	0.0	0.0	0.0
0.0	0.0	0.0	0.0	0.0	7.192111432227752e-6	0.0	0.0	0.0	0.0	0.0	0.0	0.0	0.0	0.0	0.0	0.0	0.0	0.0	0.0	7.192111983848567e-6	0.0	0.0	0.0
0.0	0.0	0.0	0.0	0.0	0.0	0.0	0.0	0.0	0.0	0.0	0.0	0.0	0.0	0.0	0.0	0.0	0.0	0.0	0.0	0.0	0.0	0.0	0.0
0.0	0.0	0.0	0.0	0.0	0.0	7.184002584493306e-6	7.18495739455852e-6	4.145820417936815e-6	0.0	0.0	0.0	0.0	0.0	0.0	0.0	0.0	0.0	0.0	0.0	0.0	6.981786193044565e-6	1.0310136197535767e-8	7.184024206985298e-6
0.0	0.0	0.0	0.0	0.0	0.0	0.0	0.0	0.0	0.0	0.0	0.0	0.0	0.0	0.0	0.0	0.0	0.0	0.0	0.0	0.0	2.1116814733749388e-8	6.913823855973113e-9	7.184023918445706e-6
0.0	0.0	0.0	0.0	0.0	0.0	0.0	0.0	0.0	0.0	0.0	0.0	0.0	7.203323837805752e-6	7.186899678957698e-6	7.214885553382864e-6	6.743786264111246e-6	6.24068572177904e-9	6.24069511956618e-9	0.021164434943691336	7.216402198892131e-6	7.2154795302290875e-6	7.193501209258406e-6	0.0
0.0	0.0	0.0	0.0	0.0	0.0	7.184002584493306e-6	7.18495739455852e-6	4.145820417936815e-6	0.0	0.0	0.0	0.0	0.0	0.0	0.0	0.0	0.0	0.0	0.0	0.0	6.981786193044565e-6	1.0310136197535767e-8	7.184024206985298e-6
0.0	0.0	0.0	0.0	0.0	7.1840423764171855e-6	0.0	0.0	0.0	0.0	0.0	0.0	0.0	0.0	0.0	0.0	0.0	0.0	0.0	0.0	0.0	0.0	0.0	0.0
0.0	0.0	0.0	0.0	0.0	0.0	0.0	0.0	0.0	0.0	0.0	0.0	0.0	0.0	0.0	0.0	0.0	0.0	0.0	0.0	7.211325590239471e-6	7.218212942128365e-6	7.217978017663609e-6	7.220465151749423e-6
0.0	0.014565916168085943	0.015812834476115544	0.05544180359846666	7.216706579175804e-6	7.218720969171216e-6	7.2196254559434795e-6	7.217581689447812e-6	7.213612669976547e-6	7.197770414987684e-6	7.204289315967038e-6	7.214848315786611e-6	7.218169987574172e-6	7.214700757033742e-6	7.204322211776053e-6	0.0	0.0	0.0	0.0	0.0	0.0	0.0	0.0	0.0
0.0	0.0	0.0	0.0	0.0	0.0	0.0	0.0	0.0	0.0	0.0	0.0	0.0	0.0	0.0	0.0	0.0	0.0	0.0	0.0	0.0	0.0	0.0	0.0
0.0	0.0	0.0	0.0	0.0	7.1975528654850745e-6	0.0	0.0	0.0	0.0	0.0	0.0	0.0	0.0	0.0	0.0	0.0	0.0	0.0	0.0	0.0	0.0	0.0	0.0
0.0	0.0	0.0	0.0	0.0	0.0	0.0	0.0	0.0	0.0	0.0	0.0	0.0	7.2112342791076384e-6	7.218174499633084e-6	7.218214785691536e-6	6.76424146877643e-6	7.58274855593211e-9	6.64922966480337e-9	1.081963850922865e-11	0.0	0.0	0.0	0.0
0.0	0.0	0.0	0.0	0.0	0.0	0.0	0.0	0.0	0.0	0.0	0.0	0.0	7.210848017982123e-6	7.212476622535857e-6	7.217595175961584e-6	6.762755201719086e-6	6.247876597339987e-9	6.261579980427628e-9	0.02230537139302732	7.218214200236457e-6	7.219043664810306e-6	7.214236785257487e-6	7.2182517923930585e-6
0.0	0.0	0.0	0.0	0.0	0.0	0.0	0.0	0.0	0.0	0.0	0.0	0.0	7.2112342791076384e-6	7.218174499633084e-6	7.218214785691536e-6	6.76424146877643e-6	7.58274855593211e-9	6.64922966480337e-9	1.081963850922865e-11	0.0	0.0	0.0	0.0
0.0	0.0	0.0	0.0	0.0	0.0	0.0	0.0	0.0	0.0	0.0	0.0	0.0	0.0	0.0	0.0	0.0	0.0	0.0	0.0	0.0	0.0	0.0	0.0
0.0	0.0	0.0	0.0	0.0	0.0	7.184002584493306e-6	7.18495739455852e-6	4.145820417936815e-6	0.0	0.0	0.0	0.0	0.0	0.0	0.0	0.0	0.0	0.0	0.0	0.0	6.981786193044565e-6	1.0310136197535767e-8	7.184024206985298e-6
0.0	0.0	0.0	0.0	0.0	0.0	0.0	0.0	0.0	0.0	0.0	0.0	0.0	0.0	0.0	0.0	0.0	0.0	0.0	0.0	0.0	2.1116814733749388e-8	6.913823855973113e-9	7.184023918445706e-6
0.0	0.0	0.0	0.0	0.0	0.0	0.0	0.0	0.0	0.0	0.0	0.0	0.0	0.0	0.0	0.0	0.0	0.0	0.0	0.0	0.0	0.0	0.0	0.0
0.0	0.0	0.0	0.0	0.0	7.192111432227752e-6	0.0	0.0	0.0	0.0	0.0	0.0	0.0	0.0	0.0	0.0	0.0	0.0	0.0	0.0	0.0	3.1149648207044185e-8	7.728907983194959e-9	7.192091764212814e-6
0.0	0.0	0.0	0.0	0.0	0.0	7.184002584493306e-6	7.18495739455852e-6	4.145820417936815e-6	0.0	0.0	0.0	0.0	0.0	0.0	0.0	0.0	0.0	0.0	0.0	0.0	6.981786193044565e-6	1.0310136197535767e-8	7.184024206985298e-6
0.0	0.0	0.0	0.0	0.0	0.0	0.0	0.0	0.0	0.0	0.0	0.0	0.0	0.0	0.0	0.0	0.0	0.0	0.0	0.0	0.0	2.1116814733749388e-8	6.913823855973113e-9	7.184023918445706e-6
0.0	0.0	0.0	0.0	0.0	0.0	7.184002584493306e-6	7.18495739455852e-6	4.145820417936815e-6	0.0	0.0	0.0	0.0	0.0	0.0	0.0	0.0	0.0	0.0	0.0	0.0	6.981786193044565e-6	1.0310136197535767e-8	7.184024206985298e-6
0.0	0.0	0.0	0.0	0.0	7.19211143222309e-6	7.150411168839574e-6	0.0	0.0	0.0	0.0	0.0	0.0	0.0	0.0	0.0	0.0	0.0	0.0	0.0	0.0	2.1116662861984542e-8	6.9138457950460074e-9	7.192091638336833e-6
0.0	0.0	0.0	0.0	0.0	7.192111432227752e-6	0.0	0.0	0.0	0.0	0.0	0.0	0.0	0.0	0.0	0.0	0.0	0.0	0.0	0.0	0.0	0.0	0.0	0.0
0.0	0.0	0.0	0.0	0.0	7.192111432227752e-6	0.0	0.0	0.0	0.0	0.0	0.0	0.0	0.0	0.0	0.0	0.0	0.0	0.0	0.0	0.0	0.0	0.0	0.0
0.0	0.0	0.0	0.0	0.0	7.192111432227752e-6	0.0	0.0	0.0	0.0	0.0	0.0	0.0	0.0	0.0	0.0	0.0	0.0	0.0	0.0	7.192111983845965e-6	3.270225239485821e-8	7.821040404122424e-9	7.1920917774999284e-6
0.0	0.0	0.0	0.0	0.0	0.0	0.0	0.0	0.0	6.629710405005052e-9	7.2032448153015e-6	7.212545314022492e-6	7.218477043078133e-6	7.218176978038694e-6	7.211231658089869e-6	0.0	0.0	0.0	0.0	0.0	0.0	0.0	0.0	0.0
0.0	0.0	0.0	0.0	0.0	0.0	0.0	0.0	0.0	0.0	0.0	0.0	0.0	0.0	0.0	0.0	0.0	0.0	0.0	0.0	7.211325590239471e-6	7.218212942128365e-6	7.217978017663609e-6	7.220465151749423e-6
0.0	0.0	0.0	0.0	0.0	0.0	0.0	0.0	0.0	0.0	0.0	0.0	0.0	0.0	0.0	0.0	0.0	0.0	0.0	0.0	0.0	0.0	0.0	0.0
0.0	0.0177059005724321	0.014903667669508628	0.0	0.0	0.0	0.0	0.0	0.0	0.0	0.0	0.0	0.0	0.0	0.0	0.0	0.0	0.0	0.0	0.0	0.0	7.183987944469304e-6	2.4078817616459394e-8	7.184024472127806e-6
0.0	0.0	0.0	0.0	0.0	7.192111432227752e-6	0.0	0.0	0.0	0.0	0.0	0.0	0.0	0.0	0.0	0.0	0.0	0.0	0.0	0.0	7.192111983848567e-6	0.0	0.0	0.0
0.0	0.0	0.0	0.0	0.0	7.192111432227752e-6	0.0	0.0	0.0	0.0	0.0	0.0	0.0	0.0	0.0	0.0	0.0	0.0	0.0	0.0	7.192111983848567e-6	0.0	0.0	0.0
0.0	0.0	0.0	0.0	0.0	0.0	0.0	0.0	0.0	0.0	0.0	0.0	0.0	7.2112342791076384e-6	7.218174499633084e-6	7.218214785691536e-6	6.76424146877643e-6	7.582748555932004e-9	6.649229664803264e-9	1.081963850922865e-11	0.0	0.0	0.0	0.0
0.0	0.0	0.0	0.0	0.0	0.0	0.0	0.0	0.0	0.0	0.0	0.0	7.21321798471486e-6	7.215533142458869e-6	7.212349958977634e-6	7.2188525587517025e-6	6.764491702633177e-6	6.251880513723031e-9	6.251838985835009e-9	1.0818519534301858e-11	0.0	0.0	0.0	0.0
0.0	0.0	0.0	0.0	0.0	0.0	0.0	0.0	0.0	0.0	0.0	0.0	0.0	0.0	0.0	0.0	0.0	0.0	0.0	0.0	0.0	0.0	0.0	0.0
0.0	0.0	0.0	0.0	0.0	0.0	0.0	0.0	0.0	0.0	0.0	0.0	0.0	0.0	0.0	0.0	0.0	0.0	0.0	0.0	0.0	0.0	0.0	0.0
0.0	0.0	0.0	0.0	0.0	0.0	0.0	0.0	0.0	0.0	0.0	0.0	0.0	0.0	0.0	0.0	0.0	0.0	0.0	0.0	0.0	7.183987789145308e-6	2.3583644246353643e-8	7.184024468858937e-6
0.0	0.0	0.0	0.0	0.0	0.0	0.0	0.0	0.0	0.0	0.0	0.0	0.0	0.0	0.0	0.0	0.0	0.0	0.0	0.0	0.0	0.0	0.0	0.0
0.0	0.017692320287039678	0.012524245964606032	0.0	0.0	0.0	0.0	0.0	0.0	0.0	0.0	0.0	0.0	0.0	0.0	0.0	0.0	0.0	0.0	0.0	0.0	7.183987944469304e-6	2.4078817616459394e-8	7.184024472127806e-6
0.0	0.0	0.0	0.0	0.0	0.0	0.0	0.0	0.0	0.0	0.0	0.0	0.0	0.0	0.0	0.0	0.0	0.0	0.0	0.0	0.0	0.0	0.0	0.0
0.0	0.0	0.0	0.0	0.0	0.0	0.0	0.0	0.0	0.0	0.0	0.0	0.0	0.0	0.0	0.0	0.0	0.0	0.0	0.0	0.0	0.0	0.0	0.0
0.0	0.0	0.0	0.0	0.0	0.0	0.0	0.0	0.0	0.0	0.0	0.0	0.0	0.0	0.0	0.0	0.0	0.0	0.0	0.0	0.0	7.183987789145308e-6	2.3583644246353643e-8	7.184024468858937e-6
0.0	0.0	0.0	0.0	0.0	0.0	0.0	0.0	0.0	0.0	0.0	0.0	7.208469454494351e-6	7.2167794641832955e-6	7.219464494158888e-6	7.216821421164588e-6	6.761734433469863e-6	6.765826879668174e-9	6.48024898343224e-9	1.081917944175766e-11	0.0	0.0	0.0	0.0
0.0	0.0	0.0	0.0	0.0	0.0	0.0	0.0	0.0	0.0	0.0	0.0	7.2084694128825635e-6	3.9623082134187055e-8	5.662794679771272e-8	7.208506637916491e-6	1.6199458279353258e-8	5.3888543167340964e-9	5.388856203723074e-9	2.105850532551755e-8	7.208561592280142e-6	7.216820127512445e-6	7.208508025323282e-6	7.216860286325785e-6
0.0	0.0	0.0	0.0	0.0	0.0	0.0	0.0	0.0	0.0	0.0	0.0	0.0	0.0	0.0	0.0	0.0	0.0	0.0	0.0	0.0	7.183987789145308e-6	2.3583644246353643e-8	7.184024468858937e-6
0.0	0.017692320287039678	0.012524245964606032	0.0	0.0	0.0	0.0	0.0	0.0	0.0	0.0	0.0	0.0	0.0	0.0	0.0	0.0	0.0	0.0	0.0	0.0	7.183987944469304e-6	2.4078817616459394e-8	7.184024472127806e-6
0.0	0.007828481907956975	0.0	0.0	0.0	0.0	0.0	0.0	0.0	0.0	0.0	0.0	7.204330385718696e-6	3.9623009502856716e-8	5.6702117070587254e-8	7.204368816676548e-6	1.6388335962452937e-8	5.388853784619793e-9	5.388855672138537e-9	2.155878476432158e-8	7.204423196124107e-6	7.214734649963004e-6	7.204367940788752e-6	7.2147748793458715e-6
0.0	0.0	0.0	0.0	0.0	0.0	0.0	0.0	0.0	0.0	0.0	0.0	0.0	0.0	0.0	0.0	0.0	0.0	0.0	0.0	7.204413874195353e-6	7.214737190193617e-6	7.214742518659475e-6	7.218250186884472e-6
0.0	0.017692320287039678	0.012524245964606032	0.0	0.0	0.0	0.0	0.0	0.0	0.0	0.0	0.0	0.0	0.0	0.0	0.0	0.0	0.0	0.0	0.0	0.0	7.183987944469304e-6	2.4078817616459394e-8	7.184024472127806e-6
0.0	0.008972426902339757	0.016132865913621734	0.06070251990806033	7.220702203739331e-6	7.221695107827489e-6	7.2225847566975785e-6	7.221634603125221e-6	7.2200592165537e-6	7.213199702037622e-6	7.193265400481171e-6	7.217707189552695e-6	7.220830167673051e-6	7.22016587612344e-6	7.215197043413898e-6	0.0	0.0	0.0	0.0	0.0	0.0	0.0	0.0	0.0
0.0	0.0	0.0	0.0	0.0	0.0	0.0	0.0	0.0	0.0	0.0	0.0	0.0	0.0	0.0	7.21523597883736e-6	6.251682770368002e-9	6.251842765800851e-9	7.3874871404522024e-9	0.023082691506442692	7.2202614527904635e-6	7.221858706562092e-6	7.22020908823051e-6	7.221898522051756e-6
0.0	0.0	0.0	0.0	0.0	0.0	0.0	0.0	0.0	0.0	0.0	0.0	7.211237391077955e-6	7.2181785710761365e-6	7.220493954965962e-6	7.218214962055559e-6	6.764241241979008e-6	7.841519669604745e-9	6.657072056092958e-9	1.0819659249778209e-11	0.0	0.0	0.0	0.0
0.0	0.0	0.0	0.0	0.0	0.0	7.208515663202435e-6	7.208500599428314e-6	0.0	0.0	0.0	0.0	0.0	0.0	0.0	0.0	0.0	0.0	0.0	0.0	7.208555729685878e-6	2.9630632465197347e-6	1.024083737505659e-8	7.208535551092598e-6
0.0	0.0	0.0	0.0	0.0	0.0	0.0	0.0	0.0	0.0	0.0	0.0	0.0	0.0	0.0	0.0	0.0	0.0	0.0	0.0	0.0	0.0	0.0	0.0
0.0	0.0	0.0	0.0	0.0	7.192111432227752e-6	0.0	0.0	0.0	0.0	0.0	0.0	0.0	0.0	0.0	0.0	0.0	0.0	0.0	0.0	7.192111983848567e-6	0.0	0.0	0.0
0.0	0.0	0.0	0.0	0.0	0.0	0.0	0.0	0.0	0.0	0.0	0.0	0.0	0.0	0.0	0.0	0.0	0.0	0.0	0.0	0.0	0.0	0.0	0.0
0.0	0.0	0.0	0.0	0.0	0.0	7.184002584493306e-6	7.18495739455852e-6	4.145820417936815e-6	0.0	0.0	0.0	0.0	0.0	0.0	0.0	0.0	0.0	0.0	0.0	0.0	6.981786193044565e-6	1.0310136197535767e-8	7.184024206985298e-6
0.0	0.0	0.0	0.0	0.0	0.0	0.0	0.0	0.0	0.0	0.0	0.0	0.0	0.0	0.0	0.0	0.0	0.0	0.0	0.0	0.0	2.1116814733749388e-8	6.913823855973113e-9	7.184023918445706e-6
0.0	0.0	0.0	0.0	0.0	0.0	0.0	0.0	0.0	0.0	0.0	0.0	0.0	7.203323837805752e-6	7.186899678957698e-6	7.214885553382864e-6	6.743786264111246e-6	6.24068572177904e-9	6.24069511956618e-9	0.021164434943691336	7.216402198892131e-6	7.2154795302290875e-6	7.193501209258406e-6	0.0
0.0	0.0	0.0	0.0	0.0	0.0	7.184002584493306e-6	7.18495739455852e-6	4.145820417936815e-6	0.0	0.0	0.0	0.0	0.0	0.0	0.0	0.0	0.0	0.0	0.0	0.0	6.981786193044565e-6	1.0310136197535767e-8	7.184024206985298e-6
0.0	0.0	0.0	0.0	0.0	7.1840423764171855e-6	0.0	0.0	0.0	0.0	0.0	0.0	0.0	0.0	0.0	0.0	0.0	0.0	0.0	0.0	0.0	0.0	0.0	0.0
0.0	0.0	0.0	0.0	0.0	0.0	0.0	0.0	0.0	0.0	0.0	0.0	0.0	0.0	0.0	0.0	0.0	0.0	0.0	0.0	7.211325590239471e-6	7.218212942128365e-6	7.217978017663609e-6	7.220465151749423e-6
0.0	0.014565995023830085	0.01581283758893009	0.0	0.0	0.0	0.0	0.0	0.0	0.0	0.0	0.0	0.0	0.0	0.0	0.0	0.0	0.0	0.0	0.0	7.204413874208689e-6	7.21473728094329e-6	7.214745345750359e-6	7.21825137750163e-6
0.0	0.0	0.0	0.0	0.0	0.0	0.0	0.0	0.0	0.0	0.0	0.0	0.0	0.0	0.0	0.0	0.0	0.0	0.0	0.0	0.0	0.0	0.0	0.0
0.0	0.0	0.0	0.0	0.0	7.1975528654850745e-6	0.0	0.0	0.0	0.0	0.0	0.0	0.0	0.0	0.0	0.0	0.0	0.0	0.0	0.0	0.0	0.0	0.0	0.0
0.0	0.0	0.0	0.0	0.0	0.0	0.0	0.0	0.0	0.0	0.0	0.0	0.0	7.211234279120107e-6	7.218174499666369e-6	7.218214785774911e-6	6.76424146318032e-6	7.582748556399566e-9	8.779687109367656e-9	0.022410495508454645	7.218272626838447e-6	7.220532399761811e-6	7.218220523830992e-6	7.218251799717386e-6
0.0	0.0	0.0	0.0	0.0	0.0	0.0	0.0	0.0	0.0	0.0	0.0	0.0	7.210848017982123e-6	7.212476622535857e-6	7.217595175961476e-6	6.762755201719086e-6	6.247876597339987e-9	6.261579980427628e-9	0.02230537139302711	7.218214200236457e-6	7.219043664810306e-6	7.214236785257487e-6	7.2182517923930585e-6
0.0	0.0	0.0	0.0	0.0	0.0	0.0	0.0	0.0	0.0	0.0	0.0	0.0	7.211234279120107e-6	7.218174499666369e-6	7.218214785774911e-6	6.76424146318032e-6	7.582748556399566e-9	8.779687109368185e-9	0.022410495508454656	7.218272626838447e-6	7.220532399761811e-6	7.218220523830992e-6	7.218251799717386e-6
0.0	0.0	0.0	0.0	0.0	0.0	0.0	0.0	0.0	0.0	0.0	0.0	0.0	0.0	0.0	0.0	0.0	0.0	0.0	0.0	0.0	0.0	0.0	0.0
0.0	0.0	0.0	0.0	0.0	0.0	7.184002584493306e-6	7.18495739455852e-6	4.145820417936815e-6	0.0	0.0	0.0	0.0	0.0	0.0	0.0	0.0	0.0	0.0	0.0	0.0	6.981786193044565e-6	1.0310136197535767e-8	7.184024206985298e-6
0.0	0.0	0.0	0.0	0.0	0.0	0.0	0.0	0.0	0.0	0.0	0.0	0.0	0.0	0.0	0.0	0.0	0.0	0.0	0.0	0.0	2.1116814733749388e-8	6.913823855973113e-9	7.184023918445706e-6
0.0	0.0	0.0	0.0	0.0	0.0	0.0	0.0	0.0	0.0	0.0	0.0	0.0	0.0	0.0	0.0	0.0	0.0	0.0	0.0	0.0	0.0	0.0	0.0
0.0	0.0	0.0	0.0	0.0	7.192111432227752e-6	0.0	0.0	0.0	0.0	0.0	0.0	0.0	0.0	0.0	0.0	0.0	0.0	0.0	0.0	0.0	3.1149648207044185e-8	7.728907983194959e-9	7.192091764212814e-6
0.0	0.0	0.0	0.0	0.0	0.0	7.184002584493306e-6	7.18495739455852e-6	4.145820417936815e-6	0.0	0.0	0.0	0.0	0.0	0.0	0.0	0.0	0.0	0.0	0.0	0.0	6.981786193044565e-6	1.0310136197535767e-8	7.184024206985298e-6
0.0	0.0	0.0	0.0	0.0	0.0	0.0	0.0	0.0	0.0	0.0	0.0	0.0	0.0	0.0	0.0	0.0	0.0	0.0	0.0	0.0	2.1116814733749388e-8	6.913823855973113e-9	7.184023918445706e-6
0.0	0.0	0.0	0.0	0.0	0.0	7.184002584493306e-6	7.18495739455852e-6	4.145820417936815e-6	0.0	0.0	0.0	0.0	0.0	0.0	0.0	0.0	0.0	0.0	0.0	0.0	6.981786193044565e-6	1.0310136197535767e-8	7.184024206985298e-6
0.0	0.0	0.0	0.0	0.0	7.19211143222309e-6	0.0	0.0	0.0	0.0	0.0	0.0	0.0	0.0	0.0	0.0	0.0	0.0	0.0	0.0	0.0	2.1116662861984542e-8	6.9138457950460074e-9	7.192091638336833e-6
